Delta,Time,CPU_FREQUENCY_0,CPU_FREQUENCY_1,CPU_FREQUENCY_10,CPU_FREQUENCY_11,CPU_FREQUENCY_2,CPU_FREQUENCY_3,CPU_FREQUENCY_4,CPU_FREQUENCY_5,CPU_FREQUENCY_6,CPU_FREQUENCY_7,CPU_FREQUENCY_8,CPU_FREQUENCY_9,CPU_USAGE_0,CPU_USAGE_1,CPU_USAGE_10,CPU_USAGE_11,CPU_USAGE_2,CPU_USAGE_3,CPU_USAGE_4,CPU_USAGE_5,CPU_USAGE_6,CPU_USAGE_7,CPU_USAGE_8,CPU_USAGE_9,DRAM_ENERGY (J),PACKAGE_ENERGY (J),PP0_ENERGY (J),PP1_ENERGY (J),PROCESS_CPU_USAGE,PROCESS_MEMORY,PROCESS_VIRTUAL_MEMORY,TOTAL_MEMORY,TOTAL_SWAP,USED_MEMORY,USED_SWAP
0,1737285959554,1400,900,923,1139,1313,927,1400,1326,1058,1403,884,830,0,0,0,0,0,0,0,0,0,0,0,0,0,59983.00457763672,126808.84838867188,192.32257080078125,0,0,335872,33210380288,8589930496,1249681408,0
200,1737285959554,1399,1387,1400,1399,1348,1400,1400,1399,1400,1399,1400,1400,0,0,0,0,0,0,0,0,0,0,0,0,0,59983.03137207031,126808.86236572266,192.32257080078125,0,0,335872,33210380288,8589930496,1249681408,0
200,1737285959755,2100,2022,400,400,1752,2100,1413,1365,400,1366,400,400,0,0,0,0,0,0,0,0,0,0,0,0,0,59984.48565673828,126809.47570800781,192.32257080078125,0,0,335872,33210380288,8589930496,1287872512,0
199,1737285959955,2099,1936,1345,1370,1976,1968,1361,1411,1312,1350,1055,1313,0,0,0,0,0,0,0,0,0,0,0,0,0,59985.91259765625,126809.9926147461,192.32257080078125,82.19178009033203,0,335872,33210380288,8589930496,1304387584,0
200,1737285960155,2100,498,400,1453,1128,2038,1425,1430,1444,1411,400,839,100,0,4.761904716491699,0,0,0,0,0,0,0,0,0,0,59987.33093261719,126810.50817871094,192.32257080078125,100,0,335872,33210380288,8589930496,1320902656,0
200,1737285960355,2100,1919,1417,1414,1876,2099,1500,1273,1500,1479,1341,1398,100,0,4.761904716491699,0,0,0,0,0,0,0,0,0,0,59988.77716064453,126811.02954101563,192.32257080078125,105.4393310546875,0,335872,33210380288,8589930496,1335623680,0
200,1737285960555,2099,1991,1421,1471,1984,1777,1451,1500,1500,1471,1407,1325,100,0,4.761904716491699,0,0,0,0,0,0,0,0,0,0,59990.221923828125,126811.50024414063,192.32257080078125,99.1735610961914,0,335872,33210380288,8589930496,1335377920,0
200,1737285960755,2100,587,1445,1392,1147,1969,1445,1388,1499,400,1295,1324,100,0,4.761904716491699,0,0,0,0,0,0,0,0,0,0,59991.68859863281,126812.03967285156,192.32257080078125,47.79874038696289,0,335872,33210380288,8589930496,1351892992,0
200,1737285960955,2099,2053,1463,1272,1998,1979,1321,1405,1353,400,1287,1330,100,0,4.761904716491699,0,0,0,0,0,0,0,0,0,0,59993.08630371094,126812.52368164063,192.32257080078125,52.8301887512207,0,335872,33210380288,8589930496,1368408064,0
200,1737285961156,2100,1946,1500,1457,2100,1944,1454,1457,1463,1386,1361,1465,100,1.6949152946472168,0,0,1.6393442153930664,1.6666667461395264,1.6393442153930664,1.6666667461395264,0,0,1.6666667461395264,1.6666667461395264,0,59994.60772705078,126813.06060791016,192.32257080078125,95,0,335872,33210380288,8589930496,1376665600,0
200,1737285961356,2100,1983,1447,1434,1824,2036,1446,1500,1433,1499,1469,1500,100,0,0,0,0,0,0,0,0,0,0,0,0,59995.981689453125,126813.53094482422,192.32257080078125,105.4393310546875,0,335872,33210380288,8589930496,1389891584,0
200,1737285961556,2100,1976,1404,1423,1810,2100,1485,1482,1425,1460,1499,1477,100,0,0,0,0,4.761904716491699,0,0,0,0,0,0,0,59997.48193359375,126814.07580566406,192.32257080078125,95.7983169555664,0,335872,33210380288,8589930496,1406193664,0
200,1737285961756,2100,1660,1500,1371,1448,1879,1461,1499,1457,400,1499,1499,100,0,0,4.761904716491699,0,0,0,0,0,0,0,0,0,59998.917907714844,126814.51654052734,192.32257080078125,100.41841125488281,0,335872,33210380288,8589930496,1406193664,0
200,1737285961956,2100,498,1144,1073,400,1897,1457,1499,1429,1432,400,1208,100,0,0,0,0,0,0,0,0,0,0,0,0,60000.28973388672,126815.07385253906,192.32257080078125,104.99999237060547,0,335872,33210380288,8589930496,1439223808,0
200,1737285962157,2100,1753,400,400,400,1855,400,1499,1285,1460,833,400,100,0,0,0,0,0,0,0,0,4.761904716491699,0,0,0,60001.75750732422,126815.53912353516,192.32257080078125,100.41841125488281,0,335872,33210380288,8589930496,1439223808,0
200,1737285962357,2100,487,1278,1457,1944,1615,1500,1135,1163,1500,1499,1406,100,0,0,0,0,0,0,0,4.761904716491699,0,0,0,0,60003.257263183594,126816.0219116211,192.32257080078125,100,0,335872,33210380288,8589930496,1436233728,0
199,1737285962557,2100,505,1331,1106,1911,1762,400,1385,400,1171,1387,1364,100,0,0,0,0,0,0,0,4.761904716491699,0,0,0,0,60004.63458251953,126816.4873046875,192.32257080078125,100.41841125488281,0,335872,33210380288,8589930496,1460944896,0
200,1737285962757,2100,1985,400,400,1703,1202,400,400,400,1004,400,400,100,0,0,4.761904716491699,0,0,0,0,0,5,5,0,0,60006.02062988281,126817.02508544922,192.32257080078125,99.58505249023438,0,335872,33210380288,8589930496,1493975040,0
199,1737285962957,2100,1878,1500,1448,1827,2100,1437,1397,1378,1215,1485,1499,100,0,0,4.761904716491699,0,0,0,0,0,5,5,0,0,60007.631591796875,126817.5756225586,192.32257080078125,50.10437774658203,0,335872,33210380288,8589930496,1493975040,0
200,1737285963157,2100,1811,1301,1387,2100,2100,1423,1346,1367,1320,1293,1350,100,0,0,0,3.278688430786133,0,1.6393442153930664,1.6393442153930664,1.6393442153930664,0,0,1.6666667461395264,0,60009.06573486328,126818.01300048828,192.32257080078125,50.10437774658203,0,335872,33210380288,8589930496,1493975040,0
200,1737285963358,2100,1909,1211,400,2100,2100,1322,1455,1461,1274,1118,1098,100,5,0,0,0,4.761904716491699,0,0,0,0,0,0,0,60010.409606933594,126818.46466064453,192.32257080078125,95,0,335872,33210380288,8589930496,1508032512,0
200,1737285963558,2100,520,1152,400,1089,1005,1391,1325,1247,1349,1257,1296,100,0,4.761904716491699,0,0,0,0,0,0,0,0,0,0,60011.804626464844,126819.0521850586,192.32257080078125,100.41841125488281,0,335872,33210380288,8589930496,1549320192,0
200,1737285963758,2100,1832,400,400,1887,1924,1482,1321,1459,1333,400,400,100,0,0,0,0,0,4.761904716491699,0,0,0,0,0,0,60013.345153808594,126819.5576171875,192.32257080078125,100,0,335872,33210380288,8589930496,1549320192,0
200,1737285963958,2099,2100,1480,1480,2100,2100,1500,1500,1484,1441,400,1478,100,0,0,0,0,0,0,0,0,0,0,0,0,60014.927185058594,126820.09185791016,192.32257080078125,100,0,335872,33210380288,8589930496,1549320192,0
200,1737285964158,2100,2091,1474,1437,2100,1977,1281,1274,1304,1281,1343,1461,100,0,4.761904716491699,0,0,0,0,0,0,0,0,0,0,60016.31072998047,126820.48828125,192.32257080078125,100.41841125488281,0,335872,33210380288,8589930496,1549320192,0
200,1737285964358,2100,1932,1334,1208,1820,982,1324,1353,1442,1372,1007,400,100,0,0,0,0,0,0,0,4.761904716491699,0,0,0,0,60017.65808105469,126820.92095947266,192.32257080078125,104.13223266601563,0,335872,33210380288,8589930496,1563463680,0
200,1737285964559,2100,2034,1369,1453,1860,1892,1423,1500,1465,1499,1280,1412,100,0,0,0,0,0,0,0,0,4.761904716491699,0,4.761904716491699,0,60019.04943847656,126821.53680419922,192.32257080078125,100.41841125488281,0,335872,33210380288,8589930496,1613008896,0
200,1737285964759,2073,1443,400,1359,1980,1979,1499,1383,1295,1500,1499,400,100,0,0,0,0,0,0,0,0,0,0,0,0,60020.44055175781,126821.99731445313,192.32257080078125,100.84033203125,0,335872,33210380288,8589930496,1621266432,0
200,1737285964959,2100,1967,1477,1459,1985,1805,1464,1446,1473,1451,1333,1379,100,4.761904716491699,0,0,4.761904716491699,0,0,4.761904716491699,0,0,4.761904716491699,0,0,60022.01220703125,126822.52624511719,192.32257080078125,100.41841125488281,0,335872,33210380288,8589930496,1621266432,0
200,1737285965159,2100,2100,1468,1470,1725,1969,1500,1480,1478,1476,1405,1435,100,4.761904716491699,0,0,4.761904716491699,0,0,4.761904716491699,0,0,4.761904716491699,0,0,60023.5224609375,126823.0101928711,192.3232421875,100,0,335872,33210380288,8589930496,1621266432,0
200,1737285965359,2100,2043,1332,1379,2005,1866,1380,1433,1378,1397,1276,1364,100,5.263157844543457,0,0,0,0,0,0,0,0,0,0,0,60025.028869628906,126823.48779296875,192.3232421875,100,0,335872,33210380288,8589930496,1619472384,0
200,1737285965560,2100,1686,1387,1489,1759,2100,1347,1301,1310,1264,1338,1409,100,0,0,0,0,4.761904716491699,0,0,0,0,0,0,0,60026.44561767578,126823.89501953125,192.3232421875,100.84033203125,0,335872,33210380288,8589930496,1619193856,0
200,1737285965760,2100,2091,1419,1271,1898,1846,1451,1281,1437,1459,1296,1500,100,0,0,0,0,0,4.761904716491699,0,0,4.761904716491699,0,0,0,60027.80645751953,126824.33715820313,192.3232421875,100.41841125488281,0,335872,33210380288,8589930496,1635708928,0
200,1737285965960,2100,1795,456,467,2100,2100,400,1500,1497,1499,400,400,100,0,0,0,0,4.761904716491699,0,0,0,0,0,0,0,60029.198791503906,126824.94818115234,192.3232421875,95.39749145507813,0,335872,33210380288,8589930496,1685254144,0
199,1737285966160,2099,1971,1443,1329,2100,1844,1433,1500,1499,1451,1353,1400,100,0,0,0,0,4.761904716491699,0,0,0,0,0,0,0,60030.58563232422,126825.4716796875,192.3232421875,104.13223266601563,0,335872,33210380288,8589930496,1710026752,0
200,1737285966360,2100,2009,1386,1467,1890,2100,1499,1377,1500,1448,1423,1464,100,0,0,0,0,4.761904716491699,0,0,0,0,0,0,0,60032.09454345703,126825.93725585938,192.3232421875,50.209205627441406,0,335872,33210380288,8589930496,1708216320,0
200,1737285966560,2100,1970,1499,1500,2100,1894,1499,1500,1263,1234,1480,1479,100,0,0,0,0,4.761904716491699,0,0,0,0,0,0,0,60033.750549316406,126826.50677490234,192.3232421875,100.41841125488281,0,335872,33210380288,8589930496,1708216320,0
200,1737285966761,2100,2044,1375,1425,2100,1825,1391,1291,1388,1465,400,1343,100,0,0,0,0,4.761904716491699,0,0,0,0,0,0,0,60035.29327392578,126827.01470947266,192.3232421875,100.41841125488281,0,335872,33210380288,8589930496,1708216320,0
200,1737285966961,2099,2099,400,400,400,400,1309,1237,1333,1335,400,400,100,0,0,0,0,4.761904716491699,0,0,0,0,0,0,0,60036.67706298828,126827.40991210938,192.3232421875,50.10437774658203,0,335872,33210380288,8589930496,1708216320,0
200,1737285967161,2100,2099,1500,1499,2100,2100,1493,1400,400,1405,1500,1476,100,0,0,0,0,4.761904716491699,0,0,0,0,0,0,0,60038.05889892578,126827.80114746094,192.3232421875,100,0,335872,33210380288,8589930496,1708216320,0
200,1737285967361,2099,1981,1463,1500,1428,1768,1478,1499,1447,1499,1500,1454,100,0,0,0,0,4.761904716491699,0,0,0,0,0,0,0,60039.43487548828,126828.27233886719,192.3232421875,100,0,335872,33210380288,8589930496,1731493888,0
200,1737285967561,2100,1875,1384,1481,1665,1979,1500,1499,1499,1500,1313,1392,100,0.6410256624221802,0.625,1.2422360181808472,0.625,0,0.625,0.625,1.2422360181808472,0,1.2422360181808472,0.625,0,60040.82208251953,126828.88201904297,192.3232421875,100,0,335872,33210380288,8589930496,1780944896,0
200,1737285967761,2100,1895,1324,1184,1517,1970,1440,1382,1457,1446,1322,1276,100,0,0,0,4.761904716491699,4.761904716491699,0,0,0,0,0,0,0,60042.2060546875,126829.48126220703,192.3232421875,100.41841125488281,0,335872,33210380288,8589930496,1830490112,0
200,1737285967962,2100,481,400,725,1346,1994,1436,1454,1377,1426,918,400,100,0,0,0,0,0,0,0,0,4.761904716491699,0,0,0,60043.59680175781,126829.88153076172,192.3232421875,100,0,335872,33210380288,8589930496,1830490112,0
200,1737285968162,2100,2100,1428,1379,2100,2100,1429,1500,1500,1471,1364,400,100,5,0,0,0,0,0,0,0,0,0,0,0,60045.210205078125,126830.4262084961,192.3232421875,100.41841125488281,0,335872,33210380288,8589930496,1830490112,0
200,1737285968362,2100,1806,1333,1274,1870,1821,1153,1142,1114,1175,1277,1406,100,5,0,0,0,0,0,0,0,0,0,0,0,60046.880920410156,126831.01080322266,192.3232421875,100,0,335872,33210380288,8589930496,1829294080,0
200,1737285968562,2099,2000,1467,1470,2005,1941,1499,1500,1472,1398,1454,1434,100,0,0,0,0,0,0,0,0,4.761904716491699,0,4.761904716491699,0,60048.432373046875,126831.51629638672,192.3232421875,100.84033203125,0,335872,33210380288,8589930496,1829097472,0
200,1737285968762,2100,1975,1206,1050,1863,1709,1404,1183,1404,1500,1231,1148,100,0,0,0,0,0,0,0,0,0,0,0,0,60049.81286621094,126831.9154663086,192.3232421875,100,0,335872,33210380288,8589930496,1829097472,0
200,1737285968962,2100,2099,1299,1431,1936,2000,1445,1409,1445,1469,400,1265,100,0,0,0,0,0,4.761904716491699,0,0,0,0,0,0,60051.23797607422,126832.32836914063,192.3232421875,100.41841125488281,0,335872,33210380288,8589930496,1829097472,0
200,1737285969163,2100,2100,1472,1466,1882,2100,1342,1403,1500,1500,1500,1500,100,0,0,0,0,0,0,0,0,0,0,0,0,60052.60827636719,126832.71313476563,192.3232421875,100.41841125488281,0,335872,33210380288,8589930496,1829097472,0
200,1737285969363,2100,1540,1120,1209,400,1640,1348,1497,1430,400,400,1086,100,0,0,0,0,0,0,0,0,0,0,0,0,60053.95642089844,126833.14617919922,192.3232421875,99.58505249023438,0,335872,33210380288,8589930496,1836158976,0
200,1737285969563,2100,1882,1432,400,1546,400,1426,1430,1453,1399,1095,1320,100,0,0,4.761904716491699,0,0,0,0,0,0,0,0,0,60055.34149169922,126833.75518798828,192.3232421875,100.41841125488281,0,335872,33210380288,8589930496,1885683712,0
200,1737285969763,2100,2099,1500,1284,2100,2022,1499,1421,1500,1410,1093,1218,100,0,0,4.761904716491699,0,0,0,0,0,0,0,0,0,60056.73321533203,126834.3676147461,192.3232421875,50.10437774658203,0,335872,33210380288,8589930496,1935228928,0
200,1737285969963,2100,1837,1499,1500,1901,2005,1424,1500,1432,1485,1437,1500,100,0,0,4.761904716491699,0,0,0,0,0,0,0,0,0,60058.11877441406,126834.90600585938,192.3232421875,99.58505249023438,0,335872,33210380288,8589930496,1968259072,0
200,1737285970163,2099,2100,1483,1454,1964,1878,1395,1324,1303,1248,400,1430,100,0,0,4.761904716491699,0,0,0,0,0,0,0,0,0,60059.526306152344,126835.31463623047,192.3232421875,100.41841125488281,0,335872,33210380288,8589930496,1968259072,0
200,1737285970364,2099,2055,1416,1490,2100,1919,1397,1392,1396,1384,400,1396,100,0,0,4.761904716491699,0,0,0,0,0,0,0,0,0,60061.13806152344,126835.85656738281,192.3232421875,100.41841125488281,0,335872,33210380288,8589930496,1967960064,0
200,1737285970564,2100,2099,1285,400,1974,1831,400,1306,1414,1251,1106,1317,100,0,0,4.761904716491699,0,0,0,0,0,0,0,0,0,60062.654541015625,126836.35089111328,192.3232421875,100.41841125488281,0,335872,33210380288,8589930496,1967943680,0
200,1737285970764,2100,2099,1500,1296,2100,1923,1476,1435,1499,1473,1407,1406,100,0,0,4.761904716491699,0,0,0,0,0,0,0,0,0,60064.03918457031,126836.75158691406,192.3232421875,100,0,335872,33210380288,8589930496,1967943680,0
200,1737285970964,2100,2056,1499,1500,1935,2100,1500,1499,1500,1431,1385,1472,100,0,0,4.761904716491699,0,0,0,0,0,0,0,0,0,60065.647399902344,126837.28247070313,192.3232421875,99.58505249023438,0,335872,33210380288,8589930496,1967943680,0
200,1737285971164,2100,2027,400,1445,2011,2100,1307,1475,1377,1470,400,1428,100,0,0,4.761904716491699,0,0,0,0,0,0,0,0,0,60067.341796875,126837.87927246094,192.3232421875,100.84033203125,0,335872,33210380288,8589930496,1967943680,0
200,1737285971365,2100,2045,1499,1328,1847,1907,1329,1421,1313,1329,1370,1378,100,0,0,4.761904716491699,0,0,0,0,0,0,0,0,0,60068.68176269531,126838.24938964844,192.3232421875,100,0,335872,33210380288,8589930496,1967943680,0
200,1737285971565,2100,481,928,400,1876,1882,1290,1295,1332,1328,400,400,100,0,0,4.761904716491699,0,0,0,0,0,0,0,0,0,60070.07843017578,126838.6489868164,192.3232421875,100.84033203125,0,335872,33210380288,8589930496,1967943680,0
199,1737285971765,2100,1997,1440,1436,1945,1764,1410,1374,1485,1499,1499,1474,100,0,0,4.761904716491699,0,0,0,0,0,0,0,0,0,60071.52569580078,126839.06658935547,192.3232421875,99.58505249023438,0,335872,33210380288,8589930496,1967943680,0
200,1737285971965,2100,2100,1471,1450,1943,1890,1474,1467,1447,1424,1401,1421,100,0,0,4.761904716491699,0,0,0,0,0,0,0,0,0,60072.848571777344,126839.4310913086,192.3232421875,100.84033203125,0,335872,33210380288,8589930496,1967943680,0
200,1737285972165,2099,2012,1500,1499,1988,2100,1481,1500,1480,1482,1155,1499,100,1.0909091234207153,0.7117437720298767,0.7117437720298767,0.7168458700180054,0.7142857313156128,0.3584229350090027,1.0676156282424927,0.7142857313156128,0.7142857313156128,0.3571428656578064,0.3571428656578064,0,60074.23406982422,126839.94018554688,192.3232421875,100.84033203125,0,335872,33210380288,8589930496,1992716288,0
200,1737285972365,2099,1983,1447,1483,1925,2100,1454,1499,1449,1499,1222,1229,100,0,0,0,4.761904716491699,4.761904716491699,0,0,0,0,0,0,0,60075.62078857422,126840.54870605469,192.3232421875,104.99999237060547,0,335872,33210380288,8589930496,2042261504,0
199,1737285972566,2100,2037,1499,1472,1557,1984,1378,1397,1452,1395,400,1295,100,0,0,0,0,0,5,0,0,0,0,0,0,60077.013122558594,126841.16009521484,192.3232421875,95.7983169555664,0,335872,33210380288,8589930496,2091806720,0
200,1737285972766,2100,2099,400,1410,1859,1981,1478,1370,1477,1423,1405,1433,100,0,0,0,0,0,5,0,0,0,0,0,0,60078.390380859375,126841.7631225586,192.3232421875,100,0,335872,33210380288,8589930496,2141351936,0
199,1737285972966,2100,2022,400,1480,400,1843,1419,400,1422,1500,1499,400,100,0,0,0,0,0,5,0,0,0,0,0,0,60079.775451660156,126842.1900024414,192.3232421875,50.10437774658203,0,335872,33210380288,8589930496,2149609472,0
200,1737285973166,2100,768,400,400,1851,1942,1396,1374,1367,1336,400,400,100,0,0,0,0,0,1.6393442153930664,0,1.6393442153930664,0,0,0,0,60081.194763183594,126842.60571289063,192.3232421875,50.10437774658203,0,335872,33210380288,8589930496,2149609472,0
200,1737285973366,2099,2100,1482,1500,2012,2100,1251,1499,1418,1500,1499,1499,100,0,0,0,0,0,0,0,0,0,0,0,0,60082.80554199219,126843.12884521484,192.3232421875,100.41841125488281,0,335872,33210380288,8589930496,2149609472,0
200,1737285973566,2100,1921,1429,1500,1983,1936,1484,1499,1433,1472,1241,1500,100,0,0,0,0,0,0,0,0,0,4.761904716491699,0,0,60084.458740234375,126843.71728515625,192.3232421875,100.41841125488281,0,335872,33210380288,8589930496,2149609472,0
200,1737285973766,2100,1728,400,400,400,2006,1500,1355,1403,1356,656,400,100,0,0,0,0,0,0,0,0,0,0,0,0,60086.12292480469,126844.26916503906,192.3232421875,100,0,335872,33210380288,8589930496,2149609472,0
200,1737285973967,2100,2019,1499,400,1354,1931,1499,1446,1446,1435,886,400,100,5,0,0,0,0,0,0,0,4.761904716491699,0,0,0,60087.747131347656,126844.82299804688,192.3232421875,100.41841125488281,0,335872,33210380288,8589930496,2149609472,0
200,1737285974167,2100,2100,1369,1454,2083,2100,1499,1500,1499,1500,1268,1478,100,4.761904716491699,0,0,0,4.761904716491699,0,5,0,0,0,4.761904716491699,0,60089.214416503906,126845.27758789063,192.3232421875,100,0,335872,33210380288,8589930496,2149609472,0
200,1737285974367,2100,1757,1408,1375,1703,1913,1415,1281,1338,1337,1180,1350,100,4.761904716491699,0,0,0,4.761904716491699,0,5,0,0,0,4.761904716491699,0,60090.58190917969,126845.66229248047,192.3232421875,100,0,335872,33210380288,8589930496,2149609472,0
200,1737285974567,2099,1826,1438,1456,2100,2099,1407,1439,1500,1415,1394,1443,100,4.761904716491699,0,0,0,4.761904716491699,0,5,0,0,0,4.761904716491699,0,60091.996826171875,126846.07110595703,192.3232421875,50.209205627441406,0,335872,33210380288,8589930496,2149609472,0
200,1737285974767,2100,2100,1410,1186,2100,1725,1499,1500,1500,1499,1353,1466,100,4.761904716491699,0,0,0,4.761904716491699,0,5,0,0,0,4.761904716491699,0,60093.437438964844,126846.49011230469,192.3232421875,99.58505249023438,0,335872,33210380288,8589930496,2149609472,0
200,1737285974967,2100,1716,400,1439,400,2100,1401,1315,1237,400,1299,1348,100,4.761904716491699,0,0,0,4.761904716491699,0,5,0,0,0,4.761904716491699,0,60094.77307128906,126846.84893798828,192.3232421875,100,0,335872,33210380288,8589930496,2149609472,0
200,1737285975168,2100,1904,1407,1219,400,400,1500,1500,1468,1469,400,1371,100,4.761904716491699,0,0,0,4.761904716491699,0,5,0,0,0,4.761904716491699,0,60096.10821533203,126847.22375488281,192.3232421875,100.84033203125,0,335872,33210380288,8589930496,2149609472,0
199,1737285975368,2099,2095,1469,1499,1953,1894,1397,1421,1431,1458,1102,1461,100,4.761904716491699,0,0,0,4.761904716491699,0,5,0,0,0,4.761904716491699,0,60097.49768066406,126847.8173828125,192.3232421875,105.8823471069336,0,335872,33210380288,8589930496,2199154688,0
200,1737285975568,2100,2017,1459,1468,1777,1955,1351,1451,1429,1470,400,400,100,4.761904716491699,0,0,0,4.761904716491699,0,5,0,0,0,4.761904716491699,0,60098.89001464844,126848.43041992188,192.3232421875,47.59916305541992,0,335872,33210380288,8589930496,2248699904,0
200,1737285975768,2100,2036,1428,1371,1723,1948,1327,1487,1424,1441,1177,1443,100,0,0,0.625,1.2422360181808472,0.6289308071136475,0.625,0.625,1.2422360181808472,0.6289308071136475,0,0.625,0,60100.27136230469,126849.03875732422,192.3232421875,52.60960388183594,0,335872,33210380288,8589930496,2298245120,0
200,1737285975968,2100,1572,1422,400,1848,1834,1151,1247,400,1196,1249,400,100,0,4.761904716491699,0,0,0,0,0,0,0,0,0,0,60101.67510986328,126849.65844726563,192.3232421875,95.39749145507813,0,335872,33210380288,8589930496,2347790336,0
200,1737285976168,2100,2100,1500,1498,2100,1967,1481,1500,1500,1479,1424,1499,100,0,0,0,0,0,0,0,0,0,0,0,0,60103.040283203125,126850.18682861328,192.3232421875,100.84033203125,0,335872,33210380288,8589930496,2380820480,0
200,1737285976368,2100,2100,1445,1449,1785,1873,1459,1463,1410,1473,1300,1271,100,5,0,0,0,0,0,0,0,0,0,0,0,60104.470947265625,126850.60430908203,192.3232421875,99.58505249023438,0,335872,33210380288,8589930496,2380820480,0
200,1737285976569,2100,2065,1349,1147,1904,2099,1362,1385,1464,1463,1224,1229,100,5,0,0,0,0,0,0,0,0,0,0,0,60105.86315917969,126851.00891113281,192.3232421875,100.41841125488281,0,335872,33210380288,8589930496,2380820480,0
200,1737285976769,2100,2099,1499,1447,2100,2100,1499,1325,1357,1404,1084,1499,100,0,0,0,0,0,0,0,0,0,0,0,0,60107.499755859375,126851.54650878906,192.3232421875,100.41841125488281,0,335872,33210380288,8589930496,2380820480,0
200,1737285976969,2099,2100,1476,1466,2100,1876,1499,1469,1461,1456,1500,1476,100,0,0,0,0,0,4.761904716491699,4.761904716491699,0,0,4.761904716491699,0,0,60109.19952392578,126852.14654541016,192.3232421875,100.84033203125,0,335872,33210380288,8589930496,2380820480,0
199,1737285977169,2100,1920,1381,1420,2100,1803,1500,1470,1454,1499,1500,1499,100,0,0,0,0,4.761904716491699,0,0,0,0,0,4.761904716491699,0,60110.819885253906,126852.69873046875,192.3232421875,99.58505249023438,0,335872,33210380288,8589930496,2380820480,0
200,1737285977369,2099,1875,1499,1499,2030,1732,1309,1404,1378,1193,1427,1499,100,0,0,0,0,4.761904716491699,0,0,0,0,0,4.761904716491699,0,60112.479919433594,126853.2691040039,192.3232421875,99.58505249023438,0,335872,33210380288,8589930496,2380820480,0
200,1737285977569,2099,1331,1386,1458,1750,1548,1471,1441,1499,1478,1350,1297,100,0,0,0,5,0,0,0,0,0,4.761904716491699,0,0,60113.932067871094,126853.71813964844,192.3232421875,100.41841125488281,0,335872,33210380288,8589930496,2380820480,0
200,1737285977770,2100,2029,1439,1500,2099,2100,1478,1300,1397,1268,400,1500,100,0,0,5,0,0,0,0,0,0,0,0,0,60115.569763183594,126854.27917480469,192.32391357421875,100.84033203125,0,335872,33210380288,8589930496,2380820480,0
200,1737285977970,2100,2016,1471,1455,2053,1937,1500,1483,1500,1500,1430,1438,100,0,4.761904716491699,0,0,0,4.761904716491699,0,4.761904716491699,0,0,0,0,60116.915283203125,126854.65106201172,192.32391357421875,100,0,335872,33210380288,8589930496,2380820480,0
200,1737285978170,2100,2100,1481,1475,2100,1977,1483,1500,1465,1485,400,1220,100,0,4.761904716491699,0,0,0,4.761904716491699,0,4.761904716491699,0,0,0,0,60118.256591796875,126855.02648925781,192.32391357421875,100,0,335872,33210380288,8589930496,2380820480,0
199,1737285978370,2100,2023,1424,1418,1745,2100,1343,1303,1350,1360,1456,1500,100,0,0,0,0,0,0,4.761904716491699,0,0,0,4.761904716491699,0,60119.66052246094,126855.42993164063,192.32391357421875,100.84033203125,0,335872,33210380288,8589930496,2380820480,0
200,1737285978570,2100,2045,1328,1433,1729,2100,1367,1419,1422,1243,1327,1308,100,0,0,4.761904716491699,4.761904716491699,0,0,0,4.761904716491699,0,0,0,0,60121.092041015625,126855.85070800781,192.32391357421875,100,0,335872,33210380288,8589930496,2380820480,0
200,1737285978771,2100,1911,1132,1056,1811,2100,1412,1379,1392,1356,400,1209,100,0,0,0,0,4.761904716491699,0,0,0,5,0,0,0,60122.47766113281,126856.24768066406,192.32391357421875,100,0,335872,33210380288,8589930496,2380820480,0
200,1737285978971,2099,2043,1440,1414,1772,1953,1333,1147,1299,1262,1235,1499,100,0,0,0,0,4.761904716491699,0,0,0,5,0,0,0,60123.823486328125,126856.62225341797,192.32391357421875,100.84033203125,0,335872,33210380288,8589930496,2380820480,0
200,1737285979171,2100,1866,1426,400,1922,1823,1499,1500,1471,1500,1376,1450,100,4.761904716491699,0,0,0,0,0,0,0,0,0,0,0,60125.15509033203,126856.99304199219,192.32391357421875,100,0,335872,33210380288,8589930496,2380820480,0
200,1737285979371,2100,1793,1238,1368,1944,2100,1482,1500,1427,1482,1366,1260,100,4.761904716491699,0,0,0,0,0,0,0,0,0,0,0,60126.539489746094,126857.59582519531,192.32391357421875,104.99999237060547,0,335872,33210380288,8589930496,2430365696,0
200,1737285979571,2100,1986,1500,1465,2006,2099,1479,1479,1479,1479,872,1500,100,4.761904716491699,0,0,0,0,0,0,0,0,0,0,0,60127.92053222656,126858.2124633789,192.32391357421875,50.31446838378906,0,335872,33210380288,8589930496,2479910912,0
200,1737285979771,2100,2100,1437,1402,1899,1999,1395,1372,1383,1400,400,400,100,4.761904716491699,0,0,0,0,0,0,0,0,0,0,0,60129.30334472656,126858.82501220703,192.32391357421875,100,0,335872,33210380288,8589930496,2529456128,0
200,1737285979972,2100,2058,1469,1467,2100,1941,1407,1417,1410,1384,400,400,100,4.761904716491699,0,0,0,0,0,0,0,0,0,0,0,60130.68524169922,126859.43444824219,192.32391357421875,95.39749145507813,0,335872,33210380288,8589930496,2579001344,0
200,1737285980172,2100,1844,1356,1435,1926,1673,1462,1449,1375,1408,400,1364,100,4.761904716491699,0,0,0,0,0,0,0,0,0,0,0,60132.17022705078,126860.0707397461,192.32391357421875,105.8823471069336,0,335872,33210380288,8589930496,2595516416,0
200,1737285980372,2100,490,400,1499,400,400,1458,1387,1334,1414,400,1009,100,4.761904716491699,0,0,0,0,0,0,0,0,0,0,0,60133.72332763672,126860.72729492188,192.32391357421875,100,0,335872,33210380288,8589930496,2595516416,0
200,1737285980572,2100,1809,1256,1220,1433,1782,1156,1336,1392,1418,1336,400,100,0,0,0,0,0,0.7142857313156128,0.7142857313156128,0,0.7142857313156128,0,0.7092198133468628,0,60135.27703857422,126861.38153076172,192.32391357421875,100,0,335872,33210380288,8589930496,2595516416,0
200,1737285980772,2100,1981,1416,1394,2099,1955,1451,1403,1461,1475,1379,400,100,0,0,0,4.761904716491699,0,0,0,0,0,0,0,0,60136.82897949219,126862.037109375,192.32391357421875,100,0,335872,33210380288,8589930496,2595516416,0
200,1737285980973,2100,2046,1401,1471,1984,2099,1434,1392,1366,1396,1458,1457,100,5,0,0,0,0,0,0,0,0,0,0,0,60138.388610839844,126862.69519042969,192.32391357421875,100,0,335872,33210380288,8589930496,2595516416,0
200,1737285981173,2100,2013,1386,1462,1917,1929,1385,1231,1331,1352,400,1426,100,0,0,0,0,0,0,0,0,0,0,0,0,60139.92126464844,126863.3267211914,192.32391357421875,100.41841125488281,0,335872,33210380288,8589930496,2595516416,0
200,1737285981373,2099,1932,1449,1442,1920,1831,1331,400,1404,1451,400,1447,100,0,0,0,0,0,0,0,0,0,0,0,0,60141.45770263672,126863.9619140625,192.32391357421875,100.41841125488281,0,335872,33210380288,8589930496,2595516416,0
200,1737285981573,2100,1209,1140,1197,1326,1742,400,1143,400,400,1040,954,100,0,4.761904716491699,0,0,4.761904716491699,0,4.761904716491699,0,0,0,0,0,60142.99951171875,126864.60052490234,192.32391357421875,100,0,335872,33210380288,8589930496,2595516416,0
199,1737285981773,2100,2060,1472,1479,1899,2100,1454,1397,1351,1479,1423,1409,100,0,0,0,4.761904716491699,0,0,0,0,0,0,0,0,60144.534423828125,126865.23168945313,192.32391357421875,100.41841125488281,0,335872,33210380288,8589930496,2595516416,0
200,1737285981973,2100,2100,1265,1474,1858,1897,1474,1464,1441,1307,1311,1398,100,0,0,0,0,0,0,0,0,0,4.761904716491699,0,0,60146.08068847656,126865.86560058594,192.32391357421875,100.41841125488281,0,335872,33210380288,8589930496,2429566976,0
200,1737285982174,2100,2100,1413,1415,1994,1974,1466,1410,1407,1477,1096,400,100,0,0,0,0,0,0,0,0,0,4.761904716491699,0,0,60147.62432861328,126866.49737548828,192.32391357421875,99.58505249023438,0,335872,33210380288,8589930496,2114412544,0
200,1737285982374,2100,2088,1341,1418,1965,1902,1475,1470,1430,1468,400,400,100,0,0,0,0,0,0,0,0,0,4.761904716491699,0,0,60149.16729736328,126867.12634277344,192.32391357421875,50.31446838378906,0,335872,33210380288,8589930496,1790566400,0
200,1737285982574,2099,1613,1459,1288,1924,1920,1324,1312,1254,1253,1310,1444,100,0,0,0,0,0,0,0,0,0,4.761904716491699,0,0,60150.6962890625,126867.7504272461,192.32391357421875,100.41841125488281,0,335872,33210380288,8589930496,1481691136,0
200,1737285982774,2100,1199,400,400,400,1686,1207,988,1257,1449,400,400,100,0,0,0,0,0,0,0,0,0,4.761904716491699,0,0,60152.077392578125,126868.35717773438,192.32391357421875,100.84033203125,0,335872,33210380288,8589930496,1481691136,0
200,1737285982974,2100,1985,1469,1462,1857,1794,1500,1467,1500,1466,1449,1414,100,0,0,0,0,0,0,0,0,0,4.761904716491699,0,0,60153.527282714844,126868.88256835938,192.32391357421875,99.58505249023438,0,335872,33210380288,8589930496,1481691136,0
200,1737285983174,2100,1857,1458,1422,1998,2100,1425,1393,1388,1390,1473,1434,100,0,0,0,0,0,0,0,0,0,4.761904716491699,0,0,60154.94738769531,126869.37969970703,192.32391357421875,99.58505249023438,0,335872,33210380288,8589930496,1481691136,0
200,1737285983375,2100,2008,400,400,1612,1539,400,1451,1471,1460,1283,1113,100,4.761904716491699,0,0,0,0,0,0,0,0,0,0,0,60156.372619628906,126869.88995361328,192.32391357421875,100,0,335872,33210380288,8589930496,1481580544,0
200,1737285983575,2100,591,1308,1397,400,1934,1350,1287,866,400,400,1085,100,4.761904716491699,0,0,0,0,0,0,0,0,0,0,0,60157.8671875,126870.39349365234,192.32391357421875,100.41841125488281,0,335872,33210380288,8589930496,1481580544,0
200,1737285983775,2100,1847,1500,1431,1692,1932,1499,1376,1430,1432,1500,1455,100,5,0,0,4.761904716491699,4.761904716491699,4.761904716491699,0,4.761904716491699,4.761904716491699,0,0,0,60159.24011230469,126870.90393066406,192.32391357421875,100.41841125488281,0,335872,33210380288,8589930496,1481580544,0
200,1737285983975,2099,1708,1343,1472,1917,1797,1500,1467,1485,1499,1403,1473,100,0,0,0,0,0,0,0,5,0,0,0,0,60160.79187011719,126871.4223022461,192.32391357421875,99.58505249023438,0,335872,33210380288,8589930496,1481580544,0
200,1737285984175,2099,1740,1439,1420,1554,2100,1434,1499,1499,1500,1347,1330,100,0,0,0,0,0,0,4.761904716491699,0,0,4.761904716491699,0,0,60162.16271972656,126871.88940429688,192.32391357421875,100.84033203125,0,335872,33210380288,8589930496,1481580544,0
200,1737285984375,2064,2100,1473,1500,2100,1967,1381,1392,1477,1386,400,1344,100,0,0,0,0,0,0,4.761904716491699,0,0,4.761904716491699,0,0,60163.60827636719,126872.41198730469,192.32391357421875,99.58505249023438,0,335872,33210380288,8589930496,1481580544,0
200,1737285984576,2100,2060,1471,1499,2099,2100,1360,1413,400,1380,1500,1471,100,0,0,0,0,0,0,4.761904716491699,0,0,4.761904716491699,0,0,60165.10955810547,126872.89331054688,192.32391357421875,50.10437774658203,0,335872,33210380288,8589930496,1481580544,0
200,1737285984776,2100,2038,1475,1456,1914,2100,1499,1416,1404,1478,1499,1462,100,0,0,0,0,0,0,4.761904716491699,0,0,4.761904716491699,0,0,60166.47180175781,126873.39935302734,192.32391357421875,100.41841125488281,0,335872,33210380288,8589930496,1481580544,0
200,1737285984976,2099,1949,1418,1472,2100,1954,1499,1458,1478,1499,1376,1439,100,0,0,0,0,0,0,4.761904716491699,0,0,4.761904716491699,0,0,60167.925720214844,126873.91778564453,192.32391357421875,100.41841125488281,0,335872,33210380288,8589930496,1481580544,0
200,1737285985176,2100,1991,1464,1358,1964,2030,1320,1333,1315,1247,400,1374,100,0,0,0,0,0,0,4.761904716491699,0,0,4.761904716491699,0,0,60169.44696044922,126874.41516113281,192.32391357421875,105.4393310546875,0,335872,33210380288,8589930496,1481580544,0
200,1737285985376,2100,2080,1483,1473,1931,2099,1405,1317,1350,1374,1406,1475,100,0,0,0,0,0,0,4.761904716491699,0,0,4.761904716491699,0,0,60170.84716796875,126874.82586669922,192.32391357421875,100.41841125488281,0,335872,33210380288,8589930496,1481580544,0
200,1737285985576,2100,541,1487,1437,400,1775,1385,1214,1279,1319,1440,1331,100,0,0,0,0,4.761904716491699,0,0,0,0,0,0,0,60172.22705078125,126875.35632324219,192.32391357421875,95.39749145507813,0,335872,33210380288,8589930496,1481580544,0
200,1737285985777,2100,1405,400,400,400,1975,1324,1327,1466,1423,400,400,100,0,0,0,0,4.761904716491699,0,0,0,4.761904716491699,0,0,0,60173.62371826172,126875.85845947266,192.32391357421875,100.41841125488281,0,335872,33210380288,8589930496,1497837568,0
200,1737285985977,2100,2100,1418,1464,1836,2035,1435,1483,1500,1453,1339,1161,100,0,0,0,0,0,0,0,0,0,0,4.761904716491699,0,60175.24285888672,126876.4072265625,192.32391357421875,100,0,335872,33210380288,8589930496,1497837568,0
200,1737285986177,2100,1942,1474,1467,1937,2100,1408,1418,1337,1407,1444,1493,100,0,0,0,0,0,0,0,0,0,0,0,0,60176.68322753906,126876.84399414063,192.32391357421875,100,0,335872,33210380288,8589930496,1497837568,0
200,1737285986377,2099,2100,1500,1499,2007,1949,1500,1500,1500,1500,1173,1450,100,0,0,0,0,0,0,0,0,0,0,0,0,60178.045959472656,126877.25476074219,192.32391357421875,100.41841125488281,0,335872,33210380288,8589930496,1506082816,0
200,1737285986577,2100,2100,1319,1400,1860,1845,1357,1400,1275,1405,1436,1380,100,0,0,0,0,0,0,0,0,0,0,0,0,60179.42224121094,126877.85925292969,192.32391357421875,50,0,335872,33210380288,8589930496,1555628032,0
200,1737285986778,2100,1857,400,400,1859,1747,1315,1369,1491,1497,836,400,100,0,0,0,0,0,0,0,0,0,0,0,0,60180.836181640625,126878.328125,192.32391357421875,100.84033203125,0,335872,33210380288,8589930496,1563885568,0
199,1737285986978,2100,525,1500,400,1534,400,1449,1434,1442,400,1197,1397,100,0,0,0,0,0,0,0,0,0,0,0,0,60182.500427246094,126878.91418457031,192.32391357421875,100,0,335872,33210380288,8589930496,1563885568,0
200,1737285987178,2100,2100,1418,1431,1890,2100,1499,1424,1500,1480,1369,1402,100,0,0,0,0,0,0,0,0,0,0,0,0,60183.95263671875,126879.36254882813,192.32391357421875,100,0,335872,33210380288,8589930496,1563885568,0
200,1737285987378,2100,2100,1438,1500,1997,2100,1398,1497,1434,1472,1459,1471,100,0,0,0,0,0,0,0,0,0,0,0,0,60185.35583496094,126879.76879882813,192.32391357421875,100,0,335872,33210380288,8589930496,1563877376,0
199,1737285987578,2099,1757,1359,1395,1952,1995,1434,1499,1499,1476,1386,1499,100,0,0,0,0,0,0,0,4.761904716491699,0,4.761904716491699,0,0,60186.71160888672,126880.2661743164,192.32391357421875,105.4393310546875,0,335872,33210380288,8589930496,1596907520,0
200,1737285987778,2099,1998,1350,1159,1569,1738,1391,1499,1500,1500,1279,1239,100,0,0,0,0,0,0,0,4.761904716491699,0,4.761904716491699,0,0,60188.109924316406,126880.88189697266,192.3245849609375,95,0,335872,33210380288,8589930496,1646452736,0
200,1737285987979,2100,2018,1307,1357,1991,1860,1405,1462,1461,1285,400,1254,100,5,0,0,0,0,0,0,0,0,0,0,0,60189.50549316406,126881.31372070313,192.3245849609375,100,0,335872,33210380288,8589930496,1646452736,0
200,1737285988179,2100,1886,1173,1258,1944,1962,400,400,1153,400,400,1280,100,0,0,0,0,0,0,0,0,0,0,0,0,60191.097412109375,126881.85473632813,192.3245849609375,100.41841125488281,0,335872,33210380288,8589930496,1646452736,0
200,1737285988379,2100,1767,1480,1494,1840,2100,1500,1475,1480,1500,1365,1380,100,5,0,0,0,0,0,5,0,9.090909004211426,0,0,0,60192.571350097656,126882.31048583984,192.3245849609375,100.84033203125,0,335872,33210380288,8589930496,1646452736,0
200,1737285988579,2100,1970,1419,1461,1862,1983,1323,1500,1469,1429,400,1472,100,0,0,0,0,0,0,0,0,0,0,0,0,60194.147888183594,126882.82751464844,192.3245849609375,99.58505249023438,0,335872,33210380288,8589930496,1646452736,0
200,1737285988779,2100,2100,1455,1380,1969,2100,1500,1500,1499,1500,1440,1415,100,0,0,5,0,0,0,0,0,0,0,0,0,60195.5517578125,126883.22875976563,192.3245849609375,100.41841125488281,0,335872,33210380288,8589930496,1646452736,0
200,1737285988979,2100,485,1434,1234,2100,1627,400,400,1387,1437,1216,400,100,0,0,0,0,0,0,0,0,0,0,0,0,60196.920349121094,126883.6117553711,192.3245849609375,100,0,335872,33210380288,8589930496,1646452736,0
200,1737285989180,2099,2047,1327,1413,1930,1897,1383,1372,1290,1284,1333,1377,100,0,0,0,0,0,0,0,0,0,0,0,0,60198.31170654297,126884.16986083984,192.3245849609375,105.8823471069336,0,335872,33210380288,8589930496,1687740416,0
200,1737285989380,2100,1620,1437,1500,1862,1328,1404,1428,1408,1421,1499,1379,100,0,0,0,0,0,0,0,0,0,0,4.761904716491699,0,60199.714111328125,126884.78881835938,192.3245849609375,95.39749145507813,0,335872,33210380288,8589930496,1737285632,0
200,1737285989580,2100,1693,1333,1500,1935,1854,1499,1500,1500,1483,1434,1410,100,5,4.761904716491699,0,4.761904716491699,0,4.761904716491699,0,0,0,0,0,0,60201.102294921875,126885.25537109375,192.3245849609375,105.4393310546875,0,335872,33210380288,8589930496,1753800704,0
199,1737285989780,2100,1680,1500,1500,1788,1882,1500,1364,1420,1469,400,1298,100,0,0,0,0,5,0,0,4.761904716491699,0,0,0,0,60202.64538574219,126885.74639892578,192.3245849609375,100.41841125488281,0,335872,33210380288,8589930496,1753788416,0
200,1737285989980,2099,2000,1482,1489,2100,1973,1499,1499,1499,1500,1483,1431,100,0,0,0,0,5,0,0,4.761904716491699,0,0,0,0,60204.256774902344,126886.29327392578,192.3245849609375,100.41841125488281,0,335872,33210380288,8589930496,1753788416,0
200,1737285990180,2099,2031,1460,1472,1996,1865,1500,1473,1426,1462,1456,1443,100,0,0,0,0,5,0,0,4.761904716491699,0,0,0,0,60205.91046142578,126886.86096191406,192.3245849609375,50,0,335872,33210380288,8589930496,1753788416,0
200,1737285990381,2099,2012,400,1305,2100,1913,749,842,400,965,1319,1282,100,0,0,0,0,5,0,0,4.761904716491699,0,0,0,0,60207.263610839844,126887.23901367188,192.3245849609375,100.84033203125,0,335872,33210380288,8589930496,1753788416,0
200,1737285990581,2100,2043,1425,1240,1732,1845,1249,1125,985,1116,1439,1413,100,0,0,0,0,5,0,0,4.761904716491699,0,0,0,0,60208.708740234375,126887.65710449219,192.3245849609375,100,0,335872,33210380288,8589930496,1753788416,0
199,1737285990781,2100,2100,1500,1461,1846,2100,1500,1345,772,1499,1420,1479,100,0,0,0,0,5,0,0,4.761904716491699,0,0,0,0,60210.053955078125,126888.0435180664,192.3245849609375,100.41841125488281,0,335872,33210380288,8589930496,1753788416,0
200,1737285990981,2100,1984,1432,1477,1914,1960,1500,1377,1458,1392,1399,1458,100,0,0,0,0,5,0,0,4.761904716491699,0,0,0,0,60211.43585205078,126888.60571289063,192.3245849609375,100,0,335872,33210380288,8589930496,1795076096,0
200,1737285991181,2099,1779,1460,1480,1966,1952,1370,1396,1397,1500,1444,1459,100,0,0,0,0,5,0,0,4.761904716491699,0,0,0,0,60212.80773925781,126889.20422363281,192.3245849609375,95,0,335872,33210380288,8589930496,1852878848,0
199,1737285991381,2099,1803,1429,1411,1719,1978,1308,1433,1356,1432,1440,1445,100,0,0,0,0,5,0,0,4.761904716491699,0,0,0,0,60214.196228027344,126889.77880859375,192.3245849609375,52.71966552734375,0,335872,33210380288,8589930496,1894166528,0
200,1737285991581,2100,2100,1473,1470,1894,1938,1333,1472,1422,1397,1465,1463,100,0,0,0,0,5,0,0,4.761904716491699,0,0,0,0,60215.60626220703,126890.18975830078,192.3245849609375,50.209205627441406,0,335872,33210380288,8589930496,1894166528,0
200,1737285991782,2099,1880,1412,1387,1860,2100,1457,1425,1500,1500,1462,1338,100,0,0,0,0,5,0,0,4.761904716491699,0,0,0,0,60217.22882080078,126890.73608398438,192.3245849609375,49.896053314208984,0,335872,33210380288,8589930496,1894166528,0
199,1737285991982,2100,2031,1395,1477,2099,2100,1341,1500,1500,1473,400,1452,100,0,0.45454543828964233,0.45454543828964233,0.456620991230011,0.9049774408340454,0.9049774408340454,0.456620991230011,0.456620991230011,0.9049774408340454,0.45454543828964233,0.45454543828964233,0,60218.880126953125,126891.30303955078,192.3245849609375,49.896053314208984,0,335872,33210380288,8589930496,1894166528,0
200,1737285992182,2100,2059,1470,1479,1986,2002,1499,1406,1342,1397,1415,1440,100,0,0,0,0,0,0,4.761904716491699,0,0,0,0,0,60220.50036621094,126891.85656738281,192.3245849609375,100.84033203125,0,335872,33210380288,8589930496,1894166528,0
200,1737285992382,2100,2100,1471,1467,2011,1620,1330,1278,1322,1328,400,1325,100,0,0,0,0,5,0,0,0,0,0,0,0,60221.92364501953,126892.28125,192.3245849609375,100.41841125488281,0,335872,33210380288,8589930496,1894166528,0
200,1737285992582,2100,461,400,1299,1434,400,1403,1458,1465,1426,1373,1448,100,0,0,0,0,0,0,0,0,0,0,0,0,60223.325134277344,126892.67706298828,192.3245849609375,100.41841125488281,0,335872,33210380288,8589930496,1894166528,0
200,1737285992783,2100,2072,1471,1471,2100,2100,1343,1500,1499,1500,400,1465,100,0,0,0,0,0,0,0,4.761904716491699,0,0,0,0,60224.74298095703,126893.08959960938,192.3245849609375,100.41841125488281,0,335872,33210380288,8589930496,1894166528,0
200,1737285992983,2100,469,400,400,1964,400,1373,1307,1421,1347,1312,909,100,0,0,0,0,0,0,0,4.761904716491699,0,0,0,0,60226.06768798828,126893.45281982422,192.3245849609375,100.41841125488281,0,335872,33210380288,8589930496,1894166528,0
200,1737285993183,2100,2099,1405,1413,2000,1913,1499,1460,1500,1476,1473,1354,100,0,0,0,4.761904716491699,0,0,0,0,0,0,0,0,60227.453125,126894.02880859375,192.3245849609375,95.39749145507813,0,335872,33210380288,8589930496,1918939136,0
200,1737285993383,2100,1519,1277,1059,1809,1788,1201,1388,1199,1338,1226,1144,100,0,0,0,4.761904716491699,0,0,0,0,0,0,0,0,60228.8193359375,126894.64849853516,192.3245849609375,100,0,335872,33210380288,8589930496,1918939136,0
200,1737285993583,2100,1722,977,881,1661,1325,1356,1355,1500,1430,1499,942,100,0,0,0,4.761904716491699,0,0,0,0,0,0,0,0,60230.199157714844,126895.2763671875,192.3245849609375,50.209205627441406,0,335872,33210380288,8589930496,1918939136,0
200,1737285993783,2100,2035,1462,1472,1901,2099,1499,1397,1355,1476,1202,400,100,0,0,0,4.761904716491699,0,0,0,0,0,0,0,0,60231.57556152344,126895.90283203125,192.3245849609375,99.58505249023438,0,335872,33210380288,8589930496,1918939136,0
200,1737285993984,2100,1998,1300,400,1825,2014,1437,1469,1447,1380,400,1286,100,0,0,0,4.761904716491699,0,0,0,0,0,0,0,0,60232.96502685547,126896.53674316406,192.3245849609375,100.41841125488281,0,335872,33210380288,8589930496,1918939136,0
199,1737285994184,2100,636,1499,1461,1770,1780,1433,1500,1372,1310,1499,1478,100,0,0,0,4.761904716491699,0,0,0,0,0,0,0,0,60234.34307861328,126897.1635131836,192.3245849609375,100.41841125488281,0,335872,33210380288,8589930496,1918939136,0
200,1737285994384,2100,2041,1411,1406,1932,1879,1276,1296,1297,1275,1404,1357,100,0,0,0,4.761904716491699,0,0,0,0,0,0,0,0,60235.717834472656,126897.79132080078,192.3245849609375,100.41841125488281,0,335872,33210380288,8589930496,1918939136,0
200,1737285994584,2100,1262,1410,1401,1751,1842,1120,1200,1171,1221,1352,1450,100,0.8547009229660034,1.6528924703598022,0.8333333730697632,0.8333333730697632,0,0.8333333730697632,0.8333333730697632,0.8264462351799011,0.8333333730697632,0,0.8333333730697632,0,60237.09777832031,126898.41802978516,192.3245849609375,100,0,335872,33210380288,8589930496,1918939136,0
200,1737285994784,2100,1292,951,908,1561,1420,400,706,708,400,853,1273,100,0.8547009229660034,1.6528924703598022,0.8333333730697632,0.8333333730697632,0,0.8333333730697632,0.8333333730697632,0.8264462351799011,0.8333333730697632,0,0.8333333730697632,0,60238.469665527344,126899.04095458984,192.3245849609375,49.896053314208984,0,335872,33210380288,8589930496,1918939136,0
200,1737285994984,2100,2048,1480,1479,1942,2077,1460,1430,400,1437,1302,400,100,0.8547009229660034,1.6528924703598022,0.8333333730697632,0.8333333730697632,0,0.8333333730697632,0.8333333730697632,0.8264462351799011,0.8333333730697632,0,0.8333333730697632,0,60239.85266113281,126899.66760253906,192.3245849609375,100.41841125488281,0,335872,33210380288,8589930496,1918939136,0
200,1737285995185,2100,1956,1413,1435,1896,2099,1445,1430,1435,1471,1449,1452,100,0.8547009229660034,1.6528924703598022,0.8333333730697632,0.8333333730697632,0,0.8333333730697632,0.8333333730697632,0.8264462351799011,0.8333333730697632,0,0.8333333730697632,0,60241.247314453125,126900.29766845703,192.3245849609375,100,0,335872,33210380288,8589930496,1918939136,0
200,1737285995385,2100,1836,1314,1365,1846,1727,1455,1465,1414,1500,1343,1426,100,0.8547009229660034,1.6528924703598022,0.8333333730697632,0.8333333730697632,0,0.8333333730697632,0.8333333730697632,0.8264462351799011,0.8333333730697632,0,0.8333333730697632,0,60242.62518310547,126900.93060302734,192.3245849609375,100.41841125488281,0,335872,33210380288,8589930496,1918939136,0
200,1737285995585,2100,1690,1269,1285,1746,1878,1449,1426,1376,1465,1417,1442,100,0.8547009229660034,1.6528924703598022,0.8333333730697632,0.8333333730697632,0,0.8333333730697632,0.8333333730697632,0.8264462351799011,0.8333333730697632,0,0.8333333730697632,0,60244.002685546875,126901.55688476563,192.3245849609375,100,0,335872,33210380288,8589930496,1918939136,0
200,1737285995785,2100,1429,1238,1224,1607,1335,1284,1103,1326,1383,946,1189,100,0.8547009229660034,1.6528924703598022,0.8333333730697632,0.8333333730697632,0,0.8333333730697632,0.8333333730697632,0.8264462351799011,0.8333333730697632,0,0.8333333730697632,0,60245.380920410156,126902.18255615234,192.3245849609375,100.41841125488281,0,335872,33210380288,8589930496,1918939136,0
200,1737285995985,2100,1829,1434,1500,1975,1962,1470,1473,1500,1499,1277,1364,100,0.8547009229660034,1.6528924703598022,0.8333333730697632,0.8333333730697632,0,0.8333333730697632,0.8333333730697632,0.8264462351799011,0.8333333730697632,0,0.8333333730697632,0,60246.76123046875,126902.80975341797,192.3245849609375,100,0,335872,33210380288,8589930496,1918939136,0
200,1737285996185,2100,1981,1354,1329,1881,1904,1449,1500,1452,1434,400,1349,100,0.8547009229660034,1.6528924703598022,0.8333333730697632,0.8333333730697632,0,0.8333333730697632,0.8333333730697632,0.8264462351799011,0.8333333730697632,0,0.8333333730697632,0,60248.13751220703,126903.43560791016,192.3245849609375,104.5643081665039,0,335872,33210380288,8589930496,1918939136,0
200,1737285996386,2100,2003,1456,1429,1474,1535,1450,1460,1405,1365,1500,1451,100,0.8547009229660034,1.6528924703598022,0.8333333730697632,0.8333333730697632,0,0.8333333730697632,0.8333333730697632,0.8264462351799011,0.8333333730697632,0,0.8333333730697632,0,60249.52557373047,126904.06884765625,192.3245849609375,100.41841125488281,0,335872,33210380288,8589930496,1918939136,0
200,1737285996586,2100,1876,1261,1272,1775,1946,1406,1455,1446,1413,1187,1195,100,0.8547009229660034,1.6528924703598022,0.8333333730697632,0.8333333730697632,0,0.8333333730697632,0.8333333730697632,0.8264462351799011,0.8333333730697632,0,0.8333333730697632,0,60250.90051269531,126904.69635009766,192.3245849609375,100.41841125488281,0,335872,33210380288,8589930496,1918939136,0
200,1737285996786,2100,2100,1455,1284,2100,1848,1245,1500,1500,1179,1475,1416,100,0.8547009229660034,1.6528924703598022,0.8333333730697632,0.8333333730697632,0,0.8333333730697632,0.8333333730697632,0.8264462351799011,0.8333333730697632,0,0.8333333730697632,0,60252.27899169922,126905.32427978516,192.3245849609375,100.41841125488281,0,335872,33210380288,8589930496,1918939136,0
200,1737285996986,2099,1464,1381,400,1774,1411,1368,1123,1100,1160,1389,1440,100,0.8547009229660034,1.6528924703598022,0.8333333730697632,0.8333333730697632,0,0.8333333730697632,0.8333333730697632,0.8264462351799011,0.8333333730697632,0,0.8333333730697632,0,60253.651306152344,126905.94989013672,192.3245849609375,100.41841125488281,0,335872,33210380288,8589930496,1918939136,0
200,1737285997186,2100,1539,962,867,1698,1046,559,497,440,511,671,850,100,0.8547009229660034,1.6528924703598022,0.8333333730697632,0.8333333730697632,0,0.8333333730697632,0.8333333730697632,0.8264462351799011,0.8333333730697632,0,0.8333333730697632,0,60255.030822753906,126906.5785522461,192.3245849609375,50.10437774658203,0,335872,33210380288,8589930496,1918939136,0
200,1737285997386,2100,2099,1475,1478,1971,1984,1371,1408,1377,1381,400,1459,100,0.8547009229660034,1.6528924703598022,0.8333333730697632,0.8333333730697632,0,0.8333333730697632,0.8333333730697632,0.8264462351799011,0.8333333730697632,0,0.8333333730697632,0,60256.40460205078,126907.20556640625,192.3245849609375,100,0,335872,33210380288,8589930496,1918939136,0
200,1737285997587,2099,1983,1393,1370,1954,1909,1396,1470,1472,1423,1336,1368,100,0.8547009229660034,1.6528924703598022,0.8333333730697632,0.8333333730697632,0,0.8333333730697632,0.8333333730697632,0.8264462351799011,0.8333333730697632,0,0.8333333730697632,0,60257.78723144531,126907.8325805664,192.3245849609375,100,0,335872,33210380288,8589930496,1918939136,0
200,1737285997787,2100,1919,1472,1408,1952,1971,1400,1305,1464,1402,1218,1499,100,0.8547009229660034,1.6528924703598022,0.8333333730697632,0.8333333730697632,0,0.8333333730697632,0.8333333730697632,0.8264462351799011,0.8333333730697632,0,0.8333333730697632,0,60259.160583496094,126908.45751953125,192.3245849609375,100,0,335872,33210380288,8589930496,1918939136,0
200,1737285997987,2100,1275,957,400,1643,400,400,1370,1373,1401,400,400,100,0.8547009229660034,1.6528924703598022,0.8333333730697632,0.8333333730697632,0,0.8333333730697632,0.8333333730697632,0.8264462351799011,0.8333333730697632,0,0.8333333730697632,0,60260.55334472656,126909.09729003906,192.3245849609375,50.209205627441406,0,335872,33210380288,8589930496,1918939136,0
200,1737285998187,2100,811,1265,1422,1017,1531,1500,1500,1345,1312,1151,1046,100,0.8547009229660034,1.6528924703598022,0.8333333730697632,0.8333333730697632,0,0.8333333730697632,0.8333333730697632,0.8264462351799011,0.8333333730697632,0,0.8333333730697632,0,60261.927795410156,126909.72180175781,192.3245849609375,100,0,335872,33210380288,8589930496,1918939136,0
200,1737285998387,2100,1713,858,796,1262,1674,675,854,949,933,965,860,100,0.7672634720802307,0.2506265640258789,0.5,0.75,0.75,0.5012531280517578,0.748129665851593,0.75,0.5,0.748129665851593,0.5,0,60263.30303955078,126910.34991455078,192.3245849609375,100,0,335872,33210380288,8589930496,1918935040,0
200,1737285998587,2099,2050,1395,1387,1989,2007,1499,1499,1499,1478,400,1403,100,0,4.761904716491699,0,0,0,0,0,0,0,0,4.761904716491699,0,60264.67346191406,126910.97552490234,192.3245849609375,100,0,335872,33210380288,8589930496,1918935040,0
200,1737285998788,2100,2100,1453,1458,1990,2014,1428,1339,1429,1413,1343,1471,100,0,4.761904716491699,0,0,0,0,0,0,0,0,4.761904716491699,0,60266.05450439453,126911.6019897461,192.3245849609375,100,0,335872,33210380288,8589930496,1918935040,0
200,1737285998988,2099,555,400,400,1956,883,1357,1460,1423,1397,400,574,100,0,0,0,0,0,0,0,0,0,0,0,0,60267.431579589844,126912.228515625,192.3245849609375,100,0,335872,33210380288,8589930496,1918935040,0
200,1737285999188,2100,1849,1425,1407,1818,1682,1401,1381,1468,1446,1220,1340,100,0,0,0,0,0,0,0,0,0,0,0,0,60268.799743652344,126912.8501586914,192.3245849609375,100.41841125488281,0,335872,33210380288,8589930496,1918935040,0
200,1737285999388,2100,1665,1339,1349,1834,1839,1411,1274,1278,1341,400,1500,100,0,0,0,0,0,0,0,0,0,0,0,0,60270.17663574219,126913.47540283203,192.3245849609375,50.10437774658203,0,335872,33210380288,8589930496,1918935040,0
200,1737285999588,2100,2056,400,1476,2100,1997,1499,1500,1500,768,1426,1487,100,0,0,0,0,0,0,0,0,0,0,0,0,60271.568359375,126914.1118774414,192.3245849609375,100.41841125488281,0,335872,33210380288,8589930496,1918935040,0
200,1737285999788,2100,1977,1488,1432,2005,2100,1413,1417,1398,1475,1468,1500,100,0,0,0,0,0,0,0,0,0,0,0,0,60272.947326660156,126914.74011230469,192.3245849609375,100,0,335872,33210380288,8589930496,1918935040,0
199,1737285999989,2100,2063,1476,1470,2100,1961,1492,1479,1476,1460,400,1483,100,0,0,0,0,1.9801980257034302,1.9801980257034302,0,1,1,0,0,0,60274.32556152344,126915.3671875,192.3245849609375,100,0,335872,33210380288,8589930496,1918935040,0
200,1737286000189,2100,2031,1459,1452,1987,1933,1388,1361,1360,1370,400,400,100,0,0,0,0,0,0,4.761904716491699,0,0,0,0,0,60275.70147705078,126915.9931640625,192.32476806640625,100.41841125488281,0,335872,33210380288,8589930496,1918935040,0
200,1737286000389,2100,1658,1464,1458,1937,1938,1280,1283,1303,1416,400,1356,100,0,0,4.761904716491699,4.761904716491699,0,0,0,0,0,0,0,0,60277.06658935547,126916.61462402344,192.32476806640625,100.41841125488281,0,335872,33210380288,8589930496,1918935040,0
200,1737286000589,2099,1309,400,1372,1581,1797,1328,1381,1406,1410,1077,1408,100,0,0,4.761904716491699,0,0,0,0,0,0,0,0,0,60278.44226074219,126917.24151611328,192.32476806640625,100,0,335872,33210380288,8589930496,1918935040,0
200,1737286000789,2100,2099,400,1500,1475,1502,1092,1450,400,1499,1500,400,100,5,0,0,5,0,0,0,0,0,0,0,0,60279.82531738281,126917.8765258789,192.32476806640625,100.84033203125,0,335872,33210380288,8589930496,1918935040,0
200,1737286000989,2100,1679,917,847,1017,1714,1374,1063,1166,1134,1338,976,100,5,0,0,5,0,0,0,0,0,0,0,0,60281.20196533203,126918.49212646484,192.32476806640625,99.58505249023438,0,335872,33210380288,8589930496,1918935040,0
200,1737286001189,2099,2100,1458,1463,1981,1993,1410,1435,1420,1402,1474,1468,100,0,0,0,0,0,0,0,0,0,0,0,0,60282.56951904297,126919.1304321289,192.32476806640625,100,0,335872,33210380288,8589930496,1918935040,0
200,1737286001390,2099,1958,1455,1460,1969,1928,1500,1436,1462,1461,1401,1456,100,0,0,0,0,0,0,0,4.761904716491699,0,0,0,0,60283.94189453125,126919.75750732422,192.32476806640625,100.41841125488281,0,335872,33210380288,8589930496,1918935040,0
200,1737286001590,2100,1910,400,400,1949,2100,1480,1499,1500,1408,1391,1478,100,0,0,0,0,4.761904716491699,0,0,0,0,0,0,0,60285.31378173828,126920.38214111328,192.32476806640625,100,0,335872,33210380288,8589930496,1918935040,0
200,1737286001790,2100,544,400,400,1638,1859,1416,1246,1406,1409,400,400,100,0,0,0,0,4.761904716491699,0,0,0,0,0,0,0,60286.6875,126921.01086425781,192.32476806640625,100.41841125488281,0,335872,33210380288,8589930496,1918935040,0
200,1737286001990,2100,1856,1069,1400,1811,1708,1260,1025,1402,1413,400,1390,100,0,0,0,0,4.761904716491699,0,0,0,0,0,0,0,60288.052307128906,126921.63403320313,192.32476806640625,50.10437774658203,0,335872,33210380288,8589930496,1918935040,0
200,1737286002190,2100,2100,1460,1465,1971,1985,1476,1473,1450,1484,1366,1460,100,0,0,0,0,4.761904716491699,0,0,0,0,0,0,0,60289.440490722656,126922.2720336914,192.32476806640625,100.84033203125,0,335872,33210380288,8589930496,1918935040,0
200,1737286002391,2099,1878,400,400,1572,1962,1500,1439,1474,1500,877,400,100,0,0,0,0,4.761904716491699,0,0,0,0,0,0,0,60290.80633544922,126922.89361572266,192.32476806640625,100,0,335872,33210380288,8589930496,1918935040,0
200,1737286002591,2100,1854,631,1474,1986,1951,1395,1474,1478,1480,1500,1500,100,0,0,0,0,4.761904716491699,0,0,0,0,0,0,0,60292.18408203125,126923.52465820313,192.32476806640625,100,0,335872,33210380288,8589930496,1918935040,0
200,1737286002791,2100,1847,1500,1346,1827,1877,1370,1251,1342,1378,1451,1403,100,0,0,0,0,4.761904716491699,0,0,0,0,0,0,0,60293.56213378906,126924.15380859375,192.32476806640625,50.209205627441406,0,335872,33210380288,8589930496,1918935040,0
200,1737286002991,2100,1873,1309,1420,1730,1693,1121,1127,1111,1139,1415,1328,100,0,0,0,0,4.761904716491699,0,0,0,0,0,0,0,60294.930908203125,126924.77856445313,192.32476806640625,50.209205627441406,0,335872,33210380288,8589930496,1918935040,0
200,1737286003191,2100,2100,1446,1461,2100,2100,1439,1463,1499,1325,1228,400,100,0,0,0,0,0,4.761904716491699,4.761904716491699,0,4.761904716491699,0,0,0,60296.316650390625,126925.41522216797,192.32476806640625,100,0,335872,33210380288,8589930496,1918935040,0
200,1737286003391,2100,1639,1466,1391,1569,1929,1461,1432,1430,1330,400,1500,100,5,0,0,4.761904716491699,0,0,0,4.761904716491699,0,0,0,0,60297.689208984375,126926.04040527344,192.32476806640625,100.41841125488281,0,335872,33210380288,8589930496,1918935040,0
199,1737286003592,2100,1901,1457,1464,1913,1968,1404,1412,1434,1355,1426,1478,100,5,0,0,4.761904716491699,0,0,0,4.761904716491699,0,0,0,0,60299.06134033203,126926.66571044922,192.32476806640625,99.58505249023438,0,335872,33210380288,8589930496,1918926848,0
200,1737286003792,2100,2031,1454,1401,1943,1902,1462,1374,1465,1373,1401,1466,100,0,0,0,0,0,0,0,0,0,0,0,0,60300.44268798828,126927.29791259766,192.32476806640625,100.41841125488281,0,335872,33210380288,8589930496,1918926848,0
200,1737286003992,2100,1675,1384,1383,1710,1604,1401,1448,1429,1389,400,1388,100,0,0,0,5,0,0,0,0,0,0,0,0,60301.81427001953,126927.92364501953,192.32476806640625,100.84033203125,0,335872,33210380288,8589930496,1918926848,0
200,1737286004192,2100,1703,1286,1321,1134,1295,1499,1499,1010,1500,1499,1318,100,0,4.761904716491699,0,0,4.761904716491699,0,0,0,0,0,0,0,60303.18444824219,126928.54803466797,192.32476806640625,100,0,335872,33210380288,8589930496,1918926848,0
200,1737286004392,2100,2043,1472,1474,2099,1971,1458,1450,1347,1478,1383,1407,100,0,0,4.761904716491699,0,0,0,0,0,0,0,0,0,60304.57110595703,126929.18530273438,192.32476806640625,100,0,335872,33210380288,8589930496,1918926848,0
200,1737286004593,2100,2062,1465,1471,1901,1967,1366,1403,1380,1415,1429,1499,100,4.761904716491699,0,0,0,0,0,0,0,0,0,4.761904716491699,0,60305.942626953125,126929.81256103516,192.32476806640625,100,0,335872,33210380288,8589930496,1918926848,0
200,1737286004793,2100,2049,1499,1415,1959,1966,1368,1369,1393,1443,400,1456,100,0,0,0,0,0,0,0,0,0,0,4.761904716491699,0,60307.319763183594,126930.44165039063,192.32476806640625,100.41841125488281,0,335872,33210380288,8589930496,1918926848,0
162,1737286005030,2099,2031,1500,1474,1959,2100,1424,1409,400,1437,400,1500,100,0,0,0,0,0,0,0,0,0,0,0,0,60308.93280029297,126931.17492675781,192.32476806640625,120.00000762939453,0,335872,33210380288,8589930496,1918926848,0
200,1737286005193,2100,1424,1347,1375,1734,1203,1136,1135,1379,1160,1247,1393,100,0,0,0,0,0,0,0,0,0,0,0,0,60310.05596923828,126931.69061279297,192.32476806640625,67.84452056884766,0,335872,33210380288,8589930496,1918926848,0
200,1737286005393,2100,1974,1500,1500,2099,2100,1500,1471,1480,1500,1500,1348,100,0,0,0,0,0,0,0,0,0,0,0,0,60311.43054199219,126932.31927490234,192.32476806640625,55.42725372314453,0,335872,33210380288,8589930496,1918926848,0
200,1737286005593,2100,1977,1424,1441,1943,1945,1473,1432,1457,1475,400,1455,100,0,0,0,0,0,0,0,0,0,0,0,0,60312.81463623047,126932.95495605469,192.32476806640625,99.58505249023438,0,335872,33210380288,8589930496,1918926848,0
200,1737286005794,2100,2058,1497,1499,1950,2100,1413,1327,1471,1412,1265,400,100,0,0,0,0,0,0,0,0,0,0,0,0,60314.1650390625,126933.56640625,192.32476806640625,99.58505249023438,0,335872,33210380288,8589930496,1918926848,0
200,1737286005994,2100,1943,1339,1457,1876,1872,1426,1461,1500,1460,1402,1458,100,0,0,0,0,0,0,0,0,0,0,0,0,60315.551025390625,126934.20275878906,192.32476806640625,100.84033203125,0,335872,33210380288,8589930496,1918926848,0
200,1737286006194,2100,1832,1414,1388,1723,1563,1268,1253,1260,1287,1428,1430,100,0,0,4.761904716491699,0,0,0,0,0,0,4.761904716491699,0,0,60316.92272949219,126934.82934570313,192.32476806640625,100,0,335872,33210380288,8589930496,1918926848,0
200,1737286006394,2100,1780,1277,1499,2100,1819,400,1211,1287,1366,400,1147,100,0,0,0,0,0,0,0,0,4.761904716491699,0,0,0,60318.29815673828,126935.4585571289,192.32476806640625,100.41841125488281,0,335872,33210380288,8589930496,1918926848,0
200,1737286006594,2100,2100,1464,1478,2057,2100,1369,1411,1400,1425,1366,400,100,0,0,0,0,0,0,0,0,4.761904716491699,0,0,0,60319.67419433594,126936.08819580078,192.32476806640625,100.41841125488281,0,335872,33210380288,8589930496,1918926848,0
200,1737286006795,2100,1999,1499,1399,1969,1683,1435,1349,1441,1444,400,1499,100,0,0,0,5,4.761904716491699,0,0,0,0,0,0,0,60321.04473876953,126936.7133178711,192.32476806640625,99.58505249023438,0,335872,33210380288,8589930496,1918926848,0
200,1737286006995,2100,2052,1473,1384,1915,1963,1386,1413,1399,1424,1448,1484,100,0,0,0,5,4.761904716491699,0,0,0,0,0,0,0,60322.414001464844,126937.33959960938,192.32476806640625,100.41841125488281,0,335872,33210380288,8589930496,1918926848,0
200,1737286007195,2100,2006,400,1272,400,879,1452,1391,1415,1393,400,1336,100,0,0,0,0,0,0,0,0,0,0,0,0,60323.80285644531,126937.97802734375,192.32476806640625,100.41841125488281,0,335872,33210380288,8589930496,1918926848,0
200,1737286007395,2100,1572,1205,1379,1710,1701,1361,1398,1359,1466,1411,1440,100,5,0,0,0,4.761904716491699,0,0,0,0,0,4.761904716491699,0,60325.176513671875,126938.60717773438,192.32476806640625,100,0,335872,33210380288,8589930496,1918926848,0
200,1737286007595,2100,1814,1390,1500,1864,1552,1036,1085,1094,1102,400,1386,100,0,0,0,0,0,4.761904716491699,4.761904716491699,0,0,0,0,0,60326.55352783203,126939.23742675781,192.32476806640625,99.58505249023438,0,335872,33210380288,8589930496,1918926848,0
200,1737286007795,2099,1667,535,728,1286,1782,1011,938,1341,1272,617,1061,100,0,0,0,0,0,4.761904716491699,4.761904716491699,0,0,0,0,0,60327.930725097656,126939.86932373047,192.32476806640625,100,0,335872,33210380288,8589930496,1918926848,0
200,1737286007995,2100,2008,1461,1354,1919,2065,1499,1441,1451,1477,1306,1357,100,0,0,0,0,0,0,0,0,0,0,0,0,60329.305236816406,126940.49743652344,192.32476806640625,100.41841125488281,0,335872,33210380288,8589930496,1918926848,0
200,1737286008196,2100,2030,1464,1474,1945,1936,1399,1419,1403,1425,1431,1429,100,0,0,0,0,0,0,0,0,0,0,0,0,60330.67565917969,126941.12194824219,192.32476806640625,99.58505249023438,0,335872,33210380288,8589930496,1918926848,0
199,1737286008396,2099,2000,1423,1484,1896,1824,1472,1436,1433,1471,1391,1482,100,0,0,4.761904716491699,0,0,4.761904716491699,0,0,0,0,0,0,60332.06701660156,126941.76336669922,192.32476806640625,100.84033203125,0,335872,33210380288,8589930496,1918926848,0
200,1737286008596,2100,2041,1302,1338,1660,1597,1382,1462,1434,1452,1219,400,100,0,0,0,0,0,0,0,0,0,0,0,0,60333.43981933594,126942.39221191406,192.32476806640625,100,0,335872,33210380288,8589930496,1918926848,0
200,1737286008796,2100,1765,1417,1329,1905,1916,1435,1314,1343,1300,1273,1440,100,0,0,0,0,0,0,0,0,0,0,0,0,60334.803771972656,126943.01318359375,192.32476806640625,100.41841125488281,0,335872,33210380288,8589930496,1918926848,0
200,1737286008996,2100,1905,1367,1391,1818,1641,1424,1499,1368,1293,1233,1421,100,0,0,0,0,0,0,0,0,0,0,0,0,60336.188720703125,126943.64880371094,192.32476806640625,50.209205627441406,0,335872,33210380288,8589930496,1918926848,0
200,1737286009196,2100,1842,1390,1499,1998,1801,1424,1339,1456,1500,1500,1320,100,0,0,0,0,0,0,0,0,0,0,0,0,60337.56475830078,126944.27770996094,192.32476806640625,104.13223266601563,0,335872,33210380288,8589930496,1918926848,0
200,1737286009396,2100,1995,400,1427,1984,1892,1461,1459,1411,1458,1412,1424,100,0,0,0,0,0,0,0,0,0,0,0,0,60338.93310546875,126944.90264892578,192.32476806640625,94.21488189697266,0,335872,33210380288,8589930496,1918918656,0
200,1737286009597,2100,2100,1479,400,1979,1946,1462,1467,1404,1423,1400,400,100,0,0,0,0,0,0,0,0,0,0,0,0,60340.31066894531,126945.53448486328,192.32476806640625,50.420166015625,0,335872,33210380288,8589930496,1918918656,0
200,1737286009797,2099,2090,1410,1447,1910,1869,1419,1358,1417,1443,1375,1465,100,0,0,0,0,0,0,0,0,0,0,0,0,60341.68963623047,126946.1654663086,192.32476806640625,104.99999237060547,0,335872,33210380288,8589930496,1918918656,0
200,1737286009997,2100,1927,1431,1446,1884,1941,1302,1330,1283,1340,1451,1459,100,0,0,0,0,0,0,0,0,0,0,0,0,60343.079162597656,126946.79620361328,192.32476806640625,100,0,335872,33210380288,8589930496,1918918656,0
200,1737286010197,2100,1865,1371,1352,1417,1901,890,1198,1428,1175,1500,1398,100,0,0,0,0,0,0,0,0,0,0,5,0,60344.46807861328,126947.42724609375,192.32550048828125,101.26582336425781,0,335872,33210380288,8589930496,1918918656,0
200,1737286010397,2100,1530,1420,1193,1685,1561,1300,1315,1218,1254,1300,1281,100,4.761904716491699,0,0,4.761904716491699,0,0,0,0,0,0,0,0,60345.842834472656,126948.0668334961,192.32550048828125,94.60580444335938,0,335872,33210380288,8589930496,1918918656,0
200,1737286010597,2100,1989,1438,1485,2100,1979,1431,1435,1430,1473,1384,1458,100,0,0,0,0,0,4.761904716491699,0,0,0,0,0,0,60347.21643066406,126948.69482421875,192.32550048828125,100.41841125488281,0,335872,33210380288,8589930496,1918918656,0
200,1737286010798,2100,2049,1456,1421,1967,1959,1392,1335,1397,1399,1499,1473,100,0,0,0,0,4.761904716491699,0,4.761904716491699,0,0,0,0,0,60348.59161376953,126949.3189086914,192.32550048828125,105.4393310546875,0,335872,33210380288,8589930496,1918918656,0
200,1737286010998,2100,1868,1378,1494,1859,1949,1466,1402,1421,1340,1420,1274,100,4.761904716491699,0,0,0,0,0,0,0,0,0,0,0,60349.975036621094,126949.95086669922,192.32550048828125,100,0,335872,33210380288,8589930496,1918918656,0
200,1737286011198,2099,1922,1461,1423,1747,1828,1275,1313,1230,1320,400,1274,100,0,0,0,0,0,0,5,4.761904716491699,0,0,0,0,60351.34777832031,126950.57794189453,192.32550048828125,100,0,335872,33210380288,8589930496,1918918656,0
200,1737286011398,2100,1699,1415,1424,1872,1376,1275,1246,1209,1308,1420,1133,100,0,0,0,0,0,0,0,4.761904716491699,0,0,0,0,60352.741638183594,126951.2182006836,192.32550048828125,100.84033203125,0,335872,33210380288,8589930496,1918918656,0
200,1737286011598,2100,2083,1412,1420,1961,2100,1500,400,1500,1499,1368,1384,100,0,0,0,0,0,0,0,0,0,0,0,0,60354.112731933594,126951.84307861328,192.32550048828125,100.41841125488281,0,335872,33210380288,8589930496,1918918656,0
200,1737286011798,2100,2037,1423,1401,1991,1944,1434,1394,1456,1475,1461,1408,100,0,4.761904716491699,4.761904716491699,4.761904716491699,0,0,0,0,0,4.761904716491699,0,0,60355.49694824219,126952.47198486328,192.32550048828125,100,0,335872,33210380288,8589930496,1918918656,0
200,1737286011999,2100,564,1436,1169,998,894,1417,1419,400,1411,1340,1346,100,0,0,0,0,0,0,0,0,0,0,0,0,60356.89794921875,126953.11108398438,192.32550048828125,100,0,335872,33210380288,8589930496,1918918656,0
200,1737286012199,2100,1876,1451,1463,1942,1868,1365,1373,1372,1375,1450,1413,100,0,0,0,0,0,0,0,0,0,0,0,0,60358.26678466797,126953.73217773438,192.32550048828125,100.41841125488281,0,335872,33210380288,8589930496,1918918656,0
200,1737286012399,2100,1077,1331,1419,1652,1665,1408,1415,1420,1432,1150,1486,100,0,0,0,0,0,0,0,0,0,0,0,0,60359.66339111328,126954.37084960938,192.32550048828125,50.10437774658203,0,335872,33210380288,8589930496,1918918656,0
200,1737286012599,2100,1985,1500,1500,2100,1997,1499,1499,1499,1500,1500,1479,100,0,0,0,0,0,0,0,0,0,0,0,0,60361.041931152344,126955.00091552734,192.32550048828125,100,0,335872,33210380288,8589930496,1918918656,0
200,1737286012799,2099,1849,1443,1362,1617,1903,1385,1446,1439,1465,1434,1384,100,0,0,0,0,0,0,0,0,0,0,0,0,60362.419372558594,126955.6294555664,192.32550048828125,100,0,335872,33210380288,8589930496,1918918656,0
200,1737286013000,2099,2100,1306,1382,1973,1844,1387,1413,1360,1418,1134,1246,100,0,0,0,0,0,0,0,0,0,0,0,0,60363.801696777344,126956.26110839844,192.32550048828125,100.41841125488281,0,335872,33210380288,8589930496,1918918656,0
200,1737286013200,2100,1909,1462,1341,1980,1979,1402,1465,1464,1401,1378,1461,100,0,0,0,0,0,0,0,0,0,0,0,0,60365.17724609375,126956.888671875,192.32550048828125,100.41841125488281,0,335872,33210380288,8589930496,1918918656,0
200,1737286013400,2100,2054,1431,1460,1969,1806,1310,1455,1419,1415,1353,1430,100,0,0,0,0,0,0,0,0,0,0,0,0,60366.55291748047,126957.51599121094,192.32550048828125,50.209205627441406,0,335872,33210380288,8589930496,1918918656,0
200,1737286013600,2100,1945,1447,1391,2100,1825,1441,1499,1499,1499,1403,1476,100,0,0,0,0,0,0,0,0,0,0,0,0,60367.94171142578,126958.1470336914,192.32550048828125,100.41841125488281,0,335872,33210380288,8589930496,1918918656,0
200,1737286013800,2100,1737,1354,1274,1868,1901,1291,1215,1292,1301,1275,1345,100,0,0,0,0,0,0,0,0,0,0,0,0,60369.30596923828,126958.76947021484,192.32550048828125,100.41841125488281,0,335872,33210380288,8589930496,1918918656,0
200,1737286014000,2100,1970,911,1399,2100,1954,1500,1385,1483,1474,400,1499,100,0,0,0,0,0,0,0,0,0,0,0,0,60370.69500732422,126959.39727783203,192.32550048828125,50.209205627441406,0,335872,33210380288,8589930496,1918918656,0
200,1737286014200,2100,464,400,400,1628,452,805,759,798,1067,400,400,100,0,0,0,0,0,0,0,0,0,0,0,0,60372.05847167969,126960.0249633789,192.32550048828125,50.209205627441406,0,335872,33210380288,8589930496,1918918656,0
200,1737286014400,2100,1979,1477,1413,1993,1980,1370,1379,1389,1411,1454,400,100,0.4672897160053253,0.456620991230011,0.45454543828964233,0.456620991230011,0.45454543828964233,0.9049774408340454,0.456620991230011,0.456620991230011,0.456620991230011,0.45454543828964233,0.456620991230011,0,60373.455993652344,126960.66314697266,192.32550048828125,100.41841125488281,0,335872,33210380288,8589930496,1918918656,0
200,1737286014601,2100,1909,1428,1375,1903,1852,1291,1335,1337,1309,1282,1465,100,0,4.761904716491699,0,0,4.761904716491699,0,0,0,4.761904716491699,0,0,0,60374.84307861328,126961.29388427734,192.32550048828125,100.41841125488281,0,335872,33210380288,8589930496,1918918656,0
200,1737286014801,2100,1380,1485,1250,1561,1728,1367,1227,1424,1328,400,1362,100,0,0,0,0,0,0,4.761904716491699,0,0,0,0,0,60376.22247314453,126961.91906738281,192.32550048828125,100,0,335872,33210380288,8589930496,1918918656,0
200,1737286015001,2100,1454,400,896,1765,1581,1372,1400,1412,1362,1152,850,100,0,0,0,0,0,0,0,0,0,0,0,0,60377.60272216797,126962.546875,192.32550048828125,100.84033203125,0,335872,33210380288,8589930496,1918918656,0
200,1737286015201,2100,1803,1380,1165,1978,1984,1500,1500,1477,1449,1364,1426,100,5,0,0,4.761904716491699,0,0,0,0,0,0,4.761904716491699,0,60378.975158691406,126963.17364501953,192.32550048828125,100,0,335872,33210380288,8589930496,1918918656,0
200,1737286015401,2099,2008,1280,1299,1745,1413,1337,1435,1437,1460,1339,1463,100,0,0,4.761904716491699,0,0,0,0,0,0,0,0,0,60380.36315917969,126963.80596923828,192.32550048828125,99.58505249023438,0,335872,33210380288,8589930496,1918918656,0
200,1737286015602,2100,1869,400,400,1825,1957,1410,1367,1446,1314,400,400,100,0,0,0,0,0,0,0,0,0,0,0,0,60381.73864746094,126964.42956542969,192.32550048828125,100.41841125488281,0,335872,33210380288,8589930496,1918918656,0
200,1737286015802,2100,2037,1406,1348,1951,1943,1329,1295,1386,1344,1337,400,100,0,0,0,0,0,0,0,0,0,0,0,0,60383.125915527344,126965.06536865234,192.32550048828125,100.41841125488281,0,335872,33210380288,8589930496,1918918656,0
200,1737286016002,2100,1637,971,400,1280,1610,1380,1452,1382,1397,400,400,100,0,0,0,0,0,0,0,0,0,0,0,0,60384.50036621094,126965.69250488281,192.32550048828125,50.209205627441406,0,335872,33210380288,8589930496,1918918656,0
200,1737286016202,2100,1560,1499,400,1861,400,1199,1233,1356,1429,1104,400,100,0,0,0,0,1.6666667461395264,0,0,0,0,0,0,0,60385.88104248047,126966.32250976563,192.32550048828125,50.209205627441406,0,335872,33210380288,8589930496,1918918656,0
200,1737286016402,2100,2100,1500,1500,2100,1975,1499,1476,1418,1461,1338,1499,100,0,0,0,4.761904716491699,0,0,0,0,0,4.761904716491699,4.761904716491699,0,60387.27215576172,126966.96075439453,192.32550048828125,100.41841125488281,0,335872,33210380288,8589930496,1918918656,0
200,1737286016602,2100,781,400,400,400,400,400,400,400,400,400,400,100,0,0,0,4.761904716491699,0,0,0,0,0,4.761904716491699,4.761904716491699,0,60388.63702392578,126967.57800292969,192.32550048828125,100,0,335872,33210380288,8589930496,1918918656,0
200,1737286016803,2100,1853,1500,1317,2100,1559,1456,1343,1500,1499,1385,1371,100,0,0,0,4.761904716491699,0,0,0,0,0,4.761904716491699,4.761904716491699,0,60390.0322265625,126968.21716308594,192.32550048828125,50.209205627441406,0,335872,33210380288,8589930496,1918918656,0
200,1737286017003,2100,1965,1392,1393,1895,1968,1464,1403,1475,1467,1464,1466,100,0,0,0,4.761904716491699,0,0,0,0,0,4.761904716491699,4.761904716491699,0,60391.422302246094,126968.84924316406,192.32550048828125,50.209205627441406,0,335872,33210380288,8589930496,1918918656,0
200,1737286017203,2100,1799,1425,1418,1865,1789,400,1326,1448,1437,1428,1380,100,0,0,0,0,0,0,0,4.761904716491699,0,0,0,0,60392.79541015625,126969.47344970703,192.32550048828125,100.41841125488281,0,335872,33210380288,8589930496,1918918656,0
200,1737286017403,2100,1738,1406,1227,1842,1830,400,1281,1336,400,1427,1365,100,4.761904716491699,0,0,0,0,0,0,0,0,0,0,0,60394.178771972656,126970.10375976563,192.32550048828125,100,0,335872,33210380288,8589930496,1918619648,0
200,1737286017603,2099,1907,1404,1422,1834,2100,1500,1481,1467,1475,1429,1425,100,0,0,4.761904716491699,0,0,4.761904716491699,0,0,0,0,0,0,60395.55780029297,126970.73321533203,192.32550048828125,100.84033203125,0,335872,33210380288,8589930496,1918619648,0
200,1737286017803,2100,1425,400,400,400,1715,1444,1381,1469,1447,942,968,100,0,0,0,0,0,0,0,0,0,0,0,0,60396.952392578125,126971.37194824219,192.32550048828125,100,0,335872,33210380288,8589930496,1918619648,0
200,1737286018004,2099,1950,1463,1447,1862,1866,1400,1370,1366,1370,400,1426,100,0,0,0,0,0,0,0,0,0,0,0,0,60398.33428955078,126972.00109863281,192.32550048828125,100.41841125488281,0,335872,33210380288,8589930496,1918619648,0
200,1737286018204,2100,1894,1458,1449,1952,1788,1450,1385,1388,1458,400,1459,100,0,0,0,0,0,0,0,0,0,0,0,0,60399.712951660156,126972.62823486328,192.32550048828125,100,0,335872,33210380288,8589930496,1918619648,0
200,1737286018404,2099,1938,1466,1458,1828,1792,1477,1500,1428,1394,1442,1404,100,0,0,0,0,0,0,0,0,0,0,0,0,60401.082580566406,126973.25018310547,192.32550048828125,50.31446838378906,0,335872,33210380288,8589930496,1917280256,0
200,1737286018604,2099,492,1424,1431,1482,665,1324,1499,1500,1499,1323,400,100,0,0,0,0,0,0,0,0,0,0,0,0,60402.46252441406,126973.87524414063,192.32550048828125,50.31446838378906,0,335872,33210380288,8589930496,1917280256,0
200,1737286018804,2100,2100,1463,1436,1964,1967,1468,1417,1419,1477,1209,1403,100,0,1.6393442153930664,0,0,0,0,3.278688430786133,0,0,0,0,0,60403.836853027344,126974.49993896484,192.32550048828125,99.58505249023438,0,335872,33210380288,8589930496,1917280256,0
200,1737286019005,2099,2045,1500,1473,1965,1915,1415,1473,1448,1473,1499,1499,100,0,0,0,0,0,0,0,0,0,0,0,0,60405.23992919922,126975.12866210938,192.32550048828125,100.41841125488281,0,335872,33210380288,8589930496,1917280256,0
200,1737286019205,2100,543,400,1499,1239,678,1366,1407,1353,1400,1369,400,100,0,0,0,0,0,0,0,0,0,0,0,0,60406.613830566406,126975.76477050781,192.32550048828125,100.41841125488281,0,335872,33210380288,8589930496,1917280256,0
200,1737286019405,2100,2100,1499,1435,2100,2100,1499,1500,1364,1499,1349,1500,100,0,0,0,0,4.761904716491699,0,0,0,4.761904716491699,0,4.761904716491699,0,60407.99481201172,126976.39526367188,192.32550048828125,100.84033203125,0,335872,33210380288,8589930496,1916604416,0
200,1737286019605,2100,1887,1411,1140,1680,1897,1404,1262,1373,1448,1433,1431,100,0,0,0,0,4.761904716491699,0,0,0,4.761904716491699,0,4.761904716491699,0,60409.38201904297,126977.02648925781,192.32550048828125,100.41841125488281,0,335872,33210380288,8589930496,1916604416,0
200,1737286019805,2100,1261,1173,851,1283,400,1342,1006,1266,400,937,1167,100,0,0,0,0,4.761904716491699,0,0,0,4.761904716491699,0,4.761904716491699,0,60410.765869140625,126977.65686035156,192.32550048828125,50,0,335872,33210380288,8589930496,1916604416,0
200,1737286020005,2100,1859,1456,1499,2005,1947,1500,1483,1483,400,400,1429,100,0,0,0,0,4.761904716491699,0,0,0,4.761904716491699,0,4.761904716491699,0,60412.139404296875,126978.27722167969,192.32550048828125,100.41841125488281,0,335872,33210380288,8589930496,1916604416,0
200,1737286020206,2100,2064,1478,1480,1948,2100,1400,1372,1402,1456,400,1469,100,0,0,0,0,4.761904716491699,0,0,0,4.761904716491699,0,4.761904716491699,0,60413.51257324219,126978.90234375,192.32550048828125,100,0,335872,33210380288,8589930496,1916604416,0
199,1737286020406,2100,2099,1411,1457,1764,1955,1386,1400,1422,1375,400,1417,100,0,0,0,0,4.761904716491699,0,0,0,4.761904716491699,0,4.761904716491699,0,60414.898864746094,126979.53436279297,192.32550048828125,100.84033203125,0,335872,33210380288,8589930496,1916493824,0
200,1737286020606,2100,2045,1499,1499,1803,1866,1305,1306,1370,1359,1439,1360,100,0.8474576473236084,0.8264462351799011,0,1.6528924703598022,0.8333333730697632,0.8333333730697632,0,0.8333333730697632,0,0.8333333730697632,0,0,60416.27606201172,126980.15954589844,192.32550048828125,100.84033203125,0,335872,33210380288,8589930496,1916493824,0
200,1737286020806,2100,1623,1499,1361,1834,1890,1404,1272,1378,1395,1453,1313,100,0,0,0,0,0,0,0,0,4.761904716491699,0,0,0,60417.67254638672,126980.79901123047,192.32550048828125,99.58505249023438,0,335872,33210380288,8589930496,1916493824,0
200,1737286021006,2100,1626,1460,1301,1980,1959,1342,1462,1404,1483,400,1462,100,0,0,0,0,0,0,0,0,0,0,0,0,60419.05596923828,126981.42236328125,192.32550048828125,100.84033203125,0,335872,33210380288,8589930496,1916493824,0
200,1737286021206,2100,493,400,400,1734,1591,553,655,542,881,780,400,100,0,0,0,0,0,0,0,0,0,0,0,0,60420.437744140625,126982.0513305664,192.32550048828125,100.41841125488281,0,335872,33210380288,8589930496,1916493824,0
200,1737286021406,2100,1834,1431,1421,2077,1818,400,400,400,1476,1427,1391,100,0,0,0,0,0,0,0,0,0,0,0,0,60421.80187988281,126982.66735839844,192.32550048828125,50.209205627441406,0,335872,33210380288,8589930496,1916493824,0
200,1737286021607,2100,2100,1332,1398,1943,1831,1456,1479,1483,1433,1304,1320,100,0,0,0,0,0,0,0,0,0,0,0,0,60423.176208496094,126983.28735351563,192.32550048828125,99.58505249023438,0,335872,33210380288,8589930496,1916493824,0
200,1737286021807,2100,2038,400,400,1699,1872,1452,1191,1382,1347,400,400,100,0,0,0,0,0,0,0,0,0,0,0,0,60424.56707763672,126983.92291259766,192.32550048828125,100.41841125488281,0,335872,33210380288,8589930496,1916493824,0
200,1737286022007,2100,1867,1438,1452,1857,1822,1428,1357,1322,1408,1337,1427,100,0,0,0,0,0,0,0,0,0,0,0,0,60425.95007324219,126984.53875732422,192.32550048828125,100.41841125488281,0,335872,33210380288,8589930496,1916493824,0
200,1737286022207,2100,2006,1474,400,1963,2099,1500,1441,1499,1481,1422,1443,100,0,0,0,0,0,0,4.761904716491699,0,0,0,0,0,60427.32830810547,126985.1781616211,192.32550048828125,100,0,335872,33210380288,8589930496,1916493824,0
200,1737286022407,2100,2100,1456,1497,1969,1872,1448,1461,1454,1461,1373,1420,100,0,0,0,0,0,4.761904716491699,0,0,0,0,0,0,60428.705993652344,126985.802734375,192.32550048828125,100.41841125488281,0,335872,33210380288,8589930496,1916493824,0
200,1737286022607,2099,1568,1354,1255,400,400,400,1499,1500,1500,1387,1291,100,0,0,4.761904716491699,0,0,0,4.761904716491699,0,0,4.761904716491699,0,0,60430.08935546875,126986.43469238281,192.32550048828125,100.41841125488281,0,335872,33210380288,8589930496,1916493824,0
200,1737286022808,2100,1736,1375,400,1787,1587,1431,1394,1451,1463,1437,1336,100,0,0,4.761904716491699,0,0,0,4.761904716491699,0,0,4.761904716491699,0,0,60431.46697998047,126987.06298828125,192.3255615234375,100,0,335872,33210380288,8589930496,1916493824,0
200,1737286023008,2100,1500,400,400,1701,400,1258,1386,1369,1376,400,400,100,0,0,4.761904716491699,0,0,0,4.761904716491699,0,0,4.761904716491699,0,0,60432.850158691406,126987.6958618164,192.3255615234375,50.10437774658203,0,335872,33210380288,8589930496,1916493824,0
200,1737286023208,2099,1814,1437,1318,1811,1874,1403,1460,1450,1439,1271,1374,100,0,0,4.761904716491699,0,0,0,4.761904716491699,0,0,4.761904716491699,0,0,60434.22442626953,126988.32397460938,192.3255615234375,50.10437774658203,0,335872,33210380288,8589930496,1916493824,0
200,1737286023408,2100,1495,1258,1257,1816,1695,1355,1382,1229,1399,1184,1179,100,0,0,4.761904716491699,0,0,0,4.761904716491699,0,0,4.761904716491699,0,0,60435.58557128906,126988.94140625,192.3255615234375,50.209205627441406,0,335872,33210380288,8589930496,1916493824,0
200,1737286023608,2099,2100,1475,400,2100,2100,1500,1499,841,1500,1485,1409,100,0,0,4.761904716491699,0,0,0,4.761904716491699,0,0,4.761904716491699,0,0,60436.97546386719,126989.58074951172,192.3255615234375,100.41841125488281,0,335872,33210380288,8589930496,1916493824,0
200,1737286023808,2100,2052,1461,1470,1855,1974,1421,1348,1450,1405,1472,1451,100,0,0,4.761904716491699,0,0,0,4.761904716491699,0,0,4.761904716491699,0,0,60438.34539794922,126990.20532226563,192.3255615234375,99.58505249023438,0,335872,33210380288,8589930496,1916493824,0
199,1737286024009,2100,2058,1383,1445,1911,1905,1328,1456,1467,1470,400,1444,100,0,0,4.761904716491699,0,0,0,4.761904716491699,0,0,4.761904716491699,0,0,60439.723693847656,126990.83673095703,192.3255615234375,105.8823471069336,0,335872,33210380288,8589930496,1916493824,0
200,1737286024209,2100,2057,1464,1471,1909,1976,1436,1288,1431,1374,1387,1440,100,0,0,4.761904716491699,0,0,0,4.761904716491699,0,0,4.761904716491699,0,0,60441.091796875,126991.46014404297,192.3255615234375,100.84033203125,0,335872,33210380288,8589930496,1916493824,0
200,1737286024409,2099,1006,1105,1254,1661,1833,1414,1410,1499,1446,1248,1263,100,0,0,0,0,0,4.761904716491699,0,0,0,0,0,0,60442.476806640625,126992.09552001953,192.3255615234375,100,0,335872,33210380288,8589930496,1916493824,0
200,1737286024609,2100,2100,1344,1398,1630,1825,1405,1476,1471,1394,1447,1385,100,0,4.761904716491699,0,0,0,0,0,0,4.761904716491699,0,0,0,60443.84326171875,126992.71801757813,192.3255615234375,100.41841125488281,0,335872,33210380288,8589930496,1916493824,0
200,1737286024809,2100,1879,1448,1479,1763,1711,1499,1499,1499,1499,1436,1500,100,4.761904716491699,0,0,0,0,0,5,0,0,4.761904716491699,0,0,60445.223205566406,126993.34338378906,192.3255615234375,99.58505249023438,0,335872,33210380288,8589930496,1916493824,0
200,1737286025009,2100,2029,1304,1462,1962,400,1318,947,1500,400,1266,400,100,0,0,0,0,0,0,0,0,0,0,0,0,60446.59851074219,126993.97143554688,192.3255615234375,100,0,335872,33210380288,8589930496,1916493824,0
200,1737286025210,2100,2058,1499,1479,1940,2100,1471,1452,1458,948,400,1460,100,0,0,0,0,0,0,0,0,0,0,0,0,60447.976989746094,126994.6040649414,192.3255615234375,100.41841125488281,0,335872,33210380288,8589930496,1916493824,0
200,1737286025410,2100,2022,1415,1445,1901,1891,1474,1435,1389,1500,400,1389,100,0,0,0,0,0,0,0,0,0,0,0,0,60449.351501464844,126995.2300415039,192.3255615234375,50.10437774658203,0,335872,33210380288,8589930496,1916493824,0
200,1737286025610,2100,1888,1328,400,1919,1741,1394,1339,1344,1303,1417,400,100,0,0,0,0,0,0,0,0,0,0,0,0,60450.724853515625,126995.85614013672,192.3255615234375,100.41841125488281,0,335872,33210380288,8589930496,1916493824,0
200,1737286025810,2100,1464,1154,1341,1129,1826,1322,998,1316,1367,1201,1267,100,0,0,0,0,0,0,0,0,0,0,0,0,60452.11248779297,126996.49365234375,192.3255615234375,100,0,335872,33210380288,8589930496,1916493824,0
200,1737286026010,2100,2100,400,1483,2033,1905,1479,1482,1414,1470,400,1358,100,0,0,0,0,0,0,0,0,0,0,0,0,60453.46417236328,126997.1068725586,192.3255615234375,100.84033203125,0,335872,33210380288,8589930496,1916493824,0
200,1737286026210,2100,2076,1476,1415,1997,1972,1416,1422,1424,1423,1362,1457,100,0,0,0,0,0,0,0,0,0,0,0,0,60454.85418701172,126997.74725341797,192.3255615234375,100,0,335872,33210380288,8589930496,1916493824,0
200,1737286026411,2100,2100,1412,1468,1831,1958,1378,1308,1399,1400,1424,1479,100,0,0,0,0,0,0,0,0,0,0,0,0,60456.227478027344,126998.37512207031,192.3255615234375,100,0,335872,33210380288,8589930496,1916489728,0
200,1737286026611,2100,1699,1232,1021,1519,1772,1350,1464,1471,1157,1153,1115,100,0,0,0,0,0,0,0,0,0,0,0,0,60457.598571777344,126998.99584960938,192.3255615234375,100.41841125488281,0,335872,33210380288,8589930496,1916489728,0
200,1737286026811,2100,1925,1280,1374,1847,1680,1440,1299,1360,1368,1380,1437,100,0,0,0,0,0,0,0,0,0,0,0,0,60458.96472167969,126999.61743164063,192.3255615234375,100.41841125488281,0,335872,33210380288,8589930496,1916489728,0
200,1737286027011,2100,2099,400,1371,2099,1867,1424,1479,1473,1461,1374,1385,100,0,0,0,0,0,0,0,0,0,0,0,0,60460.35888671875,127000.26104736328,192.3255615234375,99.58505249023438,0,335872,33210380288,8589930496,1916489728,0
200,1737286027211,2099,1805,1204,1223,1753,1500,1297,1174,1183,1106,1394,1276,100,0,0,0,0,0,0,0,0,0,0,0,0,60461.70977783203,127000.87524414063,192.3255615234375,100.41841125488281,0,335872,33210380288,8589930496,1916489728,0
200,1737286027411,2100,537,400,400,1614,400,884,837,829,763,400,552,100,0,0,0,0,0,0,0,0,0,0,0,0,60463.078552246094,127001.50128173828,192.3255615234375,50.209205627441406,0,335872,33210380288,8589930496,1916489728,0
200,1737286027611,2099,2055,1468,1476,1947,1908,1310,1422,400,1420,1435,1446,100,0,0,0,0,0,0,0,0,0,0,0,0,60464.464782714844,127002.1361694336,192.3255615234375,100.41841125488281,0,335872,33210380288,8589930496,1916489728,0
200,1737286027812,2100,1974,1412,1467,1900,1904,1359,1383,1465,1421,400,1385,100,0,0,0,0,0,0,0,0,0,0,0,0,60465.834899902344,127002.76013183594,192.3255615234375,100,0,335872,33210380288,8589930496,1916489728,0
200,1737286028012,2100,1816,1414,1446,1950,1939,1367,1303,1374,1441,1352,1370,100,0,0,0,0,0,0,0,0,0,0,0,0,60467.212951660156,127003.39031982422,192.3255615234375,100,0,335872,33210380288,8589930496,1916489728,0
200,1737286028212,2100,493,1401,400,1481,1585,1445,1364,400,1455,1387,1422,100,0,0,0,0,0,0,0,0,0,0,0,0,60468.59899902344,127004.01654052734,192.3255615234375,100,0,335872,33210380288,8589930496,1916489728,0
200,1737286028412,2099,1790,1375,1408,1904,1618,1193,1202,1186,1138,1254,1431,100,0,0,0,0,0,0,0,0,0,0,0,0,60469.95568847656,127004.64385986328,192.3255615234375,100.84033203125,0,335872,33210380288,8589930496,1916489728,0
200,1737286028612,2100,2023,1466,400,1981,2100,1500,1477,1500,1401,1321,1423,100,0,0,0,0,0,0,0,0,0,0,0,0,60471.32696533203,127005.267578125,192.3255615234375,50.10437774658203,0,335872,33210380288,8589930496,1916489728,0
200,1737286028812,2100,2019,1405,1454,1846,1919,1474,1377,1441,1460,1381,1400,100,0,0,0,0,0,0,0,0,0,0,0,0,60472.70886230469,127005.90283203125,192.3255615234375,100.84033203125,0,335872,33210380288,8589930496,1916489728,0
200,1737286029013,2099,2032,1349,1440,1911,1741,1463,1405,1467,1421,400,1370,100,0,0,0,0,0,0,0,0,0,0,0,0,60474.07958984375,127006.52801513672,192.3255615234375,100.41841125488281,0,335872,33210380288,8589930496,1916489728,0
199,1737286029213,2099,1875,1441,1439,1860,1815,1436,1398,1407,1448,1333,1499,100,0,0,1,0,0.9900990128517151,0,0.9900990128517151,0,1,0,0.9900990128517151,0,60475.451599121094,127007.15362548828,192.3255615234375,100.41841125488281,0,335872,33210380288,8589930496,1916489728,0
200,1737286029413,2100,2041,1339,1352,1916,1837,1363,1247,1456,1340,400,1397,100,0,0,1,0,0.9900990128517151,0,0.9900990128517151,0,1,0,0.9900990128517151,0,60476.82977294922,127007.78253173828,192.3255615234375,100,0,335872,33210380288,8589930496,1916489728,0
200,1737286029613,2100,1369,1204,1226,1273,1840,1269,1311,1249,1247,400,1183,100,0,0,0,4.761904716491699,0,0,0,0,0,0,0,0,60478.2080078125,127008.41613769531,192.3255615234375,100,0,335872,33210380288,8589930496,1916489728,0
200,1737286029813,2100,1518,677,750,400,801,789,1016,776,849,619,1289,100,0,0,0,4.761904716491699,0,0,0,0,0,0,0,0,60479.578125,127009.04174804688,192.3255615234375,100.41841125488281,0,335872,33210380288,8589930496,1916489728,0
200,1737286030013,2100,2006,1366,1408,1988,1893,1420,1469,1500,1467,1241,1409,100,0,0,0,0,0,0,0,0,0,0,0,0,60480.951904296875,127009.66912841797,192.3255615234375,100.41841125488281,0,335872,33210380288,8589930496,1916489728,0
199,1737286030214,2099,492,400,400,2100,1670,1303,1414,1355,400,400,824,100,0,0,0,0,4.761904716491699,0,0,0,0,0,0,0,60482.33679199219,127010.30267333984,192.3255615234375,100,0,335872,33210380288,8589930496,1916489728,0
200,1737286030414,2099,2032,1458,1475,1740,1907,1426,1429,1474,1404,1368,1476,100,0,0,0,0,4.761904716491699,0,0,0,0,0,0,0,60483.69909667969,127010.92156982422,192.3255615234375,100,0,335872,33210380288,8589930496,1916489728,0
200,1737286030614,2100,1963,814,1377,1874,1641,1297,1270,1305,1299,1254,400,100,0,0,0,0,4.761904716491699,0,0,0,0,0,0,0,60485.08288574219,127011.55541992188,192.3255615234375,50.209205627441406,0,335872,33210380288,8589930496,1916489728,0
200,1737286030814,2099,1592,1353,1355,1520,1908,1262,945,1417,1280,1445,1434,100,0,0,0,0,4.761904716491699,0,0,0,0,0,0,0,60486.45495605469,127012.17883300781,192.3255615234375,100,0,335872,33210380288,8589930496,1916489728,0
200,1737286031014,2100,1877,1223,1431,1531,1798,1094,1126,1325,1142,400,1434,100,0,0,0,0,4.761904716491699,0,0,0,0,0,0,0,60487.82800292969,127012.80432128906,192.3255615234375,100.84033203125,0,335872,33210380288,8589930496,1916489728,0
200,1737286031214,2099,2100,1476,1500,2087,1941,1491,1490,1491,1498,1324,400,100,0,0,0,0,4.761904716491699,0,0,0,0,0,0,0,60489.19860839844,127013.4312133789,192.3255615234375,99.58505249023438,0,335872,33210380288,8589930496,1916489728,0
200,1737286031414,2099,1937,1484,1406,1880,1878,400,1468,1407,1409,400,1430,100,0.8474576473236084,0.8264462351799011,0,0,0,1.6528924703598022,1.6528924703598022,0.8333333730697632,0.8264462351799011,0.8333333730697632,0,0,60490.5654296875,127014.0546875,192.3255615234375,99.58505249023438,0,335872,33210380288,8589930496,1916489728,0
200,1737286031615,2100,1969,1419,1419,1982,2099,1441,1456,1465,1472,400,1363,100,4.761904716491699,0,0,0,0,0,0,0,0,0,0,0,60491.925720214844,127014.67224121094,192.3255615234375,100.84033203125,0,335872,33210380288,8589930496,1916489728,0
199,1737286031815,2100,1929,1426,1385,1895,1952,1389,1367,1444,1418,400,1422,100,0,0,0,0,0,0,0,0,0,0,0,0,60493.31884765625,127015.31121826172,192.3255615234375,100,0,335872,33210380288,8589930496,1916489728,0
200,1737286032015,2100,2029,1379,1395,1856,1843,1366,1343,1441,1368,1366,1395,100,0,0,0,0,0,0,0,0,0,0,0,0,60494.689514160156,127015.93829345703,192.3255615234375,100.41841125488281,0,335872,33210380288,8589930496,1916489728,0
200,1737286032215,2100,1812,1380,1333,1713,1548,1161,1196,1439,1179,400,1268,100,0,0,5,0,0,0,0,0,0,0,0,0,60496.06005859375,127016.56622314453,192.3255615234375,100.84033203125,0,335872,33210380288,8589930496,1916489728,0
200,1737286032415,2100,500,830,964,1648,1674,400,1167,1308,1353,1263,1149,100,0,4.761904716491699,0,4.761904716491699,5,0,0,0,0,0,0,0,60497.434509277344,127017.19470214844,192.3255615234375,100,0,335872,33210380288,8589930496,1916489728,0
200,1737286032615,2099,1811,1361,1457,1959,1985,1499,1474,1461,1456,1319,1447,100,0,0,0,4.761904716491699,0,0,0,0,4.761904716491699,0,0,0,60498.81701660156,127017.8296508789,192.3255615234375,100,0,335872,33210380288,8589930496,1916489728,0
200,1737286032816,2099,1988,1472,1427,2099,1993,1471,1358,1465,1424,1400,400,100,0,0,0,4.761904716491699,0,0,0,0,4.761904716491699,0,0,0,60500.18475341797,127018.45147705078,192.3262939453125,99.58505249023438,0,335872,33210380288,8589930496,1916489728,0
200,1737286033016,2100,2098,1419,1419,1853,1970,1460,1496,1406,1407,1237,1402,100,0,0,0,4.761904716491699,0,0,0,0,4.761904716491699,0,0,0,60501.55938720703,127019.07611083984,192.3262939453125,50.209205627441406,0,335872,33210380288,8589930496,1916489728,0
200,1737286033216,2100,1869,1412,1407,1932,1935,1486,1467,1333,1414,1355,1466,100,0,0,0,4.761904716491699,0,0,0,0,4.761904716491699,0,0,0,60502.94256591797,127019.708984375,192.3262939453125,100.41841125488281,0,335872,33210380288,8589930496,1916489728,0
200,1737286033416,2100,1702,1416,1379,1876,1758,400,1427,1270,1213,1235,1412,100,0,0,0,4.761904716491699,0,0,0,0,4.761904716491699,0,0,0,60504.32012939453,127020.33563232422,192.3262939453125,100.41841125488281,0,335872,33210380288,8589930496,1916489728,0
200,1737286033616,2100,2100,400,1484,2083,2100,1429,1429,1436,1439,1219,1482,100,0,0,0,4.761904716491699,0,0,0,0,4.761904716491699,0,0,0,60505.698303222656,127020.9584350586,192.3262939453125,100,0,335872,33210380288,8589930496,1916489728,0
200,1737286033816,2099,1933,1486,1390,1799,1773,1435,1390,1453,1499,1398,1442,100,0,0,0,4.761904716491699,0,0,0,0,4.761904716491699,0,0,0,60507.07873535156,127021.58679199219,192.3262939453125,100,0,335872,33210380288,8589930496,1916489728,0
200,1737286034017,2100,2033,1182,1422,1901,1861,1420,1463,1375,1431,1057,1210,100,0,0,0,4.761904716491699,0,0,0,0,4.761904716491699,0,0,0,60508.47003173828,127022.22045898438,192.3262939453125,100.41841125488281,0,335872,33210380288,8589930496,1916489728,0
200,1737286034217,2100,1833,1436,1456,1806,1824,1411,1416,1435,1422,1083,1426,100,0,0,0,4.761904716491699,0,0,0,0,4.761904716491699,0,0,0,60509.852783203125,127022.84838867188,192.3262939453125,100,0,335872,33210380288,8589930496,1916489728,0
200,1737286034417,2100,1983,1500,1431,1962,2100,1471,1450,1500,1142,1499,1499,100,0,0,0,4.761904716491699,0,0,0,0,4.761904716491699,0,0,0,60511.23028564453,127023.47479248047,192.3262939453125,100.41841125488281,0,335872,33210380288,8589930496,1916489728,0
200,1737286034617,2099,1542,1059,829,1597,1652,1349,1070,1202,1471,803,1139,100,0,0,0,4.761904716491699,0,0,0,0,4.761904716491699,0,0,0,60512.60577392578,127024.09991455078,192.3262939453125,100.41841125488281,0,335872,33210380288,8589930496,1916489728,0
200,1737286034817,2100,2016,1479,1479,2008,2100,1450,1357,1447,1459,1418,400,100,0,0,0,0,0,0,0,0,0,0,0,0,60513.97869873047,127024.72564697266,192.3262939453125,100.41841125488281,0,335872,33210380288,8589930496,1916489728,0
200,1737286035018,2099,2042,1465,1471,1957,1985,1499,1476,1475,1459,1353,1450,100,0,0,0,0,0,0,0,0,0,0,0,0,60515.36047363281,127025.35559082031,192.3262939453125,100.84033203125,0,335872,33210380288,8589930496,1916489728,0
200,1737286035218,2099,2034,1438,1443,1941,1975,1374,1379,1380,1389,400,1374,100,0,0,0,0,0,4.761904716491699,0,0,0,0,4.761904716491699,0,60516.73583984375,127025.98034667969,192.3262939453125,100,0,335872,33210380288,8589930496,1916489728,0
200,1737286035418,2100,1562,1406,1417,1312,1925,1376,1391,1345,1353,1324,1382,100,0,0,0,0,0,0,0,0,0,0,0,0,60518.118896484375,127026.60736083984,192.3262939453125,100.41841125488281,0,335872,33210380288,8589930496,1916489728,0
200,1737286035618,2100,1619,1354,1397,1342,1814,1358,1368,1351,1410,400,400,100,0,0,0,0,0,0,0,0,0,0,0,0,60519.51220703125,127027.24682617188,192.3262939453125,100.41841125488281,0,335872,33210380288,8589930496,1916489728,0
200,1737286035818,2100,514,493,400,400,1724,664,691,1153,1311,488,1096,100,0,0,0,0,4.761904716491699,0,0,0,0,0,0,0,60520.891174316406,127027.87213134766,192.3262939453125,100,0,335872,33210380288,8589930496,1916489728,0
200,1737286036018,2100,2054,1500,1470,1912,2077,1447,1426,1467,400,1483,1471,100,0,4.761904716491699,0,5,0,0,0,0,0,0,0,0,60522.27282714844,127028.50177001953,192.3262939453125,100.41841125488281,0,335872,33210380288,8589930496,1916489728,0
200,1737286036219,2099,1857,1442,1499,1860,1934,1237,1452,1454,1432,1420,1500,100,0,0,0,0,0,0,0,0,0,0,0,0,60523.647521972656,127029.12677001953,192.3262939453125,100,0,335872,33210380288,8589930496,1916489728,0
199,1737286036419,2099,1961,1457,1455,1682,1949,1464,1279,1433,1373,400,1400,100,0,0,0,0,0,0,0,0,4.761904716491699,0,0,0,60525.031188964844,127029.75769042969,192.3262939453125,100,0,335872,33210380288,8589930496,1916485632,0
200,1737286036619,2100,2025,1435,1499,1740,1723,1343,1288,1338,1341,1429,1414,100,0,0,4.761904716491699,0,0,0,0,0,0,0,0,0,60526.427001953125,127030.38458251953,192.3262939453125,100.84033203125,0,335872,33210380288,8589930496,1916485632,0
200,1737286036819,2100,1551,1421,1096,1539,1288,1078,932,991,1113,400,1381,100,5,0,0,0,0,0,4.761904716491699,4.761904716491699,0,0,4.761904716491699,0,60527.79296875,127031.01428222656,192.3262939453125,100,0,335872,33210380288,8589930496,1916485632,0
200,1737286037019,2100,2100,400,1473,2100,2100,1499,1500,1445,1499,400,1471,100,0,0,0,4.761904716491699,4.761904716491699,0,0,0,0,0,0,0,60529.184326171875,127031.65008544922,192.3262939453125,100,0,335872,33210380288,8589930496,1916485632,0
200,1737286037219,2100,1996,1433,1425,2011,1992,1405,1474,1459,1432,1394,1400,100,0,0,0,0,0,0,4.761904716491699,0,0,0,0,0,60530.55749511719,127032.2744140625,192.3262939453125,100.84033203125,0,335872,33210380288,8589930496,1916485632,0
200,1737286037420,2100,1912,1357,1381,1912,1863,1418,1499,1500,1452,1356,1361,100,0,0,0,0,0,0,0,0,0,0,0,0,60531.946228027344,127032.90203857422,192.3262939453125,99.58505249023438,0,335872,33210380288,8589930496,1916485632,0
200,1737286037620,2100,1873,1376,1464,1932,1838,1340,1339,1312,1350,1380,400,100,4.761904716491699,0,0,0,0,0,0,0,0,0,0,0,60533.32275390625,127033.5297241211,192.3262939453125,100,0,335872,33210380288,8589930496,1916485632,0
200,1737286037820,2100,1634,1444,1234,1705,1621,1431,944,1430,1384,400,1458,100,0,0,0,0,0,0,0,4.761904716491699,0,0,0,0,60534.6962890625,127034.15594482422,192.3262939453125,100.41841125488281,0,335872,33210380288,8589930496,1916485632,0
199,1737286038020,2099,553,1079,400,400,1542,1454,1500,400,400,1430,400,100,0,0,0,0,0,0,0,0,0,0,0,0,60536.09802246094,127034.79656982422,192.3262939453125,100.41841125488281,0,335872,33210380288,8589930496,1916485632,0
200,1737286038220,2099,2003,1411,1408,1928,1936,1340,1466,1472,1500,1314,1407,100,0,4.761904716491699,0,0,0,0,0,0,0,4.761904716491699,0,0,60537.476623535156,127035.4253540039,192.3262939453125,100.84033203125,0,335872,33210380288,8589930496,1916485632,0
200,1737286038421,2099,2051,1419,1426,1923,2100,1429,1421,1423,1444,1456,1364,100,0,4.761904716491699,0,0,0,0,0,0,0,4.761904716491699,0,0,60538.855224609375,127036.05395507813,192.3262939453125,99.58505249023438,0,335872,33210380288,8589930496,1916485632,0
200,1737286038621,2100,2060,1377,1327,1878,1819,1381,1462,1378,1360,1322,1409,100,0,4.761904716491699,0,0,0,0,0,0,0,4.761904716491699,0,0,60540.227478027344,127036.67614746094,192.3262939453125,50.209205627441406,0,335872,33210380288,8589930496,1916485632,0
200,1737286038821,2100,1962,1451,1314,1735,1828,1351,1311,1351,1346,1442,1442,100,0,4.761904716491699,0,0,0,0,0,0,0,4.761904716491699,0,0,60541.60723876953,127037.30584716797,192.3262939453125,105.8823471069336,0,335872,33210380288,8589930496,1916485632,0
199,1737286039021,2100,490,1393,1499,1541,1210,1331,400,1318,400,1063,1397,100,0,4.761904716491699,0,0,0,0,0,0,0,4.761904716491699,0,0,60542.990661621094,127037.93273925781,192.3262939453125,100.41841125488281,0,335872,33210380288,8589930496,1916485632,0
200,1737286039221,2100,1847,1348,1344,1462,1818,1287,1345,953,1388,1117,1381,100,0,0,0,1,0.9900990128517151,1.9801980257034302,0,0,0,0,0,0,60544.383728027344,127038.56408691406,192.3262939453125,100.41841125488281,0,335872,33210380288,8589930496,1916485632,0
200,1737286039421,2099,1675,836,861,1684,846,1223,1319,990,400,837,928,100,0,4.761904716491699,4.761904716491699,0,0,0,0,0,0,4.761904716491699,0,0,60545.758056640625,127039.18835449219,192.3262939453125,100,0,335872,33210380288,8589930496,1916485632,0
200,1737286039621,2100,1976,400,1474,1939,1893,1436,1427,1403,1433,1390,1479,100,0,0,4.761904716491699,0,4.761904716491699,0,0,0,4.761904716491699,0,0,0,60547.12902832031,127039.82312011719,192.3262939453125,99.58505249023438,0,335872,33210380288,8589930496,1916485632,0
200,1737286039822,2100,1684,1476,1468,2100,1986,1327,1312,1373,1402,1388,1427,100,0,0,0,0,0,0,0,0,0,0,0,0,60548.508361816406,127040.4486694336,192.3262939453125,100,0,335872,33210380288,8589930496,1916485632,0
200,1737286040022,2099,1786,1427,1331,1803,1916,1425,1462,1345,1457,1342,1422,100,0,0,0,0,0,0,0,0,0,0,0,0,60549.88397216797,127041.07080078125,192.3262939453125,100,0,335872,33210380288,8589930496,1916485632,0
200,1737286040222,2100,1666,1405,1438,1665,1892,1423,1433,1329,1438,400,1403,100,4.761904716491699,0,0,0,0,0,0,0,0,0,4.761904716491699,0,60551.265686035156,127041.7041015625,192.3262939453125,100.41841125488281,0,335872,33210380288,8589930496,1916485632,0
200,1737286040422,2100,2100,1310,1500,2100,2100,1451,1477,400,1479,1342,1500,100,0,0,0,0,0,0,0,0,0,0,0,0,60552.657653808594,127042.33184814453,192.3262939453125,100.41841125488281,0,335872,33210380288,8589930496,1916485632,0
200,1737286040622,2100,2100,1485,1454,1953,2100,1371,1401,1392,1395,1441,1440,100,0,0,0,0,0,0,0,0,4.761904716491699,0,0,0,60554.03601074219,127042.9701538086,192.3262939453125,100.41841125488281,0,335872,33210380288,8589930496,1916485632,0
200,1737286040823,2100,2038,1451,1434,1877,1930,1464,1499,1456,1467,1437,400,100,5,0,0,0,0,0,5,0,0,0,0,0,60555.41613769531,127043.5982055664,192.3262939453125,100.84033203125,0,335872,33210380288,8589930496,1916485632,0
199,1737286041023,2100,2031,1354,1468,1868,1809,1425,1459,1434,1453,400,1462,100,5,0,0,0,0,0,5,0,0,0,0,0,60556.78485107422,127044.2222290039,192.3262939453125,100,0,335872,33210380288,8589930496,1916485632,0
200,1737286041223,2100,2026,1359,1458,1942,1789,1335,1344,1275,1350,400,1464,100,0,0,0,0,0,0,0,4.761904716491699,0,0,0,0,60558.16394042969,127044.85485839844,192.3262939453125,100,0,335872,33210380288,8589930496,1916485632,0
200,1737286041423,2100,1558,1391,1500,1892,1896,1349,1384,1232,1403,1349,1376,100,0,0,0,4.761904716491699,0,0,0,0,0,0,0,0,60559.536376953125,127045.47863769531,192.3262939453125,100.41841125488281,0,335872,33210380288,8589930496,1916485632,0
200,1737286041623,2100,1968,1408,1409,1978,1936,1499,1482,1500,1483,1379,1500,100,0,0,0,4.761904716491699,0,0,0,0,0,0,0,0,60560.92004394531,127046.10913085938,192.3262939453125,50.10437774658203,0,335872,33210380288,8589930496,1916485632,0
200,1737286041823,2100,1817,1402,1323,1867,1961,1471,1417,1499,1444,1266,1389,100,0,0,0,4.761904716491699,0,0,0,0,0,0,0,0,60562.306701660156,127046.74194335938,192.3262939453125,100.41841125488281,0,335872,33210380288,8589930496,1916485632,0
200,1737286042024,2099,2031,1422,1387,2100,1912,1396,1444,1397,1400,400,1382,100,0,0,0,4.761904716491699,0,0,0,0,0,0,0,0,60563.690673828125,127047.37091064453,192.3262939453125,100.41841125488281,0,335872,33210380288,8589930496,1916485632,0
200,1737286042224,2100,1992,1485,400,1874,1855,1500,400,1500,1499,1248,1298,100,0,0,0,0,0,0,0,0,0,0,0,0,60565.065673828125,127047.99688720703,192.3262939453125,100.41841125488281,0,335872,33210380288,8589930496,1916485632,0
200,1737286042424,2100,1884,1451,1486,1747,1923,1284,1397,1258,1276,400,1451,100,0,0,0,0,0,0,0,0,0,0,0,0,60566.44006347656,127048.6235961914,192.3262939453125,100.41841125488281,0,335872,33210380288,8589930496,1916485632,0
200,1737286042624,2100,1933,1275,1500,1773,1730,1178,1078,1240,1101,400,400,100,0,0,0,0,0,0,0,0,0,0,0,0,60567.82452392578,127049.25280761719,192.3262939453125,50.209205627441406,0,335872,33210380288,8589930496,1916485632,0
200,1737286042824,2100,1504,400,400,400,1000,622,553,536,651,495,400,100,0,0,0,0,0,0,0,0,0,0,0,0,60569.201110839844,127049.88006591797,192.3262939453125,100.41841125488281,0,335872,33210380288,8589930496,1916485632,0
200,1737286043025,2100,2059,1479,1480,1964,1960,1397,1350,1387,1398,1469,1499,100,0,0,0,0,0,0,0,0,0,0,0,0,60570.574645996094,127050.50506591797,192.3262939453125,99.1735610961914,0,335872,33210380288,8589930496,1916485632,0
200,1737286043225,2100,2036,1496,1276,2100,1755,1440,1428,1406,1422,1174,1465,100,0,0,0,0,0,0,0,0,0,0,0,0,60571.978759765625,127051.13800048828,192.3262939453125,100.41841125488281,0,335872,33210380288,8589930496,1916485632,0
200,1737286043425,2100,2040,1406,1379,1895,1963,1424,1445,1360,1462,1405,1425,100,0,0,0,0,0,0,0,0,0,0,0,0,60573.346740722656,127051.76190185547,192.3262939453125,100.41841125488281,0,335872,33210380288,8589930496,1916485632,0
200,1737286043625,2100,2054,1451,1333,1916,1874,400,1452,1378,1361,400,1481,100,0,0,5,0,0,0,0,0,0,0,0,0,60574.74285888672,127052.39855957031,192.3262939453125,100.41841125488281,0,335872,33210380288,8589930496,1916485632,0
200,1737286043825,2099,1650,1338,1300,1821,1908,1290,1355,1279,1407,1306,1323,100,0,4.761904716491699,0,0,0,0,0,0,0,0,0,0,60576.124938964844,127053.02557373047,192.3262939453125,100.41841125488281,0,335872,33210380288,8589930496,1916485632,0
200,1737286044025,2100,1645,1283,1189,1833,1676,1060,1027,1062,1085,400,1350,100,0,0,0,0,0,0,0,0,0,0,0,0,60577.50109863281,127053.65447998047,192.3262939453125,100.41841125488281,0,335872,33210380288,8589930496,1916485632,0
200,1737286044225,2100,2035,1454,1401,2100,2100,1483,1324,1480,400,400,400,100,0,0,0,4.761904716491699,0,0,0,4.761904716491699,0,0,0,0,60578.87762451172,127054.28094482422,192.3262939453125,99.58505249023438,0,335872,33210380288,8589930496,1916485632,0
200,1737286044426,2100,1963,1477,1499,1877,1991,1396,1423,1405,1428,1417,1484,100,0,4.761904716491699,4.761904716491699,0,4.761904716491699,0,0,0,0,0,0,0,60580.256408691406,127054.9058227539,192.3262939453125,100.41841125488281,0,335872,33210380288,8589930496,1916485632,0
200,1737286044626,2100,2061,1409,1415,1968,1948,1419,1381,1445,1421,1369,1414,100,0,0,0,0,0,0,0,0,0,0,0,0,60581.64141845703,127055.5317993164,192.3262939453125,100,0,335872,33210380288,8589930496,1916485632,0
200,1737286044826,2099,1915,400,1338,1871,1950,1466,1300,1417,1422,1290,1431,100,0,0,0,0,0,0,0,0,0,0,0,0,60583.023376464844,127056.15844726563,192.3262939453125,100.41841125488281,0,335872,33210380288,8589930496,1916485632,0
200,1737286045026,2100,2020,1499,1434,1929,1881,1220,1128,1286,1325,1149,1452,100,0,0,0,0,0,0,0,0,0,0,0,0,60584.404052734375,127056.78601074219,192.3262939453125,100.41841125488281,0,335872,33210380288,8589930496,1916485632,0
200,1737286045226,2100,1628,1383,1390,1860,1866,1240,1248,1290,1315,1407,1360,100,0,0,0,0,0,0,4.761904716491699,0,4.761904716491699,0,4.761904716491699,0,60585.79656982422,127057.42797851563,192.32696533203125,100,0,335872,33210380288,8589930496,1916485632,0
199,1737286045426,2100,2099,1500,1479,1978,1974,1398,1404,400,400,400,1469,100,5,0,0,0,0,0,0,0,0,0,0,0,60587.16845703125,127058.05249023438,192.32696533203125,100.84033203125,0,335872,33210380288,8589930496,1916485632,0
200,1737286045626,2100,2100,1447,1441,1960,2100,1459,1398,1461,1452,1427,1387,100,0,0,0,0,0,0,0,0,0,0,0,0,60588.544860839844,127058.6821899414,192.32696533203125,100.41841125488281,0,335872,33210380288,8589930496,1916485632,0
200,1737286045827,2100,2055,1459,1458,1871,1880,1407,1325,1399,1420,1454,1499,100,0,0,0,0,0,0,0,0,0,4.761904716491699,0,0,60589.91571044922,127059.3071899414,192.32696533203125,100,0,335872,33210380288,8589930496,1916485632,0
200,1737286046027,2100,2040,1452,1471,1905,1957,1382,1348,1492,1498,1350,1459,100,0,0,0,0,0,0,0,0,0,4.761904716491699,0,0,60591.291931152344,127059.93682861328,192.32696533203125,100.41841125488281,0,335872,33210380288,8589930496,1916485632,0
200,1737286046227,2100,1896,1285,1446,1814,1769,1455,1450,1398,1417,1455,1438,100,0,0,0,0,0,0,0,0,0,4.761904716491699,0,0,60592.66668701172,127060.56213378906,192.32696533203125,50.209205627441406,0,335872,33210380288,8589930496,1916485632,0
200,1737286046427,2099,1641,1287,1451,1826,1686,1223,1241,1242,1223,1304,1358,100,0,0,0,0,0,0,0,0,0,4.761904716491699,0,0,60594.05822753906,127061.2025756836,192.32696533203125,100,0,335872,33210380288,8589930496,1916485632,0
200,1737286046627,2099,2099,1500,400,1544,400,1359,1500,400,400,1433,1474,100,0,0,0,0,0,0,0,0,0,4.761904716491699,0,0,60595.43127441406,127061.82983398438,192.32696533203125,100.84033203125,0,335872,33210380288,8589930496,1916485632,0
200,1737286046827,2100,2052,1469,1474,2100,2005,1340,1398,1443,1474,1421,1471,100,0,0,0,0,0,0,0,0,0,4.761904716491699,0,0,60596.809020996094,127062.46014404297,192.32696533203125,100.41841125488281,0,335872,33210380288,8589930496,1916485632,0
200,1737286047028,2100,2040,1425,1442,2100,1985,1419,1455,1421,400,1420,1472,100,0,0,0,0,0,0,0,0,0,4.761904716491699,0,0,60598.18298339844,127063.08569335938,192.32696533203125,100.41841125488281,0,335872,33210380288,8589930496,1916485632,0
200,1737286047228,2100,1865,1419,1408,1960,1877,1430,1392,1459,1463,1362,1457,100,0,0.7142857313156128,0,1.4184396266937256,0.7142857313156128,1.4184396266937256,0,0.7142857313156128,0,0,0,0,60599.55828857422,127063.7138671875,192.32696533203125,100.41841125488281,0,335872,33210380288,8589930496,1916485632,0
200,1737286047428,2100,1886,1289,400,2003,1984,1499,1478,1499,1424,1499,400,100,0,0,0,0,0,0,0,0,0,0,0,0,60600.94128417969,127064.34777832031,192.32696533203125,100.41841125488281,0,335872,33210380288,8589930496,1916485632,0
200,1737286047628,2099,1327,1257,1424,1254,1689,879,847,891,727,1074,1290,100,0,0,0,0,0,0,0,0,0,0,0,0,60602.316162109375,127064.97668457031,192.32696533203125,100.41841125488281,0,335872,33210380288,8589930496,1916485632,0
200,1737286047828,2100,2029,1477,1435,2100,1946,1401,1370,685,1411,1338,1500,100,4.761904716491699,0,0,0,4.761904716491699,0,0,0,0,0,5,0,60603.685302734375,127065.59826660156,192.32696533203125,100,0,335872,33210380288,8589930496,1916485632,0
200,1737286048029,2099,2062,1429,1446,1972,2100,1408,1441,1404,1452,400,1384,100,0,0,0,0,0,0,0,0,0,0,0,0,60605.056396484375,127066.22479248047,192.32696533203125,100.84033203125,0,335872,33210380288,8589930496,1916485632,0
200,1737286048229,2100,511,400,400,1905,1817,1311,1272,1396,1389,400,400,100,0,0,0,0,0,0,0,0,0,0,0,0,60606.428771972656,127066.85174560547,192.32696533203125,99.58505249023438,0,335872,33210380288,8589930496,1916485632,0
200,1737286048429,2100,1786,1465,1293,2100,1851,1499,1500,1500,1499,1432,1468,100,0,0,0,0,0,0,0,0,0,0,0,0,60607.80499267578,127067.4800415039,192.32696533203125,100.41841125488281,0,335872,33210380288,8589930496,1916477440,0
200,1737286048629,2100,1737,1467,1223,1889,1664,400,1337,1258,1393,400,1422,100,0,0,0,0,0,0,0,0,0,0,0,0,60609.178771972656,127068.10668945313,192.32696533203125,100,0,335872,33210380288,8589930496,1916477440,0
200,1737286048829,2099,640,400,710,1647,400,973,1122,1148,831,1218,840,100,0,0,0,0,0,0,0,0,0,0,0,0,60610.57879638672,127068.74505615234,192.32696533203125,50.209205627441406,0,335872,33210380288,8589930496,1916477440,0
200,1737286049029,2100,2098,1500,1474,400,400,400,400,400,1404,400,1459,100,0,0,0,0,0,0,0,0,0,0,0,0,60611.954345703125,127069.37371826172,192.32696533203125,100.41841125488281,0,335872,33210380288,8589930496,1916477440,0
200,1737286049230,2099,2053,1431,1447,2100,1951,1469,1428,1473,1424,400,1443,100,0,0,0,0,0,0,0,0,0,0,0,0,60613.324157714844,127069.99719238281,192.32696533203125,100,0,335872,33210380288,8589930496,1916477440,0
200,1737286049430,2099,1858,1391,1442,1936,1950,1370,1374,1335,1369,1387,1499,100,0,0,0,0,0,0,0,0,0,0,0,0,60614.70098876953,127070.62902832031,192.32696533203125,100,0,335872,33210380288,8589930496,1916219392,0
200,1737286049630,2100,1852,1499,1428,1937,1782,1246,1313,1281,1338,400,1398,100,0,0,0,0,0,0,0,0,0,0,0,0,60616.080139160156,127071.25958251953,192.32696533203125,100.41841125488281,0,335872,33210380288,8589930496,1916219392,0
200,1737286049830,2099,1921,1424,1302,1868,1793,899,1325,1429,1424,1205,1414,100,0,0,0,0,0,0,0,0,0,0,0,0,60617.46075439453,127071.88391113281,192.32696533203125,100.41841125488281,0,335872,33210380288,8589930496,1916219392,0
200,1737286050030,2100,476,400,400,400,1154,400,978,1499,1041,400,400,100,0,0,0,0,5,4.761904716491699,0,0,0,0,4.761904716491699,0,60618.848693847656,127072.52276611328,192.32696533203125,100.41841125488281,0,335872,33210380288,8589930496,1916219392,0
200,1737286050230,2100,2060,1468,1452,2009,2100,1357,1473,1475,1423,1312,1418,100,0,0,0,0,0,0,0,4.761904716491699,0,0,0,0,60620.2041015625,127073.13696289063,192.32696533203125,99.58505249023438,0,335872,33210380288,8589930496,1916219392,0
200,1737286050431,2099,2052,1419,1477,2100,1983,1413,1424,1418,1476,1444,1431,100,0,4.761904716491699,0,5,0,0,0,0,0,0,0,0,60621.591552734375,127073.7739868164,192.32696533203125,100.41841125488281,0,335872,33210380288,8589930496,1916219392,0
200,1737286050631,2100,1930,1398,1397,1866,1908,1284,1308,1312,1284,1307,1414,100,0,4.761904716491699,0,5,0,0,0,0,0,0,0,0,60622.971435546875,127074.40496826172,192.32696533203125,100.41841125488281,0,335872,33210380288,8589930496,1916219392,0
200,1737286050831,2100,1848,1434,1341,1968,1571,1341,1429,1434,1447,1309,1362,100,5,0,0,0,0,0,0,0,0,0,0,0,60624.34143066406,127075.03118896484,192.32696533203125,100.41841125488281,0,335872,33210380288,8589930496,1916219392,0
200,1737286051031,2100,1526,1497,1386,1830,1857,1072,1139,1228,1048,400,1410,100,0,0,0,4.761904716491699,0,0,0,0,0,0,0,0,60625.70916748047,127075.65405273438,192.32696533203125,99.58505249023438,0,335872,33210380288,8589930496,1916219392,0
200,1737286051231,2100,1473,400,1475,1704,797,1035,764,1268,1495,403,400,100,0,0,0,0,0,0,0,0,0,0,0,0,60627.07452392578,127076.27838134766,192.32696533203125,100.41841125488281,0,335872,33210380288,8589930496,1916219392,0
200,1737286051431,2099,2096,400,1476,2100,1914,1416,1418,1397,1428,400,1478,100,0,0,0,0,0,0,0,0,4.761904716491699,0,4.761904716491699,0,60628.456970214844,127076.91302490234,192.32696533203125,100,0,335872,33210380288,8589930496,1916219392,0
200,1737286051632,2100,2100,1454,1469,1981,1922,1424,1441,1450,1390,400,1480,100,4.761904716491699,0,0,0,0,0,0,0,0,0,0,0,60629.82775878906,127077.5414428711,192.32696533203125,100.41841125488281,0,335872,33210380288,8589930496,1916219392,0
200,1737286051832,2100,1690,1413,1347,1787,1902,1432,1362,1378,1430,1387,400,100,0,0,0,0,4.761904716491699,0,0,0,0,0,0,0,60631.206298828125,127078.17028808594,192.32696533203125,100.41841125488281,0,335872,33210380288,8589930496,1916219392,0
200,1737286052032,2099,1885,400,1499,1670,1763,1382,1255,1346,400,400,400,100,0,0,0,0,0,4.761904716491699,0,4.761904716491699,0,0,0,0,60632.57061767578,127078.79132080078,192.32696533203125,100.41841125488281,0,335872,33210380288,8589930496,1916219392,0
200,1737286052232,2099,1964,1500,1084,1978,1880,1476,1500,1500,400,1500,1500,100,0,0,0,0,0,0,0,0,0,0,0,0,60633.93817138672,127079.41534423828,192.32696533203125,100.41841125488281,0,335872,33210380288,8589930496,1916219392,0
200,1737286052432,2100,448,1363,400,721,973,1500,1244,400,1488,400,1404,100,0,0,0,0,0,0,0,0,0,0,0,0,60635.31268310547,127080.0433959961,192.32696533203125,100,0,335872,33210380288,8589930496,1916219392,0
200,1737286052632,2100,1912,1467,1468,1961,1988,1439,1454,1460,1491,400,1454,100,0,0,4.761904716491699,0,0,0,0,0,0,0,0,0,60636.70001220703,127080.68255615234,192.32696533203125,100.41841125488281,0,335872,33210380288,8589930496,1916219392,0
200,1737286052833,2099,2066,1468,1421,2100,1975,1446,1352,1437,1457,1419,1457,100,0,0,0,0,0,0,4.761904716491699,0,0,0,0,0,60638.07293701172,127081.3081665039,192.32696533203125,105.8823471069336,0,335872,33210380288,8589930496,1916215296,0
200,1737286053033,2099,2033,1384,1386,1951,1917,1375,1366,1367,1359,1284,1341,100,0,0,0,0,0,0,4.761904716491699,0,0,0,0,0,60639.447998046875,127081.93841552734,192.32696533203125,100,0,335872,33210380288,8589930496,1916215296,0
200,1737286053233,2100,1721,1340,1384,1940,1916,1111,1258,1207,1263,400,1326,100,0,0,0,0,5,0,0,0,0,0,0,0,60640.818359375,127082.56237792969,192.32696533203125,100.41841125488281,0,335872,33210380288,8589930496,1916215296,0
200,1737286053433,2100,1872,1297,1299,1563,1652,1238,1339,1358,1296,1199,1245,100,0,4.761904716491699,0,0,0,0,5,0,0,0,0,0,60642.19104003906,127083.1900024414,192.32696533203125,100,0,335872,33210380288,8589930496,1916215296,0
199,1737286053633,2099,2099,400,1395,2099,1984,1435,1452,1481,1500,400,1402,100,0,0,0,0,0,0,0,0,0,0,0,0,60643.5625,127083.81573486328,192.32696533203125,100.41841125488281,0,335872,33210380288,8589930496,1916215296,0
200,1737286053833,2100,462,400,400,400,1500,400,400,400,400,400,400,100,0,0,0,0,0,0,0,0,0,0,0,0,60644.929260253906,127084.43719482422,192.32696533203125,100.41841125488281,0,335872,33210380288,8589930496,1916215296,0
200,1737286054034,2100,1969,1307,1349,1938,1977,1449,1475,1469,1437,1286,1326,100,0,0,4.761904716491699,0,0,0,0,0,0,4.761904716491699,0,0,60646.302673339844,127085.06646728516,192.32696533203125,99.58505249023438,0,335872,33210380288,8589930496,1916215296,0
200,1737286054234,2100,543,879,999,1434,471,400,1435,1440,1388,400,916,100,0,0,0,4.761904716491699,0,0,0,0,0,0,4.761904716491699,0,60647.683166503906,127085.69958496094,192.32696533203125,100.41841125488281,0,335872,33210380288,8589930496,1916215296,0
200,1737286054434,2100,1730,1455,1431,1739,1900,1426,1273,1349,1427,1452,1434,100,0,0,0,4.761904716491699,0,0,0,0,0,0,4.761904716491699,0,60649.05456542969,127086.32678222656,192.32696533203125,100.41841125488281,0,335872,33210380288,8589930496,1916215296,0
200,1737286054634,2100,1671,1290,1325,2100,2100,1500,1500,1500,1440,400,1360,100,0,0,0,4.761904716491699,0,0,0,0,0,0,4.761904716491699,0,60650.43096923828,127086.95617675781,192.32696533203125,50.10437774658203,0,335872,33210380288,8589930496,1916215296,0
200,1737286054834,2100,1835,1499,1500,1887,1987,1414,1430,1478,1466,1412,1500,100,0,0,0,4.761904716491699,0,0,0,0,0,0,4.761904716491699,0,60651.81335449219,127087.58154296875,192.32696533203125,100.41841125488281,0,335872,33210380288,8589930496,1916215296,0
200,1737286055034,2100,1824,1356,1426,1724,2003,1500,1458,1467,1396,1471,1457,100,0,0,0,4.761904716491699,0,0,0,0,0,0,4.761904716491699,0,60653.202392578125,127088.21124267578,192.32696533203125,100.41841125488281,0,335872,33210380288,8589930496,1916215296,0
200,1737286055234,2099,2003,1399,1500,1970,1995,1410,1405,1409,1366,1475,1481,100,0,0,0,4.761904716491699,0,0,0,0,0,0,4.761904716491699,0,60654.56689453125,127088.8412475586,192.32763671875,100.41841125488281,0,335872,33210380288,8589930496,1916215296,0
200,1737286055435,2100,644,400,400,1522,1773,400,1462,1379,400,741,400,100,0,0,0,4.761904716491699,0,0,0,0,0,0,4.761904716491699,0,60655.96350097656,127089.48028564453,192.32763671875,50.10437774658203,0,335872,33210380288,8589930496,1916215296,0
200,1737286055635,2100,1774,1278,1344,1647,1906,1445,1409,1396,1445,1349,1342,100,0,0,0,4.761904716491699,0,0,0,0,0,0,4.761904716491699,0,60657.344482421875,127090.10748291016,192.32763671875,50.10437774658203,0,335872,33210380288,8589930496,1916215296,0
200,1737286055835,2100,2045,1366,400,2100,1825,1499,1429,1499,1500,1340,1383,100,0,0,0,0,0,0,0,0,0,4.761904716491699,0,0,60658.72686767578,127090.73699951172,192.32763671875,100,0,335872,33210380288,8589930496,1916215296,0
200,1737286056035,2099,1517,1217,1295,1740,1744,874,874,1357,869,1273,1206,100,0,0,0,0,0,0,0,0,0,4.761904716491699,0,0,60660.10565185547,127091.36541748047,192.32763671875,100.41841125488281,0,335872,33210380288,8589930496,1916215296,0
200,1737286056235,2100,2047,400,1479,1927,1943,1420,1457,1445,1451,400,400,100,0,0,0,0,0,0,0,0,0,4.761904716491699,0,0,60661.487365722656,127091.99182128906,192.32763671875,50.209205627441406,0,335872,33210380288,8589930496,1916215296,0
200,1737286056436,2100,2052,1454,1424,2099,1957,1417,1438,1463,1475,400,1451,100,0,0,0,0,0,0,0,0,0,4.761904716491699,0,0,60662.86444091797,127092.61700439453,192.32763671875,50.209205627441406,0,335872,33210380288,8589930496,1916215296,0
200,1737286056636,2100,2055,1477,1458,1877,1924,1372,1386,1388,1438,1452,1435,100,0,0,0,4.761904716491699,0,0,0,0,0,0,0,0,60664.251220703125,127093.24780273438,192.32763671875,100,0,335872,33210380288,8589930496,1916215296,0
200,1737286056836,2100,678,1182,1233,400,1332,1500,1454,1499,400,1366,1499,100,0,0,4.761904716491699,0,0,0,0,4.761904716491699,0,0,0,0,60665.64050292969,127093.87438964844,192.32763671875,100.41841125488281,0,335872,33210380288,8589930496,1916215296,0
200,1737286057036,2100,2099,1409,1492,1867,2099,1499,1500,1500,1477,1323,400,100,0,0,0,0,0,0,0,0,0,0,0,0,60667.02362060547,127094.5054321289,192.32763671875,100,0,335872,33210380288,8589930496,1916215296,0
200,1737286057236,2100,562,820,1500,400,400,1500,1363,1482,1480,1499,1499,100,0,0,0,0,0,0,0,0,0,0,0,0,60668.400146484375,127095.1303100586,192.32763671875,99.58505249023438,0,335872,33210380288,8589930496,1916215296,0
200,1737286057436,2100,2032,1356,1427,1969,1994,1480,1432,400,1487,1273,1422,100,0,4.761904716491699,0,0,0,0,0,0,0,0,4.761904716491699,0,60669.779357910156,127095.76177978516,192.32763671875,100,0,335872,33210380288,8589930496,1916215296,0
200,1737286057637,2100,2099,1467,1475,1921,1942,1444,1457,1467,1416,1375,1461,100,0,0,0,0,0,0,0,0,0,0,0,0,60671.152770996094,127096.38641357422,192.32763671875,100.84033203125,0,335872,33210380288,8589930496,1916215296,0
200,1737286057837,2100,1984,1471,1397,1904,1989,1449,1454,1463,1398,400,400,100,0,0,0,0,0,0,0,0,0,0,0,0,60672.539489746094,127097.01721191406,192.32763671875,50.209205627441406,0,335872,33210380288,8589930496,1916215296,0
200,1737286058037,2100,508,400,400,1569,1824,1302,1200,400,1411,400,400,100,0,0,0,0,0,0,0,0,0,0,0,0,60673.91748046875,127097.64739990234,192.32763671875,100.41841125488281,0,335872,33210380288,8589930496,1916215296,0
200,1737286058237,2100,1847,1415,1405,1726,1869,1205,1380,1391,1279,1398,1211,100,0,0,0,0,0,0,0,0,0,0,0,0,60675.28387451172,127098.26525878906,192.32763671875,100.41841125488281,0,335872,33210380288,8589930496,1916215296,0
200,1737286058437,2100,1938,1456,1250,1882,2091,400,1499,1500,1450,1444,1313,100,0,0,0,0,0,0,0,0,0,0,0,0,60676.67852783203,127098.90216064453,192.32763671875,50,0,335872,33210380288,8589930496,1916215296,0
200,1737286058638,2100,2049,1418,1470,1892,1930,1337,1368,1421,1392,1499,1413,100,0,0,0,0,0,0,0,0,0,0,0,0,60678.05780029297,127099.53289794922,192.32763671875,50,0,335872,33210380288,8589930496,1916215296,0
200,1737286058838,2100,1950,1402,1416,1972,1903,1448,1387,1469,1463,400,1454,100,0.8474576473236084,0,0,0,1.6393442153930664,0.8333333730697632,0.8333333730697632,0,0.8333333730697632,0.8333333730697632,0,0,60679.43103027344,127100.15832519531,192.32763671875,100.41841125488281,0,335872,33210380288,8589930496,1916215296,0
199,1737286059038,2100,1843,1328,1393,1952,1859,1359,1398,1466,1467,1399,1398,100,0,0,0,0,0,4.761904716491699,0,0,0,0,0,0,60680.81115722656,127100.78442382813,192.32763671875,100.84033203125,0,335872,33210380288,8589930496,1916215296,0
199,1737286059238,2100,2099,1351,1496,2073,1890,1461,1499,1500,1500,1365,1313,100,0,0,0,0,0,4.761904716491699,0,0,0,0,0,0,60682.19885253906,127101.41735839844,192.32763671875,50.10437774658203,0,335872,33210380288,8589930496,1916215296,0
199,1737286059438,2100,2018,1447,1439,1637,1582,1438,1317,1362,1448,1323,1449,100,0,0,0,0,0,4.761904716491699,0,0,0,0,0,0,60683.59033203125,127102.04962158203,192.32763671875,50.10437774658203,0,335872,33210380288,8589930496,1916215296,0
200,1737286059638,2100,1920,1319,1312,1877,1542,1402,1380,1304,1425,400,400,100,0,0,0,0,0,0,1.6666667461395264,1.6666667461395264,0,1.6393442153930664,0,0,60684.95910644531,127102.66827392578,192.32763671875,100.84033203125,0,335872,33210380288,8589930496,1916215296,0
200,1737286059838,2100,1977,1499,1391,1947,2099,1480,1251,1476,1475,1377,1388,100,0,0,0,0,0,0,1.6666667461395264,1.6666667461395264,0,1.6393442153930664,0,0,60686.3466796875,127103.3042602539,192.32763671875,50.10437774658203,0,335872,33210380288,8589930496,1916215296,0
200,1737286060038,2100,486,491,577,1659,400,781,400,997,991,483,509,100,0,0,0,0,0,0,1.6666667461395264,1.6666667461395264,0,1.6393442153930664,0,0,60687.732971191406,127103.93865966797,192.32763671875,50.10437774658203,0,335872,33210380288,8589930496,1916215296,0
200,1737286060238,2100,2002,1432,1469,1951,1857,1478,1476,1446,1461,1416,1436,100,0,0,0,0,0,0,0,0,0,0,0,0,60689.117126464844,127104.56213378906,192.32763671875,100.41841125488281,0,335872,33210380288,8589930496,1916215296,0
200,1737286060439,2100,2024,1356,1391,1815,2100,1468,1452,1411,1407,1372,1365,100,0,0,0,0,0,0,0,0,0,0,0,0,60690.505798339844,127105.19189453125,192.32763671875,100.41841125488281,0,335872,33210380288,8589930496,1916215296,0
200,1737286060639,2100,2035,1472,1374,1796,1758,1401,1465,1461,1500,1364,1306,100,0,0,0,0,0,0,0,4.761904716491699,0,0,4.761904716491699,0,60691.889587402344,127105.82153320313,192.32763671875,100.41841125488281,0,335872,33210380288,8589930496,1916215296,0
200,1737286060839,2100,1702,1298,1200,1674,1894,1391,1311,1438,1499,1226,1360,100,0,0,0,0,0,0,0,4.761904716491699,0,0,4.761904716491699,0,60693.273010253906,127106.451171875,192.32763671875,50.209205627441406,0,335872,33210380288,8589930496,1916215296,0
200,1737286061039,2100,2100,1399,400,1963,2100,1500,1499,1500,1500,400,1456,100,0,0,0,0,0,0,0,4.761904716491699,0,0,4.761904716491699,0,60694.66357421875,127107.0883178711,192.32763671875,100.41841125488281,0,335872,33210380288,8589930496,1916215296,0
200,1737286061239,2100,1419,1318,1410,1851,1838,1300,1232,1397,1392,1447,1323,100,0,0,0,0,0,0,0,4.761904716491699,0,0,4.761904716491699,0,60696.02307128906,127107.70428466797,192.32763671875,100.41841125488281,0,335872,33210380288,8589930496,1916215296,0
200,1737286061439,2100,437,1449,400,1654,1336,1315,594,400,1465,1419,400,100,0,0,0,0,0,0,0,4.761904716491699,0,0,4.761904716491699,0,60697.422119140625,127108.34173583984,192.32763671875,50.31446838378906,0,335872,33210380288,8589930496,1916215296,0
200,1737286061639,2099,2017,1427,1392,1968,1991,1476,1437,1476,1478,1407,1398,100,0,0,0,0,0,0,0,4.761904716491699,0,0,4.761904716491699,0,60698.80224609375,127108.96948242188,192.32763671875,99.58505249023438,0,335872,33210380288,8589930496,1916215296,0
200,1737286061840,2100,2056,1468,1398,1925,1986,1455,1371,1404,1472,1450,1475,100,0,0,0,0,0,0,0,4.761904716491699,0,0,4.761904716491699,0,60700.17834472656,127109.59704589844,192.32763671875,100.84033203125,0,335872,33210380288,8589930496,1916215296,0
200,1737286062040,2100,2049,400,1467,1958,1860,1370,1456,1346,1454,400,400,100,0,0,0,0,0,0,0,4.761904716491699,0,0,4.761904716491699,0,60701.56433105469,127110.22778320313,192.32763671875,100.41841125488281,0,335872,33210380288,8589930496,1916215296,0
200,1737286062240,2100,1815,1363,1445,1913,1842,1387,1275,1314,1405,1230,400,100,0,0,0,0,0,0,0,4.761904716491699,0,0,4.761904716491699,0,60702.950134277344,127110.86145019531,192.32763671875,100.41841125488281,0,335872,33210380288,8589930496,1916215296,0
200,1737286062440,2100,527,931,859,1003,1237,400,400,400,400,703,740,100,0,0,0,0,0,0,0,4.761904716491699,0,0,4.761904716491699,0,60704.32940673828,127111.48565673828,192.32763671875,100.41841125488281,0,335872,33210380288,8589930496,1916215296,0
200,1737286062640,2100,2100,1415,1446,1879,1896,1386,1392,1395,1428,400,1271,100,0,0,0,0,0,0,0,4.761904716491699,0,0,4.761904716491699,0,60705.71502685547,127112.1166381836,192.32763671875,100.41841125488281,0,335872,33210380288,8589930496,1916215296,0
200,1737286062841,2100,2022,1290,1481,1715,1441,1463,1500,1456,1396,1188,1333,100,0,0,0,0,0,0,0,4.761904716491699,0,0,4.761904716491699,0,60707.08801269531,127112.74291992188,192.32763671875,99.58505249023438,0,335872,33210380288,8589930496,1916215296,0
200,1737286063041,2099,2046,1442,1475,1892,1973,1372,1360,1362,1364,1432,1404,100,0,0,0,0,0,0,0,4.761904716491699,0,0,4.761904716491699,0,60708.47381591797,127113.37237548828,192.32763671875,99.58505249023438,0,335872,33210380288,8589930496,1916215296,0
200,1737286063241,2100,2043,1457,1454,1877,1868,1387,1394,1390,1403,400,1409,100,1.1764706373214722,0.7662835121154785,0.3861003816127777,0.38759690523147583,0.7692307829856873,0.3861003816127777,0.7692307829856873,0,0.3861003816127777,0.3861003816127777,0.38461539149284363,0,60709.86065673828,127114.00262451172,192.32763671875,100,0,335872,33210380288,8589930496,1916215296,0
200,1737286063441,2100,1755,1190,1217,1291,1769,1409,1385,1293,1296,1068,1271,100,0,0,0,0,0,0,0,0,0,0,0,0,60711.232849121094,127114.62353515625,192.32763671875,100.84033203125,0,335872,33210380288,8589930496,1916215296,0
200,1737286063641,2099,2100,1500,1500,2100,2099,1499,1499,1500,1101,1500,1500,100,0,0,0,0,0,0,0,5,0,0,4.761904716491699,0,60712.60900878906,127115.25280761719,192.32763671875,100,0,335872,33210380288,8589930496,1916215296,0
200,1737286063841,2100,2032,1475,1437,2100,2099,1477,1486,1458,1477,400,1500,100,0,0,0,0,4.761904716491699,0,0,0,0,0,0,0,60713.986328125,127115.8814086914,192.32763671875,100,0,335872,33210380288,8589930496,1916215296,0
200,1737286064042,2100,1913,1453,1464,1908,1946,1500,1451,1444,1459,1432,1471,100,0,0,0,4.761904716491699,0,0,0,0,0,0,0,0,60715.38165283203,127116.5200805664,192.32763671875,100.41841125488281,0,335872,33210380288,8589930496,1916215296,0
199,1737286064242,2100,2053,1458,1428,1969,1934,1380,1363,1378,1380,1398,1465,100,0,0,0,0,0,0,0,0,0,0,0,0,60716.76153564453,127117.14660644531,192.32763671875,100.41841125488281,0,335872,33210380288,8589930496,1916215296,0
200,1737286064442,2099,2026,400,400,1790,1888,1258,1455,1289,1414,1100,400,100,0,0,0,0,0,0,0,0,0,0,0,0,60718.143981933594,127117.7748413086,192.32763671875,100.41841125488281,0,335872,33210380288,8589930496,1916190720,0
199,1737286064642,2100,1182,1442,1456,1854,400,1178,400,400,400,1213,1224,100,0,0,0,0,0,0,0,0,0,0,0,0,60719.522705078125,127118.40075683594,192.32763671875,100,0,335872,33210380288,8589930496,1916190720,0
200,1737286064842,2100,2019,400,1500,1948,1936,1499,1399,1499,400,1499,1469,100,0,0,0,0,0,0,0,4.761904716491699,4.761904716491699,0,0,0,60720.91638183594,127119.03259277344,192.32763671875,100.41841125488281,0,335872,33210380288,8589930496,1916190720,0
200,1737286065042,2100,2011,1500,1500,1883,2100,1448,1424,400,1435,1499,1365,100,0,0,0,0,0,0,0,0,0,0,0,0,60722.29034423828,127119.65893554688,192.32763671875,100.41841125488281,0,335872,33210380288,8589930496,1916190720,0
200,1737286065242,2100,1820,1499,1499,1900,1969,1499,1427,1469,1459,1499,1404,100,0,0,0,4.761904716491699,0,4.761904716491699,0,0,0,4.761904716491699,0,0,60723.68231201172,127120.291015625,192.32763671875,100,0,335872,33210380288,8589930496,1916190720,0
200,1737286065442,2100,2007,1445,1435,1861,1853,1473,1500,1480,1455,1391,1413,100,0,0,0,4.761904716491699,0,4.761904716491699,0,0,0,4.761904716491699,0,0,60725.06719970703,127120.923828125,192.32763671875,100,0,335872,33210380288,8589930496,1916190720,0
200,1737286065643,2100,1989,1436,1442,1678,1648,1421,1414,1404,1383,1441,1500,100,5,0,4.761904716491699,0,0,0,0,0,4.761904716491699,0,0,0,60726.442932128906,127121.5474243164,192.32763671875,100.41841125488281,0,335872,33210380288,8589930496,1916190720,0
199,1737286065843,2100,2041,1467,1392,1919,1952,1233,1421,1399,1393,1394,1468,100,5,0,4.761904716491699,0,0,0,0,0,4.761904716491699,0,0,0,60727.8251953125,127122.18072509766,192.32763671875,100.41841125488281,0,335872,33210380288,8589930496,1916190720,0
200,1737286066043,2099,2016,400,1458,1719,1856,1351,1416,1415,1429,1427,400,100,5,0,4.761904716491699,0,0,0,0,0,4.761904716491699,0,0,0,60729.19659423828,127122.80548095703,192.32763671875,50.10437774658203,0,335872,33210380288,8589930496,1916190720,0
200,1737286066243,2099,1588,1417,1500,1544,1842,1170,1254,1194,1343,1419,1421,100,5,0,4.761904716491699,0,0,0,0,0,4.761904716491699,0,0,0,60730.57781982422,127123.43377685547,192.32763671875,100,0,335872,33210380288,8589930496,1916190720,0
200,1737286066443,2099,2005,1476,1500,1748,2100,1499,1465,1479,1477,1499,1456,100,5,0,4.761904716491699,0,0,0,0,0,4.761904716491699,0,0,0,60731.96221923828,127124.05877685547,192.32763671875,100.41841125488281,0,335872,33210380288,8589930496,1916190720,0
200,1737286066643,2100,2065,1463,1415,1916,1860,1378,400,400,1433,1351,1402,100,5,0,4.761904716491699,0,0,0,0,0,4.761904716491699,0,0,0,60733.34161376953,127124.68579101563,192.32763671875,100.84033203125,0,335872,33210380288,8589930496,1916190720,0
200,1737286066844,2100,2100,1403,1371,1943,1980,1369,1374,1399,1374,1400,1432,100,5,0,4.761904716491699,0,0,0,0,0,4.761904716491699,0,0,0,60734.725646972656,127125.31463623047,192.32763671875,100,0,335872,33210380288,8589930496,1916190720,0
200,1737286067044,2099,1885,1464,1428,1871,1888,1412,1434,1462,1351,1374,1357,100,5,0,4.761904716491699,0,0,0,0,0,4.761904716491699,0,0,0,60736.116455078125,127125.95037841797,192.32763671875,100,0,335872,33210380288,8589930496,1916190720,0
200,1737286067244,2100,559,400,400,400,1809,1390,1432,1276,1434,1416,1405,100,5,0,4.761904716491699,0,0,0,0,0,4.761904716491699,0,0,0,60737.49768066406,127126.5796508789,192.32763671875,100.41841125488281,0,335872,33210380288,8589930496,1916190720,0
200,1737286067444,2100,1936,1406,1499,1977,1803,1499,1460,1468,1490,1499,1500,100,5,0,4.761904716491699,0,0,0,0,0,4.761904716491699,0,0,0,60738.892822265625,127127.21630859375,192.32763671875,100,0,335872,33210380288,8589930496,1916190720,0
200,1737286067644,2100,547,400,400,400,1373,400,400,400,400,400,1477,100,5,0,4.761904716491699,0,0,0,0,0,4.761904716491699,0,0,0,60740.253479003906,127127.83227539063,192.32763671875,100,0,335872,33210380288,8589930496,1916190720,0
200,1737286067845,2099,1970,1194,1031,1730,1981,1420,1365,1466,1460,1181,1250,100,5,0,4.761904716491699,0,0,0,0,0,4.761904716491699,0,0,0,60741.651123046875,127128.47296142578,192.328369140625,52.60960388183594,0,335872,33210380288,8589930496,1916190720,0
200,1737286068045,2100,2053,1470,1465,1975,1967,400,400,1472,1334,1386,1468,100,5,0,4.761904716491699,0,0,0,0,0,4.761904716491699,0,0,0,60743.011474609375,127129.09075927734,192.328369140625,50.10437774658203,0,335872,33210380288,8589930496,1916190720,0
199,1737286068245,2100,1787,1408,1470,1914,1718,1369,1396,1353,1428,1457,1416,100,0.4273504614830017,0.8333333730697632,0.4184100329875946,0.4184100329875946,0.8333333730697632,0.4166666865348816,0.4166666865348816,0.4166666865348816,0,0.8298755884170532,0.8298755884170532,0,60744.38348388672,127129.71643066406,192.328369140625,100.41841125488281,0,335872,33210380288,8589930496,1916190720,0
200,1737286068445,2100,2011,400,400,1557,2100,1391,1414,1444,1303,400,400,100,0,0,0,0,0,0,0,0,0,0,0,0,60745.7734375,127130.3568725586,192.328369140625,100.84033203125,0,335872,33210380288,8589930496,1916190720,0
200,1737286068645,2100,1980,1460,1453,2100,1932,1377,1481,1479,1500,1389,1418,100,0,0,0,0,0,4.761904716491699,0,0,4.761904716491699,0,0,0,60747.14880371094,127130.98303222656,192.328369140625,99.58505249023438,0,335872,33210380288,8589930496,1916190720,0
200,1737286068845,2100,1500,1259,1144,1563,1648,1375,1073,400,1383,1432,1312,100,0,0,0,0,0,4.761904716491699,0,0,4.761904716491699,0,0,0,60748.51916503906,127131.60827636719,192.328369140625,100,0,335872,33210380288,8589930496,1916190720,0
200,1737286069045,2100,1256,400,400,400,474,400,400,400,400,400,400,100,0,0,0,0,0,0,0,0,0,0,0,0,60749.88806152344,127132.2329711914,192.328369140625,100.41841125488281,0,335872,33210380288,8589930496,1916190720,0
200,1737286069246,2099,2064,1421,400,1915,2100,1365,1427,1430,1407,1369,1426,100,0,0,0,0,0,0,0,0,0,0,0,0,60751.261962890625,127132.85961914063,192.328369140625,50.209205627441406,0,335872,33210380288,8589930496,1916190720,0
200,1737286069446,2100,2047,1444,1447,1962,1939,1383,1378,1387,1436,1413,1442,100,0,0,0,0,0,0,0,0,0,0,0,0,60752.64471435547,127133.4921875,192.328369140625,100,0,335872,33210380288,8589930496,1916190720,0
200,1737286069646,2100,1814,1371,1383,1932,1875,1427,1489,1493,1350,1307,1383,100,0,0,0,0,0,0,0,0,0,0,0,0,60754.00866699219,127134.11108398438,192.328369140625,100.41841125488281,0,335872,33210380288,8589930496,1916186624,0
200,1737286069846,2100,1633,1386,1455,1874,1914,1184,1228,1220,1229,400,1454,100,2.0202019214630127,0,0,1.9607844352722168,0.9900990128517151,0,0,0.9900990128517151,1,0,0,0,60755.39782714844,127134.75018310547,192.328369140625,100.41841125488281,0,335872,33210380288,8589930496,1916186624,0
200,1737286070046,2099,1486,1213,1223,1535,1215,747,838,724,783,995,1156,100,0,0,0,0,0,0,0,0,0,0,0,0,60756.77197265625,127135.3783569336,192.328369140625,100.41841125488281,0,335872,33210380288,8589930496,1916186624,0
200,1737286070246,2099,451,400,400,1605,522,627,400,400,601,400,810,100,0,0,0,0,0,0,4.761904716491699,0,0,0,0,0,60758.13818359375,127136.00079345703,192.328369140625,100.41841125488281,0,335872,33210380288,8589930496,1916186624,0
200,1737286070447,2099,2057,1474,1471,1912,1970,1410,1421,1391,1422,1420,1471,100,0,0,4.761904716491699,0,0,0,4.761904716491699,0,0,0,0,0,60759.51477050781,127136.63024902344,192.328369140625,100,0,335872,33210380288,8589930496,1916186624,0
200,1737286070647,2099,2050,1414,1449,400,1804,1338,1345,1378,1360,1424,1409,100,0,0,4.761904716491699,0,0,0,4.761904716491699,0,0,0,0,0,60760.887939453125,127137.25457763672,192.328369140625,100,0,335872,33210380288,8589930496,1916186624,0
200,1737286070847,2100,2043,1345,1331,1909,1879,1409,1352,1468,1411,1381,1396,100,0,0,4.761904716491699,0,4.761904716491699,0,0,0,0,0,4.761904716491699,0,60762.266174316406,127137.8842163086,192.328369140625,100,0,335872,33210380288,8589930496,1916186624,0
200,1737286071047,2100,1586,400,400,400,1836,1254,1467,1343,1375,400,400,100,0,0,0,0,0,0,0,0,0,0,0,0,60763.65344238281,127138.5200805664,192.328369140625,100.84033203125,0,335872,33210380288,8589930496,1916186624,0
200,1737286071247,2100,835,1283,1283,1502,400,1256,1324,1205,1054,1301,1212,100,0,0,0,0,0,0,0,0,0,0,0,0,60765.033203125,127139.14916992188,192.328369140625,100,0,335872,33210380288,8589930496,1916186624,0
200,1737286071447,2100,2100,1410,1441,1945,1975,1478,1459,1499,1460,1076,1436,100,0,0,0,0,0,0,0,0,0,0,0,0,60766.40399169922,127139.77447509766,192.328369140625,100,0,335872,33210380288,8589930496,1916186624,0
200,1737286071648,2099,2020,1444,1429,1897,2100,1410,1499,1500,1465,400,1499,100,0,0,0,0,0,0,0,0,0,0,0,0,60767.784606933594,127140.4058227539,192.328369140625,100.41841125488281,0,335872,33210380288,8589930496,1916186624,0
200,1737286071848,2100,1794,400,400,1888,1063,1443,1058,400,1403,654,400,100,0,0,0,0,0,0,0,0,0,0,0,0,60769.171325683594,127141.03332519531,192.328369140625,100.41841125488281,0,335872,33210380288,8589930496,1916186624,0
200,1737286072048,2099,1947,1461,1428,1842,1870,1394,1420,1441,1356,400,853,100,0,0,0,0,0,0,0,0,0,0,0,0,60770.52893066406,127141.66021728516,192.328369140625,100.41841125488281,0,335872,33210380288,8589930496,1916186624,0
200,1737286072248,2100,1991,1500,1474,1949,1679,1481,1422,1450,1476,1415,1357,100,0,0,0,0,0,0,0,0,0,0,0,0,60771.915100097656,127142.2935180664,192.328369140625,50,0,335872,33210380288,8589930496,1916186624,0
200,1737286072448,2100,2027,1478,1468,1886,1953,1500,1445,1500,1500,400,1452,100,1.6949152946472168,0,0,1.6393442153930664,0,3.22580623626709,0,0,1.6393442153930664,0,1.6393442153930664,0,60773.29016113281,127142.92248535156,192.328369140625,50,0,335872,33210380288,8589930496,1916186624,0
177,1737286072671,2100,1829,1414,1499,1936,2100,1500,1500,1461,1499,400,1499,100,0,0,0,0,0,0,0,0,0,0,0,0,60774.822204589844,127143.61901855469,192.328369140625,110.92436218261719,0,335872,33210380288,8589930496,1916186624,0
200,1737286072849,2100,2047,1416,1467,1966,1908,1385,1291,1386,1389,400,1476,100,0,0,0,0,0,0,0,0,0,0,0,0,60776.03552246094,127144.17248535156,192.328369140625,80.89887237548828,0,335872,33210380288,8589930496,1916186624,0
199,1737286073049,2100,1776,1442,1443,1808,1941,1319,1400,1448,1457,1424,1417,100,0,0,0,0,0,0,0,0,0,0,0,0,60777.4140625,127144.80249023438,192.328369140625,53.21508026123047,0,335872,33210380288,8589930496,1916186624,0
200,1737286073249,2100,2027,1427,1428,1866,1924,1419,1395,1146,1426,400,1422,100,0,0,0,0,0,0,0,0,0,0,0,0,60778.789306640625,127145.43249511719,192.328369140625,53.21508026123047,0,335872,33210380288,8589930496,1916186624,0
200,1737286073449,2100,1832,1277,1428,1812,2100,1449,1499,1452,1477,1352,1351,100,5,0,0,0,0,0,4.761904716491699,5,0,4.761904716491699,0,0,60780.17266845703,127146.06616210938,192.328369140625,100.41841125488281,0,335872,33210380288,8589930496,1916186624,0
200,1737286073649,2100,2054,400,1499,1948,2100,1474,1476,1431,1479,400,1472,100,5,0,0,0,0,0,4.761904716491699,5,0,4.761904716491699,0,0,60781.54931640625,127146.6937866211,192.328369140625,100,0,335872,33210380288,8589930496,1916186624,0
200,1737286073850,2100,1967,1500,1463,1864,1971,1385,1302,1384,1395,1475,1476,100,0,0,0,0,4.761904716491699,0,0,0,0,0,0,0,60782.92303466797,127147.32141113281,192.328369140625,100.84033203125,0,335872,33210380288,8589930496,1916186624,0
200,1737286074050,2100,1987,1362,1468,1983,1948,1389,1381,1383,1411,1390,1465,100,0,0,0,0,0,0,0,0,0,0,0,0,60784.29431152344,127147.94952392578,192.328369140625,100.41841125488281,0,335872,33210380288,8589930496,1916186624,0
200,1737286074250,2100,1923,1500,1500,1840,1601,1429,1485,1500,1482,1286,1468,100,0,0,4.761904716491699,0,0,0,0,0,0,0,0,0,60785.671447753906,127148.57641601563,192.328369140625,100.41841125488281,0,335872,33210380288,8589930496,1916186624,0
200,1737286074450,2100,1680,1114,1433,1882,1861,1424,1275,1445,1359,1311,1430,100,0,0,4.761904716491699,0,0,0,0,0,0,0,0,0,60787.044006347656,127149.20391845703,192.328369140625,100.41841125488281,0,335872,33210380288,8589930496,1916186624,0
200,1737286074650,2100,1953,1330,1499,1796,2009,1500,400,1500,1430,400,1493,100,0,0,4.761904716491699,0,0,0,0,0,0,0,0,0,60788.415466308594,127149.8295288086,192.328369140625,50.10437774658203,0,335872,33210380288,8589930496,1916186624,0
200,1737286074850,2100,1716,1272,1138,1617,1919,1410,1500,1437,1333,400,1201,100,0,0,4.761904716491699,0,0,0,0,0,0,0,0,0,60789.797424316406,127150.46209716797,192.328369140625,100,0,335872,33210380288,8589930496,1916186624,0
200,1737286075051,2100,1950,1388,1368,1936,2099,1448,1461,1421,1462,1386,1390,100,0,0,4.761904716491699,0,0,0,0,0,0,0,0,0,60791.17736816406,127151.09490966797,192.328369140625,100,0,335872,33210380288,8589930496,1916186624,0
200,1737286075251,2099,2099,1415,1463,1970,1983,400,1444,1445,1384,1405,1466,100,0,0,4.761904716491699,0,0,0,0,0,0,0,0,0,60792.55456542969,127151.72430419922,192.328369140625,50.31446838378906,0,335872,33210380288,8589930496,1916186624,0
199,1737286075451,2100,1745,1448,1270,1931,1686,1395,1434,1442,1466,1339,1428,100,0,0,4.761904716491699,0,0,0,0,0,0,0,0,0,60793.926696777344,127152.3491821289,192.328369140625,100.41841125488281,0,335872,33210380288,8589930496,1916186624,0
199,1737286075651,2100,1953,1445,1440,1932,1860,1445,1455,1454,1387,1313,1292,100,0,0,0,0.7194244861602783,0.7142857313156128,0,0.7142857313156128,0,0.7092198133468628,0,0,0,60795.30841064453,127152.98193359375,192.328369140625,100.41841125488281,0,335872,33210380288,8589930496,1916186624,0
200,1737286075851,2100,2021,1380,1305,1543,1673,1434,1271,1119,1341,1188,1346,100,0,0,0,4.761904716491699,0,4.761904716491699,0,0,0,0,0,0,60796.68200683594,127153.60925292969,192.328369140625,100,0,335872,33210380288,8589930496,1916186624,0
200,1737286076051,2100,1827,1299,1338,1555,1816,1282,400,1325,1250,400,1379,100,0,0,0,0,0,0,0,0,4.761904716491699,0,4.761904716491699,0,60798.05847167969,127154.23858642578,192.328369140625,100.41841125488281,0,335872,33210380288,8589930496,1916186624,0
200,1737286076251,2100,1806,1426,1416,1678,1957,1499,1476,1472,1431,400,1416,100,0,0,4.761904716491699,0,5,0,0,0,0,0,0,0,60799.43688964844,127154.86993408203,192.328369140625,100.41841125488281,0,335872,33210380288,8589930496,1916186624,0
200,1737286076452,2100,1991,1427,1420,1932,1993,1472,1469,1395,1419,1400,1332,100,0,0,4.761904716491699,0,5,0,0,0,0,0,0,0,60800.81164550781,127155.49987792969,192.328369140625,99.58505249023438,0,335872,33210380288,8589930496,1916186624,0
200,1737286076652,2100,1963,1462,1462,1694,1943,1416,1400,1436,1400,1378,1499,100,0,0,4.761904716491699,0,5,0,0,0,0,0,0,0,60802.18981933594,127156.13305664063,192.328369140625,50.209205627441406,0,335872,33210380288,8589930496,1916186624,0
200,1737286076852,2100,1745,1443,1330,1863,1817,1453,1386,1419,1347,1286,1439,100,0,0,4.761904716491699,0,5,0,0,0,0,0,0,0,60803.573974609375,127156.75891113281,192.328369140625,100.84033203125,0,335872,33210380288,8589930496,1916186624,0
200,1737286077052,2100,1553,1434,1273,1528,1777,400,1406,1379,1367,1323,1114,100,0,0,4.761904716491699,0,5,0,0,0,0,0,0,0,60804.948974609375,127157.38500976563,192.328369140625,99.58505249023438,0,335872,33210380288,8589930496,1916186624,0
200,1737286077252,2100,499,1360,1297,1930,400,1500,1499,1499,1181,1308,1471,100,0,0,4.761904716491699,0,5,0,0,0,0,0,0,0,60806.335388183594,127158.02014160156,192.328369140625,100,0,335872,33210380288,8589930496,1916186624,0
200,1737286077452,2100,2016,1405,1395,1984,1924,1499,1469,1462,1464,1276,1351,100,0,0,4.761904716491699,0,5,0,0,0,0,0,0,0,60807.70086669922,127158.6430053711,192.328369140625,100,0,335872,33210380288,8589930496,1916186624,0
200,1737286077653,2099,1957,1397,1458,1943,1917,1500,1458,1500,1473,1424,1445,100,0,0,0,0,0,0,0,0,0,0,0,0,60809.08563232422,127159.27978515625,192.328369140625,100.41841125488281,0,335872,33210380288,8589930496,1916186624,0
200,1737286077853,2100,2050,1500,1454,1685,1918,1380,1400,1499,1442,1351,1463,100,0,0,0,0,0,0,0,0,0,0,0,0,60810.47784423828,127159.9165649414,192.32904052734375,100.41841125488281,0,335872,33210380288,8589930496,1916186624,0
200,1737286078053,2100,1855,1441,1440,1909,1807,1367,1450,1410,1454,1328,400,100,0,0,0,0,4.761904716491699,0,0,0,4.761904716491699,0,0,0,60811.862854003906,127160.54656982422,192.32904052734375,100.41841125488281,0,335872,33210380288,8589930496,1916186624,0
200,1737286078253,2099,1948,1020,400,400,400,1366,1403,1369,1437,1499,999,100,0,0,0,0,0,4.761904716491699,0,0,0,0,0,0,60813.24890136719,127161.17370605469,192.32904052734375,100.41841125488281,0,335872,33210380288,8589930496,1916186624,0
200,1737286078453,2100,2100,1365,1461,2027,1961,1481,1478,1500,1439,1445,1466,100,4.761904716491699,0,0,0,0,0,0,0,0,0,0,0,60814.638916015625,127161.80169677734,192.32904052734375,100.84033203125,0,335872,33210380288,8589930496,1916186624,0
200,1737286078653,2100,2100,1416,1410,1880,1893,1338,1374,1396,1359,400,1393,100,0,0,4.761904716491699,0,0,0,0,0,0,0,0,0,60816.009338378906,127162.42303466797,192.32904052734375,99.1735610961914,0,335872,33210380288,8589930496,1916186624,0
200,1737286078854,2100,2059,1418,1424,2003,1983,1397,1336,1398,1375,1413,1415,100,0,0,4.761904716491699,0,0,0,0,0,0,0,0,0,60817.401428222656,127163.05926513672,192.32904052734375,100,0,335872,33210380288,8589930496,1916186624,0
200,1737286079054,2099,2044,1500,1472,1899,1838,1462,1344,1305,1385,400,1500,100,0,0,4.761904716491699,0,0,0,0,0,0,0,0,0,60818.79333496094,127163.68267822266,192.32904052734375,50.209205627441406,0,335872,33210380288,8589930496,1916186624,0
200,1737286079254,2100,1904,1449,1459,1736,1697,1331,1282,1410,1413,1419,1431,100,0,0,4.761904716491699,0,0,0,0,0,0,0,0,0,60820.18957519531,127164.31842041016,192.32904052734375,100.84033203125,0,335872,33210380288,8589930496,1916186624,0
200,1737286079454,2100,1715,1222,1230,1675,1594,1136,1353,1412,1431,400,1387,100,0,0,4.761904716491699,0,0,0,0,0,0,0,0,0,60821.567932128906,127164.94604492188,192.32904052734375,100.41841125488281,0,335872,33210380288,8589930496,1916186624,0
200,1737286079654,2100,1999,541,540,2100,521,1500,1499,1009,1500,459,400,100,0,0,4.761904716491699,0,0,0,0,0,0,0,0,0,60822.94921875,127165.57525634766,192.32904052734375,99.58505249023438,0,335872,33210380288,8589930496,1916186624,0
200,1737286079855,2100,2057,1406,1339,1911,1883,1470,1499,1477,1477,1372,1410,100,0,0,4.761904716491699,0,0,0,0,0,0,0,0,0,60824.337951660156,127166.21032714844,192.32904052734375,100,0,335872,33210380288,8589930496,1916186624,0
200,1737286080055,2100,2061,1379,1361,1960,1974,1384,1437,1393,1395,400,1444,100,0,0,4.761904716491699,0,0,0,0,0,0,0,0,0,60825.71936035156,127166.84002685547,192.32904052734375,100.41841125488281,0,335872,33210380288,8589930496,1916186624,0
200,1737286080255,2100,1876,1338,1319,1886,1930,1435,1317,1349,1325,1384,1398,100,0,0,4.761904716491699,0,0,0,0,0,0,0,0,0,60827.09948730469,127167.47326660156,192.32904052734375,100,0,335872,33210380288,8589930496,1916186624,0
200,1737286080455,2099,1744,1261,1434,1790,1883,1325,1297,1187,1430,400,1338,100,0,0,4.761904716491699,0,0,0,0,0,0,0,0,0,60828.49542236328,127168.11877441406,192.32904052734375,100,0,335872,33210380288,8589930496,1916182528,0
200,1737286080655,2099,2099,1500,1500,2100,2100,1499,1499,1499,1500,1500,1499,100,0,0,4.761904716491699,0,0,0,0,0,0,0,0,0,60829.880615234375,127168.75299072266,192.32904052734375,100,0,335872,33210380288,8589930496,1916182528,0
200,1737286080855,2100,1831,1460,1264,1696,1994,1500,1382,1500,1477,400,1396,100,0,0,4.761904716491699,0,0,0,0,0,0,0,0,0,60831.26727294922,127169.38952636719,192.32904052734375,105.4393310546875,0,335872,33210380288,8589930496,1916182528,0
200,1737286081056,2099,2047,1441,1403,2100,1904,1386,1386,1409,1383,1405,1360,100,0,0,4.761904716491699,0,0,0,0,0,0,0,0,0,60832.655700683594,127170.02557373047,192.32904052734375,95.39749145507813,0,335872,33210380288,8589930496,1916182528,0
200,1737286081256,2100,1854,1464,1375,1958,1958,1442,1395,1363,1449,1460,1500,100,0.8510637879371643,0.8298755884170532,0.4166666865348816,0.4166666865348816,0.4184100329875946,0.8333333730697632,0.8333333730697632,0.4166666865348816,0.8333333730697632,0,0.8298755884170532,0,60834.03601074219,127170.65686035156,192.32904052734375,100,0,335872,33210380288,8589930496,1916182528,0
200,1737286081456,2100,1778,1421,1440,1790,1892,1391,1222,1452,1455,1301,1361,100,0.8510637879371643,0.8298755884170532,0.4166666865348816,0.4166666865348816,0.4184100329875946,0.8333333730697632,0.8333333730697632,0.4166666865348816,0.8333333730697632,0,0.8298755884170532,0,60835.423767089844,127171.29132080078,192.32904052734375,52.71966552734375,0,335872,33210380288,8589930496,1916182528,0
200,1737286081656,2100,2036,1500,1499,1933,1660,1439,1460,1416,1348,1287,1417,100,0,0,0,0,0,0,0,1.6666667461395264,0,1.6393442153930664,0,0,60836.80877685547,127171.92456054688,192.32904052734375,47.69874572753906,0,335872,33210380288,8589930496,1916182528,0
200,1737286081856,2099,1964,1500,400,1821,2100,1477,1439,1500,1478,1473,1468,100,0,0,0,0,0,0,0,0,0,0,0,0,60838.206481933594,127172.56872558594,192.32904052734375,100.41841125488281,0,335872,33210380288,8589930496,1916182528,0
200,1737286082056,2100,2100,1462,400,2100,2100,1480,1482,1499,1475,1373,1415,100,0,0,0,0,0,0,0,0,0,0,0,0,60839.58459472656,127173.20111083984,192.32904052734375,100.41841125488281,0,335872,33210380288,8589930496,1916182528,0
200,1737286082256,2099,1919,1440,1456,1982,1991,1470,1469,1455,1421,1457,1438,100,0,0,0,0,0,0,0,0,0,0,0,0,60840.97314453125,127173.83911132813,192.32904052734375,50.420166015625,0,335872,33210380288,8589930496,1916182528,0
200,1737286082457,2100,2043,1453,1419,1942,1803,1440,1423,1469,1451,400,400,100,0,0,0,0,0,0,0,0,0,0,0,0,60842.364013671875,127174.47595214844,192.32904052734375,104.5643081665039,0,335872,33210380288,8589930496,1916182528,0
200,1737286082657,2099,1866,1371,1388,1888,2099,1402,1430,1500,1435,1257,1380,100,0,0,0,0,0,0,0,0,0,0,0,0,60843.769775390625,127175.12182617188,192.32904052734375,100,0,335872,33210380288,8589930496,1916182528,0
200,1737286082857,2099,1750,1313,1279,1953,1716,1430,1275,1313,1405,656,643,100,0,0,0,0,0,0,0,0,0,0,0,0,60845.13946533203,127175.7465209961,192.32904052734375,100,0,335872,33210380288,8589930496,1916182528,0
200,1737286083057,2100,1701,1484,1467,1981,1895,1420,1500,1499,1447,1317,1364,100,0,0,0,0,0,0,0,0,0,0,0,0,60846.535583496094,127176.3853149414,192.32904052734375,50.209205627441406,0,335872,33210380288,8589930496,1916182528,0
200,1737286083257,2100,1847,1289,1437,1984,1977,1476,1419,1456,1481,1312,1285,100,0,0,0,0,0,0,0,0,0,0,0,0,60847.91748046875,127177.015625,192.32904052734375,100.41841125488281,0,335872,33210380288,8589930496,1916182528,0
200,1737286083457,2100,2092,1307,1429,1992,1855,1418,1452,1474,1448,1318,1399,100,0,0,0,0,0,0,0,0,0,0,0,0,60849.30920410156,127177.65478515625,192.32904052734375,100.41841125488281,0,335872,33210380288,8589930496,1916182528,0
200,1737286083658,2100,1887,1499,1275,1468,400,400,1275,1469,1462,400,1399,100,0,0,0,0,0,0,0,0,0,0,0,0,60850.699768066406,127178.28509521484,192.32904052734375,100,0,335872,33210380288,8589930496,1916182528,0
200,1737286083858,2100,1814,1457,1439,2032,2100,1392,1500,1273,1500,1443,1383,100,0,0,0,0,0,0,0,0,0,0,0,0,60852.07598876953,127178.91979980469,192.32904052734375,100.84033203125,0,335872,33210380288,8589930496,1916182528,0
200,1737286084058,2100,2040,1435,1403,1924,1852,1371,1373,1445,1456,1263,1283,100,0,0,0,0,0,0,0,0,0,0,0,0,60853.450744628906,127179.5541381836,192.32904052734375,100.84033203125,0,335872,33210380288,8589930496,1916182528,0
200,1737286084258,2100,2100,1444,400,1991,1931,1499,1472,1479,1499,1377,1417,100,0,0,0,0,0,0,0,0,0,0,0,0,60854.85284423828,127180.20098876953,192.32904052734375,50.209205627441406,0,335872,33210380288,8589930496,1916182528,0
200,1737286084458,2100,1910,1433,1446,1717,1852,1479,1500,1500,1500,1481,1477,100,0,0,0,0,0,0,0,0,0,0,0,0,60856.244140625,127180.8364868164,192.32904052734375,100,0,335872,33210380288,8589930496,1916182528,0
200,1737286084658,2100,2011,400,400,1646,1903,400,1354,1470,1499,822,895,100,0,0,0,0,0,0,0,0,0,0,0,0,60857.63708496094,127181.47357177734,192.32904052734375,100.41841125488281,0,335872,33210380288,8589930496,1916182528,0
200,1737286084859,2100,1995,1474,1419,1872,2100,1432,1374,1426,1475,1445,1477,100,0,0,0,0,0,0,0,0,0,0,0,0,60859.02160644531,127182.11010742188,192.32904052734375,100.41841125488281,0,335872,33210380288,8589930496,1916182528,0
200,1737286085059,2099,1774,1330,1441,1619,1910,1436,1447,1461,1396,400,400,100,0,0,0,0,0,0,0,0,0,0,0,0,60860.407287597656,127182.74615478516,192.32904052734375,50.209205627441406,0,335872,33210380288,8589930496,1916182528,0
200,1737286085259,2100,2045,1405,1432,1752,1839,1500,1280,1401,1499,1309,1431,100,0,0,0,0,0,0,0,0,0,0,0,0,60861.791259765625,127183.37780761719,192.32904052734375,100,0,335872,33210380288,8589930496,1916182528,0
200,1737286085459,2100,1829,1321,1373,1872,1703,1386,1266,1249,1344,1192,1318,100,0,0,0,0,0,0,0,0,0,0,0,0,60863.1865234375,127184.02026367188,192.32904052734375,100,0,335872,33210380288,8589930496,1916178432,0
200,1737286085659,2099,2099,1441,1452,1964,2100,1432,1499,1499,1469,1413,1434,100,0,0,0,0,0,0,0,0,0,0,0,0,60864.57586669922,127184.6586303711,192.32904052734375,100,0,335872,33210380288,8589930496,1916178432,0
200,1737286085859,2100,1587,400,400,400,1247,400,400,400,400,400,400,100,0,0,0,0,0,0,0,0,0,0,0,0,60865.963134765625,127185.29473876953,192.32904052734375,100.41841125488281,0,335872,33210380288,8589930496,1916178432,0
200,1737286086060,2099,2044,1354,1432,1867,1878,1500,1478,1450,1472,1243,1412,100,0,0,0,0,0,0,0,0,0,0,0,0,60867.350524902344,127185.9302368164,192.32904052734375,100.41841125488281,0,335872,33210380288,8589930496,1916178432,0
200,1737286086260,2100,1845,1384,1400,1793,1883,1388,1417,1408,1394,400,1367,100,0,0,0,0,5,0,0,0,0,0,0,0,60868.737243652344,127186.56561279297,192.32904052734375,99.58505249023438,0,335872,33210380288,8589930496,1916178432,0
200,1737286086460,2099,1915,1483,1437,1871,2018,1499,1500,1499,1500,1311,1340,100,0,0,0,0,0,0,0,0,0,0,0,0,60870.12097167969,127187.2045288086,192.32904052734375,100.84033203125,0,335872,33210380288,8589930496,1916178432,0
200,1737286086660,2100,519,1408,1415,1044,400,400,1098,1259,400,400,1407,100,0,0,0,0,0,0,0,0,0,0,0,0,60871.520080566406,127187.85131835938,192.32904052734375,100,0,335872,33210380288,8589930496,1916178432,0
200,1737286086860,2100,533,400,400,400,1535,461,1058,1389,400,400,400,100,5,0,0,0,0,0,0,0,0,0,0,0,60872.893615722656,127188.47497558594,192.32904052734375,100.41841125488281,0,335872,33210380288,8589930496,1916178432,0
200,1737286087060,2100,1864,1331,1339,1715,1954,1499,1461,1473,1471,1156,1369,100,5,0,0,0,0,0,0,0,0,0,0,0,60874.288513183594,127189.11889648438,192.32904052734375,50,0,335872,33210380288,8589930496,1916178432,0
200,1737286087261,2100,2043,1460,1396,2099,1907,1470,1462,1435,1441,1379,1391,100,5,0,0,0,0,0,0,0,0,0,0,0,60875.68371582031,127189.75952148438,192.32904052734375,50,0,335872,33210380288,8589930496,1916178432,0
200,1737286087461,2100,1828,1449,1449,1906,1955,1446,1499,1440,1467,400,1434,100,1.6949152946472168,0,1.6666667461395264,1.6666667461395264,1.6393442153930664,1.6393442153930664,3.278688430786133,1.6666667461395264,1.6666667461395264,0,1.6393442153930664,0,60877.07214355469,127190.39343261719,192.32904052734375,100.84033203125,0,335872,33210380288,8589930496,1916178432,0
200,1737286087661,2100,1777,1424,1435,1895,1844,1295,1298,1299,1316,1198,1360,100,0,0,0,0,0,0,0,0,0,0,0,0,60878.45788574219,127191.02880859375,192.32904052734375,100,0,335872,33210380288,8589930496,1916178432,0
200,1737286087861,2100,1474,1316,1500,1625,1853,1013,1044,1123,1095,1205,1388,100,0,0,0,0,0,0,0,4.761904716491699,0,4.761904716491699,0,0,60879.84930419922,127191.66827392578,192.32904052734375,100.41841125488281,0,335872,33210380288,8589930496,1916178432,0
200,1737286088061,2100,2100,1419,1465,2100,2100,1468,1484,1483,1483,400,1327,100,0,0,0,0,0,0,0,0,0,0,0,0,60881.236083984375,127192.3017578125,192.32904052734375,100.41841125488281,0,335872,33210380288,8589930496,1916178432,0
200,1737286088262,2100,1981,1446,1499,1971,1961,1396,1445,1441,1463,1500,400,100,0,0,0,0,0,0,0,0,0,0,0,0,60882.64227294922,127192.95031738281,192.32904052734375,100.41841125488281,0,335872,33210380288,8589930496,1916178432,0
200,1737286088462,2100,2087,1354,1462,1918,1940,1414,1422,1465,400,1456,1404,100,0,0,0,0,0,0,0,0,0,0,0,0,60884.03009033203,127193.58764648438,192.32904052734375,100,0,335872,33210380288,8589930496,1916174336,0
200,1737286088662,2099,1979,1396,1398,1841,1930,1340,1365,1375,1397,400,1389,100,5,0,0,0,0,0,0,0,0,0,0,0,60885.41912841797,127194.22381591797,192.32904052734375,99.58505249023438,0,335872,33210380288,8589930496,1916174336,0
200,1737286088862,2099,1784,1313,1291,1841,1907,1167,1097,1242,1305,1350,1385,100,0,0,4.761904716491699,0,0,0,0,0,0,0,0,0,60886.79815673828,127194.85479736328,192.32904052734375,100.84033203125,0,335872,33210380288,8589930496,1916174336,0
200,1737286089062,2099,985,1346,1474,1715,1683,837,780,771,843,981,1179,100,0,4.761904716491699,0,0,0,0,0,0,0,0,0,0,60888.18670654297,127195.4921875,192.32904052734375,100,0,335872,33210380288,8589930496,1916174336,0
200,1737286089262,2100,2066,1420,1442,2009,2099,1395,1402,400,1269,1410,1400,100,0,4.761904716491699,0,4.761904716491699,0,0,0,0,4.761904716491699,0,0,0,60889.572692871094,127196.1273803711,192.32904052734375,100.41841125488281,0,335872,33210380288,8589930496,1916174336,0
200,1737286089463,2100,2062,1421,1430,1962,2100,1395,1448,1362,1456,1379,1420,100,0,0,0,0,4.761904716491699,4.761904716491699,0,0,0,0,0,0,60890.96105957031,127196.76275634766,192.32904052734375,100,0,335872,33210380288,8589930496,1916174336,0
200,1737286089663,2099,2093,1467,1465,1960,1965,1422,1401,1452,1451,400,1386,100,0,0,0,0,0,0,0,0,0,0,0,0,60892.360412597656,127197.40673828125,192.32904052734375,100,0,335872,33210380288,8589930496,1916174336,0
200,1737286089863,2100,1916,1499,1347,1659,1719,1273,1292,1379,1469,1194,1444,100,0,0,0,0,0,0,0,0,0,0,0,0,60893.738037109375,127197.92889404297,192.32904052734375,100.41841125488281,0,335872,33210380288,8589930496,1916174336,0
200,1737286090063,2100,2100,1459,1499,2099,2100,1425,1399,1406,1419,1436,1500,100,0,0,0,4.761904716491699,4.761904716491699,0,0,0,0,0,0,0,60895.149963378906,127198.34197998047,192.32904052734375,100,0,335872,33210380288,8589930496,1916174336,0
200,1737286090263,2100,2099,1417,1499,1810,1666,1500,1500,1500,1500,1252,1451,100,0,0,0,0,0,0,5,0,5,0,0,0,60896.83337402344,127198.92077636719,192.3297119140625,100.41841125488281,0,335872,33210380288,8589930496,1916174336,0
200,1737286090463,2100,1855,1274,1331,1925,1985,1420,1362,1421,1427,1292,1306,100,0,0,0,0,0,0,0,0,0,0,0,0,60898.31707763672,127199.39562988281,192.3297119140625,100,0,335872,33210380288,8589930496,1916174336,0
200,1737286090664,2100,2099,1355,1338,1923,1893,1320,1345,1413,1409,1249,1336,100,0,0,0,0,0,0,4.761904716491699,0,0,0,4.761904716491699,0,60899.71691894531,127199.8134765625,192.3297119140625,100.41841125488281,0,335872,33210380288,8589930496,1916170240,0
200,1737286090864,2100,527,1500,1500,400,400,1499,1083,400,1145,1215,400,100,4.761904716491699,0,0,0,0,0,0,4.761904716491699,0,0,0,0,60901.353576660156,127200.36633300781,192.3297119140625,100.84033203125,0,335872,33210380288,8589930496,1916170240,0
199,1737286091064,2100,2099,1500,1480,2000,2007,1417,1417,1500,1359,1500,1448,100,0,0,0,0,0,0,0,0,0,0,0,0,60902.935974121094,127200.8999633789,192.3297119140625,100,0,335872,33210380288,8589930496,1916170240,0
200,1737286091264,2100,2040,1473,1477,2100,2100,1500,1225,1411,1499,400,1474,100,0,0,0,0,0,0,0,0,0,0,0,0,60904.30358886719,127201.28552246094,192.3297119140625,100,0,335872,33210380288,8589930496,1916170240,0
200,1737286091464,2100,2100,1450,1458,1902,1768,1437,1448,1442,1467,1350,1416,100,4.761904716491699,0,0,0,0,0,0,0,0,0,4.761904716491699,0,60905.747009277344,127201.70733642578,192.3297119140625,100.41841125488281,0,335872,33210380288,8589930496,1916170240,0
200,1737286091664,2100,2059,1350,1181,400,400,400,1387,1461,1459,1186,1216,100,0,0,4.761904716491699,0,0,0,0,0,0,5,0,0,60907.10577392578,127202.09075927734,192.3297119140625,100,0,335872,33210380288,8589930496,1916170240,0
200,1737286091865,2099,2053,1475,1483,2100,1913,1468,1411,1462,1499,1346,400,100,0,0,4.761904716491699,0,0,0,0,0,0,5,0,0,60908.463439941406,127202.49768066406,192.3297119140625,100.41841125488281,0,335872,33210380288,8589930496,1916170240,0
200,1737286092065,2100,1842,1328,1425,1768,1840,1409,1413,1453,1411,1350,1346,100,0,0,4.761904716491699,0,0,0,0,0,0,5,0,0,60909.865295410156,127203.14581298828,192.3297119140625,50.10437774658203,0,335872,33210380288,8589930496,1916170240,0
200,1737286092265,2100,1789,1392,1402,1898,1354,1240,1236,1434,1241,400,1271,100,0,0,4.761904716491699,0,0,0,0,0,0,5,0,0,60911.247009277344,127203.78131103516,192.3297119140625,100.84033203125,0,335872,33210380288,8589930496,1916170240,0
200,1737286092465,2100,1793,997,981,1641,1181,1158,1240,1382,1367,806,1025,100,0,0,4.761904716491699,0,0,0,0,0,0,5,0,0,60912.62609863281,127204.41497802734,192.3297119140625,100,0,335872,33210380288,8589930496,1916170240,0
200,1737286092665,2100,2046,400,1499,2100,2002,1368,1453,1473,1480,400,1428,100,0,0,4.761904716491699,0,0,0,0,0,0,5,0,0,60914.00177001953,127205.04486083984,192.3297119140625,100.41841125488281,0,335872,33210380288,8589930496,1916170240,0
200,1737286092866,2100,2035,1486,1469,1931,1957,1500,1384,1465,1475,1381,1396,100,0,0,4.761904716491699,0,0,0,0,0,0,5,0,0,60915.38317871094,127205.68060302734,192.3297119140625,100,0,335872,33210380288,8589930496,1916170240,0
200,1737286093066,2100,2046,400,1366,1873,1864,1500,1418,1441,1452,1406,1335,100,0,0,4.761904716491699,0,0,0,0,0,0,5,0,0,60916.78015136719,127206.31506347656,192.3297119140625,100,0,335872,33210380288,8589930496,1916170240,0
200,1737286093266,2100,1884,1333,1457,1896,1840,1254,1264,1261,1315,1447,1366,100,0,0,4.761904716491699,0,0,0,0,0,0,5,0,0,60918.161560058594,127206.95904541016,192.3297119140625,100.84033203125,0,335872,33210380288,8589930496,1916170240,0
200,1737286093466,2100,2007,1376,1401,1963,2100,1359,1412,1499,1420,1499,1435,100,0,0,4.761904716491699,0,0,0,0,0,0,5,0,0,60919.541931152344,127207.59228515625,192.3297119140625,100.41841125488281,0,335872,33210380288,8589930496,1916170240,0
200,1737286093666,2100,585,944,1254,1534,1696,1182,1343,1351,1181,1206,1011,100,0,0,4.761904716491699,0,0,0,0,0,0,5,0,0,60920.916442871094,127208.22180175781,192.3297119140625,100.41841125488281,0,335872,33210380288,8589930496,1916170240,0
200,1737286093866,2100,1911,1214,1374,1935,2100,1398,1427,1470,1464,1319,1421,100,0,0,4.761904716491699,0,0,0,0,0,0,5,0,0,60922.29803466797,127208.8560180664,192.3297119140625,49.896053314208984,0,335872,33210380288,8589930496,1916170240,0
200,1737286094067,2100,2100,1486,1499,2028,2100,1500,1500,1499,1469,400,1436,100,0,0,4.761904716491699,0,0,0,0,0,0,5,0,0,60923.69561767578,127209.50109863281,192.3297119140625,100.41841125488281,0,335872,33210380288,8589930496,1916170240,0
200,1737286094267,2099,2099,1410,1408,1912,1770,1441,1414,1462,1460,1387,1354,100,0,0,4.761904716491699,0,0,0,0,0,0,5,0,0,60925.060546875,127210.1259765625,192.3297119140625,100.41841125488281,0,335872,33210380288,8589930496,1916170240,0
199,1737286094467,2100,1824,1480,1451,1754,1799,1500,1120,1499,1499,1499,1499,100,0,0,4.761904716491699,0,0,0,0,0,0,5,0,0,60926.45764160156,127210.76940917969,192.3297119140625,50.31446838378906,0,335872,33210380288,8589930496,1916170240,0
200,1737286094667,2099,2026,400,400,1289,400,1146,400,1324,1051,400,400,100,0,0,4.761904716491699,0,0,0,0,0,0,5,0,0,60927.83996582031,127211.40411376953,192.3297119140625,50.31446838378906,0,335872,33210380288,8589930496,1916170240,0
200,1737286094867,2100,2100,1422,1421,1768,1877,1473,1499,1483,1457,1387,1395,100,0,0,0,0,0,4.761904716491699,0,0,0,0,0,0,60929.22509765625,127212.04205322266,192.3297119140625,100,0,335872,33210380288,8589930496,1916170240,0
200,1737286095067,2099,1714,793,800,1160,1675,1229,1056,1065,1493,866,917,100,0,0,0,0,0,4.761904716491699,0,0,0,0,0,0,60930.60021972656,127212.67315673828,192.3297119140625,100.84033203125,0,335872,33210380288,8589930496,1916170240,0
200,1737286095267,2100,2030,1473,1471,2100,2011,1472,1476,400,400,1063,1416,100,0,0,0,0,0,4.761904716491699,0,0,0,0,0,0,60931.98474121094,127213.31091308594,192.3297119140625,50.209205627441406,0,335872,33210380288,8589930496,1916170240,0
200,1737286095468,2100,2038,1478,1472,2100,1916,1377,1384,1285,1392,1390,400,100,0,0,0,0,0,4.761904716491699,0,0,0,0,0,0,60933.36511230469,127213.94439697266,192.3297119140625,100,0,335872,33210380288,8589930496,1916170240,0
200,1737286095668,2100,1983,1453,1449,1940,1971,1379,1356,1386,1391,1378,1429,100,0,0,0,0,0,4.761904716491699,0,0,0,0,0,0,60934.749084472656,127214.58294677734,192.3297119140625,100,0,335872,33210380288,8589930496,1916170240,0
200,1737286095868,2100,1928,1455,1383,1752,1942,1303,1304,1296,1287,1136,1380,100,0,0,0,0,0,0,0,0,0,0,0,0,60936.142150878906,127215.21728515625,192.3297119140625,105.8823471069336,0,335872,33210380288,8589930496,1916170240,0
200,1737286096068,2100,1842,1194,1245,1691,1714,1173,1076,1114,1234,1230,1256,100,4.761904716491699,0,0,0,5,0,0,0,0,0,0,0,60937.5263671875,127215.85028076172,192.3297119140625,100,0,335872,33210380288,8589930496,1916170240,0
200,1737286096268,2100,1802,1169,989,1726,1367,1221,1089,1238,1257,1057,1219,100,0,0,0,0,0,0,0,0,0,4.761904716491699,0,0,60938.910705566406,127216.498046875,192.3297119140625,100.84033203125,0,335872,33210380288,8589930496,1916170240,0
200,1737286096468,2100,1586,1215,1216,400,400,1467,1499,400,1473,1016,1231,100,0,0,4.761904716491699,0,0,0,5,0,0,4.761904716491699,0,0,60940.28576660156,127217.12915039063,192.3297119140625,100,0,335872,33210380288,8589930496,1916170240,0
200,1737286096669,2100,2027,1409,1435,2099,1959,1366,1428,1440,1457,1359,1401,100,0,0,4.761904716491699,0,0,0,5,0,0,4.761904716491699,0,0,60941.67315673828,127217.76892089844,192.3297119140625,100,0,335872,33210380288,8589930496,1916170240,0
200,1737286096869,2099,1921,1386,1357,1773,1891,1469,1416,1464,1431,1365,1380,100,0,0,4.761904716491699,0,0,0,5,0,0,4.761904716491699,0,0,60943.06213378906,127218.40832519531,192.3297119140625,50,0,335872,33210380288,8589930496,1916170240,0
200,1737286097069,2100,1702,1400,1314,1860,1769,1234,1239,1330,1336,1422,1451,100,0,0,4.761904716491699,0,0,0,5,0,0,4.761904716491699,0,0,60944.44805908203,127219.0473022461,192.3297119140625,100.41841125488281,0,335872,33210380288,8589930496,1916170240,0
200,1737286097269,2099,1241,1279,400,995,1774,992,400,1023,1029,1338,1205,100,0,0,4.761904716491699,0,0,0,5,0,0,4.761904716491699,0,0,60945.81506347656,127219.67169189453,192.3297119140625,100.41841125488281,0,335872,33210380288,8589930496,1916170240,0
200,1737286097469,2100,1739,782,640,1699,400,601,703,794,961,696,850,100,0,0,4.761904716491699,0,0,0,5,0,0,4.761904716491699,0,0,60947.19177246094,127220.30340576172,192.3297119140625,100,0,335872,33210380288,8589930496,1916170240,0
200,1737286097669,2100,1655,1460,1235,1750,1830,1446,1285,1500,1470,1370,1367,100,0,0,4.761904716491699,0,0,0,5,0,0,4.761904716491699,0,0,60948.58673095703,127220.94396972656,192.3297119140625,99.58505249023438,0,335872,33210380288,8589930496,1916170240,0
199,1737286097870,2100,2041,1410,1327,1829,1963,1473,1499,1418,1365,400,1402,100,0.7352941036224365,0.7142857313156128,0.7142857313156128,1.4184396266937256,0.7142857313156128,0,0,0.7142857313156128,0.7142857313156128,0,0.7092198133468628,0,60949.9638671875,127221.57275390625,192.3297119140625,99.58505249023438,0,335872,33210380288,8589930496,1916170240,0
200,1737286098070,2099,1966,1450,1462,1908,1957,1392,1452,1402,1458,1402,1462,100,0.7352941036224365,0.7142857313156128,0.7142857313156128,1.4184396266937256,0.7142857313156128,0,0,0.7142857313156128,0.7142857313156128,0,0.7092198133468628,0,60951.34197998047,127222.20556640625,192.3297119140625,100,0,335872,33210380288,8589930496,1916170240,0
200,1737286098270,2100,1698,1323,1123,1803,1853,1403,1449,1433,1500,400,400,100,0,0,0,0,0,0,0,4.761904716491699,4.761904716491699,0,0,0,60952.728454589844,127222.83410644531,192.3297119140625,100.41841125488281,0,335872,33210380288,8589930496,1916170240,0
200,1737286098470,2099,1620,1253,1429,1843,1861,1119,1210,1224,1230,400,1397,100,0,0,0,0,0,0,0,4.761904716491699,4.761904716491699,0,0,0,60954.11798095703,127223.47467041016,192.3297119140625,100.84033203125,0,335872,33210380288,8589930496,1916170240,0
200,1737286098670,2100,1225,1238,400,1434,1560,676,698,751,696,1071,1071,100,0,4.761904716491699,0,0,0,0,0,0,0,0,4.761904716491699,0,60955.51092529297,127224.11730957031,192.3297119140625,99.58505249023438,0,335872,33210380288,8589930496,1916170240,0
200,1737286098870,2100,2048,1436,1396,2100,1936,1420,1413,1424,1419,400,1403,100,0,0,0,0,0,0,0,0,0,0,0,0,60956.892639160156,127224.7529296875,192.3297119140625,100,0,335872,33210380288,8589930496,1916170240,0
200,1737286099071,2100,2100,1434,1438,1875,1979,1415,1405,1417,400,1409,1434,100,0,0,0,0,0,0,0,0,0,0,0,0,60958.27392578125,127225.3871459961,192.3297119140625,100.41841125488281,0,335872,33210380288,8589930496,1916170240,0
200,1737286099271,2100,2040,1325,1397,1764,1757,1452,1403,1458,1477,400,1405,100,0,0,0,0,0,0,0,0,0,0,0,0,60959.64440917969,127226.0146484375,192.3297119140625,100,0,335872,33210380288,8589930496,1916170240,0
200,1737286099471,2100,1978,1468,1469,1813,1787,1500,1500,1500,1499,1437,1474,100,0,0,0,0,0,0,0,0,0,0,0,0,60961.03063964844,127226.6519165039,192.3297119140625,100.84033203125,0,335872,33210380288,8589930496,1916170240,0
200,1737286099671,2100,1865,1499,1499,2080,1699,1451,1499,1480,1473,1472,1422,100,0,0,0,0,0,0,0,0,0,0,0,0,60962.420837402344,127227.29345703125,192.3297119140625,99.58505249023438,0,335872,33210380288,8589930496,1916170240,0
200,1737286099871,2100,528,400,400,1309,400,400,400,400,400,400,400,100,5,0,0,0,4.761904716491699,0,5,0,0,0,0,0,60963.789001464844,127227.92126464844,192.3297119140625,100.41841125488281,0,335872,33210380288,8589930496,1916170240,0
200,1737286100072,2100,2063,1424,1426,2100,1970,1474,1475,1409,1466,400,1391,100,5,0,0,0,4.761904716491699,0,5,0,0,0,0,0,60965.164794921875,127228.55249023438,192.3297119140625,50.209205627441406,0,335872,33210380288,8589930496,1916170240,0
200,1737286100272,2100,1855,1422,1429,1739,1950,1403,1399,1385,1390,400,1421,100,5,0,0,0,4.761904716491699,0,5,0,0,0,0,0,60966.574645996094,127229.2084350586,192.330322265625,100.41841125488281,0,335872,33210380288,8589930496,1916170240,0
200,1737286100472,2099,1807,1359,1499,1875,1933,1355,1422,1429,1455,1365,1455,100,5,0,0,0,4.761904716491699,0,5,0,0,0,0,0,60967.96228027344,127229.84454345703,192.330322265625,100,0,335872,33210380288,8589930496,1916170240,0
200,1737286100672,2099,1641,1412,1252,1664,1587,1293,1314,1340,1348,1217,1270,100,5,0,0,0,4.761904716491699,0,5,0,0,0,0,0,60969.349182128906,127230.47644042969,192.330322265625,100.84033203125,0,335872,33210380288,8589930496,1916170240,0
200,1737286100872,2100,2100,1500,1499,2100,1411,796,823,777,804,894,1500,100,5,0,0,0,4.761904716491699,0,5,0,0,0,0,0,60970.72839355469,127231.1068725586,192.330322265625,100.41841125488281,0,335872,33210380288,8589930496,1916170240,0
200,1737286101072,2100,686,400,400,1537,417,400,400,587,400,400,400,100,0.7299270033836365,0,0.7142857313156128,1.4285714626312256,0.7142857313156128,0,0,0.7142857313156128,0.7142857313156128,0.7142857313156128,0,0,60972.12518310547,127231.74389648438,192.330322265625,100.41841125488281,0,335872,33210380288,8589930496,1916170240,0
200,1737286101272,2100,2061,1440,1458,2003,1967,1386,1418,1418,1421,1360,1445,100,0,0,0,0,0,0,0,0,0,0,0,0,60973.52587890625,127232.38671875,192.330322265625,100,0,335872,33210380288,8589930496,1916170240,0
200,1737286101473,2100,2051,1474,1500,1942,1972,1403,1389,1411,1423,400,1408,100,0,0,0,0,0,0,0,0,0,0,0,0,60974.918518066406,127233.02514648438,192.330322265625,100,0,335872,33210380288,8589930496,1916170240,0
200,1737286101673,2100,2053,1446,1495,1949,1898,1439,1416,1376,1408,1020,1436,100,0,0,0,0,0,0,0,0,0,0,0,0,60976.30926513672,127233.65893554688,192.330322265625,100.41841125488281,0,335872,33210380288,8589930496,1916170240,0
200,1737286101873,2100,1796,1316,1237,1777,1809,1424,1295,1336,1316,1239,1297,100,0,4.761904716491699,0,0,0,0,0,0,0,0,0,0,60977.69451904297,127234.2914428711,192.330322265625,100.41841125488281,0,335872,33210380288,8589930496,1916170240,0
200,1737286102073,2100,1362,1116,1497,1799,1624,1319,1288,1188,1365,1252,1359,100,0,0,0,0,0,4.761904716491699,0,0,5,0,0,0,60979.084411621094,127234.92596435547,192.330322265625,100,0,335872,33210380288,8589930496,1916170240,0
200,1737286102273,2100,1741,1025,969,1704,1339,1042,1459,1305,400,1070,1139,100,5,0,0,0,0,4.761904716491699,4.761904716491699,4.761904716491699,0,0,0,0,60980.46990966797,127235.55810546875,192.330322265625,100.41841125488281,0,335872,33210380288,8589930496,1916170240,0
200,1737286102474,2100,2049,1428,1434,2100,1892,1493,400,1465,1415,1110,1410,100,5,0,0,0,0,4.761904716491699,4.761904716491699,4.761904716491699,0,0,0,0,60981.85089111328,127236.19299316406,192.330322265625,99.58505249023438,0,335872,33210380288,8589930496,1916149760,0
200,1737286102674,2100,2036,1312,1361,1870,1735,1382,1383,1444,1434,1382,1415,100,5,0,0,0,0,4.761904716491699,4.761904716491699,4.761904716491699,0,0,0,0,60983.24774169922,127236.83288574219,192.330322265625,50.209205627441406,0,335872,33210380288,8589930496,1916149760,0
200,1737286102874,2100,1771,1307,1353,1591,1900,1416,1405,1454,1451,400,1345,100,5,0,0,0,0,4.761904716491699,4.761904716491699,4.761904716491699,0,0,0,0,60984.639892578125,127237.47094726563,192.330322265625,100.41841125488281,0,335872,33210380288,8589930496,1916149760,0
200,1737286103074,2100,1861,1227,1361,1447,1864,1099,1184,1247,1182,1303,1376,100,5,0,0,0,0,4.761904716491699,4.761904716491699,4.761904716491699,0,0,0,0,60986.021911621094,127238.10235595703,192.330322265625,100.41841125488281,0,335872,33210380288,8589930496,1916149760,0
200,1737286103274,2100,2099,1500,1499,2100,1969,1464,1446,400,1465,725,1500,100,0,0,0,4.761904716491699,0,0,0,0,0,0,0,0,60987.40545654297,127238.73468017578,192.330322265625,100,0,335872,33210380288,8589930496,1916149760,0
200,1737286103474,2100,680,551,400,415,1569,400,400,400,400,400,400,100,0,0,0,4.761904716491699,0,0,0,0,0,0,0,0,60988.784423828125,127239.36657714844,192.330322265625,100.41841125488281,0,335872,33210380288,8589930496,1916149760,0
200,1737286103674,2100,2061,1499,1472,1925,1998,400,1481,1458,1421,400,1477,100,0,0,0,0,0,0,0,0,0,0,0,0,60990.16961669922,127239.99975585938,192.330322265625,100.41841125488281,0,335872,33210380288,8589930496,1916149760,0
177,1737286103897,2100,709,400,400,1374,400,400,400,400,400,400,400,100,0,0,0,0,0,0,0,0,0,0,0,0,60991.724853515625,127240.70886230469,192.330322265625,52.38095474243164,0,335872,33210380288,8589930496,1916149760,0
200,1737286104075,2100,1856,1358,1405,1858,1947,1434,1381,1450,1453,400,1345,100,0,0,0,0,0,0,0,0,0,0,0,0,60992.966552734375,127241.27850341797,192.330322265625,42.85714340209961,0,335872,33210380288,8589930496,1916149760,0
200,1737286104275,2100,400,400,1416,400,400,1394,1500,1190,1442,400,903,100,0,0,0,0,0,0,0,0,0,0,0,0,60994.34210205078,127241.90417480469,192.330322265625,53.09734344482422,0,335872,33210380288,8589930496,1916149760,0
200,1737286104475,2100,1922,1446,1465,1972,1905,1500,1452,1316,1356,1325,1406,100,0,0,0,0,0,0,0,0,0,0,0,0,60995.73095703125,127242.53680419922,192.330322265625,99.1735610961914,0,335872,33210380288,8589930496,1916149760,0
200,1737286104675,2100,2031,1444,1465,1981,1614,1300,1373,1410,1412,1471,1500,100,0,0,0,0,0,0,0,0,0,0,0,0,60997.11950683594,127243.17120361328,192.330322265625,99.1735610961914,0,335872,33210380288,8589930496,1916149760,0
200,1737286104876,2099,2042,1425,1415,1876,2100,1395,1403,1376,1406,1410,1416,100,0,0,0.8333333730697632,0.8333333730697632,1.6393442153930664,0,0,0,0,0,0.8333333730697632,0,60998.50994873047,127243.80584716797,192.330322265625,100.41841125488281,0,335872,33210380288,8589930496,1916149760,0
200,1737286105076,2100,2048,1499,1479,1904,1883,1378,1435,1447,1437,400,1405,100,0,0,0.8333333730697632,0.8333333730697632,1.6393442153930664,0,0,0,0,0,0.8333333730697632,0,60999.89581298828,127244.4390258789,192.330322265625,50.420166015625,0,335872,33210380288,8589930496,1916149760,0
200,1737286105276,2100,2100,1393,400,1773,1997,1349,1332,1411,1393,1427,1470,100,0,0,0.8333333730697632,0.8333333730697632,1.6393442153930664,0,0,0,0,0,0.8333333730697632,0,61001.27801513672,127244.88470458984,192.330322265625,99.1735610961914,0,335872,33210380288,8589930496,1916149760,0
199,1737286105476,2100,1988,1457,1499,2100,2100,1384,1466,1402,1352,1423,1471,100,0,0,0.8333333730697632,0.8333333730697632,1.6393442153930664,0,0,0,0,0,0.8333333730697632,0,61002.75329589844,127245.33056640625,192.330322265625,100.41841125488281,0,335872,33210380288,8589930496,1916149760,0
200,1737286105676,2100,1718,1344,1267,2099,2002,1500,1500,1499,1500,1281,1335,100,0,0,0.8333333730697632,0.8333333730697632,1.6393442153930664,0,0,0,0,0,0.8333333730697632,0,61004.42303466797,127245.89044189453,192.330322265625,100,0,335872,33210380288,8589930496,1916149760,0
200,1737286105876,2099,2029,1193,1204,1688,2100,1411,1301,1466,1469,1422,1193,100,0,0.8264462351799011,0.8264462351799011,0,0,0,1.6393442153930664,0,0.8333333730697632,0.8333333730697632,0.8264462351799011,0,61006.10284423828,127246.46630859375,192.330322265625,100,0,335872,33210380288,8589930496,1916149760,0
200,1737286106077,2100,1899,1261,1311,1958,1504,1236,1343,1434,1396,1045,1258,100,0,0,0,0,4.761904716491699,0,0,0,0,0,0,0,61007.75274658203,127247.0336303711,192.330322265625,100.41841125488281,0,335872,33210380288,8589930496,1916149760,0
200,1737286106277,2100,1789,1384,1426,1866,1941,1429,1426,1473,1410,1467,1318,100,0,0,0,0,4.761904716491699,0,0,0,0,0,0,0,61009.100341796875,127247.40649414063,192.330322265625,100.41841125488281,0,335872,33210380288,8589930496,1916149760,0
199,1737286106477,2100,1926,1455,1486,2099,1900,1401,1409,1411,1499,1499,1499,100,0,0,0,0,4.761904716491699,0,0,0,0,0,0,0,61010.519592285156,127247.81848144531,192.330322265625,50,0,335872,33210380288,8589930496,1916149760,0
200,1737286106677,2100,2100,1424,1429,2100,2100,1500,400,1386,1389,1383,1435,100,3.3333334922790527,0,0,0,0,1.6393442153930664,0,0,0,0,1.6393442153930664,0,61011.92041015625,127248.22192382813,192.330322265625,50,0,335872,33210380288,8589930496,1916149760,0
200,1737286106877,2100,1780,1412,1380,1932,1675,1343,1476,1456,1500,400,1323,100,0,0,0,4.761904716491699,0,0,0,4.761904716491699,0,0,0,0,61013.27374267578,127248.59680175781,192.330322265625,100.84033203125,0,335872,33210380288,8589930496,1916149760,0
200,1737286107077,2100,1888,1430,1449,2100,2099,1477,1481,1478,1428,400,1439,100,0,0,0,4.761904716491699,0,0,0,4.761904716491699,0,0,0,0,61014.66052246094,127249.2192993164,192.330322265625,100.41841125488281,0,335872,33210380288,8589930496,1916149760,0
200,1737286107278,2100,2100,1476,1499,1997,1822,1479,1425,1434,1441,1417,400,100,0,0,0,4.761904716491699,0,0,0,4.761904716491699,0,0,0,0,61016.050720214844,127249.85620117188,192.330322265625,50.31446838378906,0,335872,33210380288,8589930496,1916149760,0
200,1737286107478,2099,2051,1401,1461,1898,1982,1466,1441,1405,1470,1500,1466,100,0,0,0,4.761904716491699,0,0,0,4.761904716491699,0,0,0,0,61017.434814453125,127250.48834228516,192.330322265625,100.41841125488281,0,335872,33210380288,8589930496,1916149760,0
200,1737286107678,2100,1809,400,1437,1797,1900,1437,400,1354,1403,1379,1414,100,0,0,0,4.761904716491699,0,0,0,4.761904716491699,0,0,0,0,61018.827575683594,127251.12377929688,192.330322265625,100,0,335872,33210380288,8589930496,1916149760,0
200,1737286107878,2100,1686,1387,1418,1787,1904,1414,1371,1282,1408,400,1348,100,0,0,0,4.761904716491699,0,0,0,4.761904716491699,0,0,0,0,61020.23114013672,127251.7699584961,192.330322265625,100.41841125488281,0,335872,33210380288,8589930496,1916149760,0
200,1737286108078,2100,1706,400,400,400,400,1244,1159,1315,1260,974,1107,100,0,0,0,4.761904716491699,0,0,0,4.761904716491699,0,0,0,0,61021.61853027344,127252.4067993164,192.330322265625,100.84033203125,0,335872,33210380288,8589930496,1916149760,0
200,1737286108278,2100,1836,1248,1321,1703,1950,1434,1499,1499,1476,1087,1196,100,0,0,0,4.761904716491699,0,0,0,4.761904716491699,0,0,0,0,61023.00750732422,127253.04052734375,192.330322265625,98.76543426513672,0,335872,33210380288,8589930496,1916149760,0
200,1737286108478,2099,1839,1467,1376,1952,1894,1461,1472,1483,1426,1413,1476,100,0,0,0,4.761904716491699,0,0,0,4.761904716491699,0,0,0,0,61024.39501953125,127253.6767578125,192.330322265625,98.76543426513672,0,335872,33210380288,8589930496,1916149760,0
200,1737286108679,2100,1964,1461,1432,1931,1933,1429,1480,1435,1446,1398,1420,100,0,0.625,0,0,0.625,0.625,0,0.625,0.6289308071136475,0,0,0,61025.79113769531,127254.31866455078,192.330322265625,100.84033203125,0,335872,33210380288,8589930496,1916149760,0
200,1737286108879,2100,1910,1449,1448,1760,1731,1354,1366,1344,1444,400,1405,100,0,0.625,0,0,0.625,0.625,0,0.625,0.6289308071136475,0,0,0,61027.177001953125,127254.9521484375,192.330322265625,50.209205627441406,0,335872,33210380288,8589930496,1916149760,0
200,1737286109079,2099,1874,1465,1467,1880,1688,1290,1203,1286,1338,1281,1381,100,0,0.625,0,0,0.625,0.625,0,0.625,0.6289308071136475,0,0,0,61028.576110839844,127255.58807373047,192.330322265625,100,0,335872,33210380288,8589930496,1916149760,0
200,1737286109279,2099,2099,1500,1500,2100,2100,1500,1500,1078,1499,1499,1003,100,0,0.625,0,0,0.625,0.625,0,0.625,0.6289308071136475,0,0,0,61029.96551513672,127256.23132324219,192.330322265625,100,0,335872,33210380288,8589930496,1916149760,0
200,1737286109479,2099,2100,1473,1467,1999,1943,1487,1409,1411,1481,400,400,100,0,0.625,0,0,0.625,0.625,0,0.625,0.6289308071136475,0,0,0,61031.35144042969,127256.86413574219,192.330322265625,100.84033203125,0,335872,33210380288,8589930496,1916149760,0
200,1737286109679,2100,2100,1461,1463,2009,1982,1390,1410,1407,1397,1403,1402,100,0,0.625,0,0,0.625,0.625,0,0.625,0.6289308071136475,0,0,0,61032.73840332031,127257.5025024414,192.330322265625,100.41841125488281,0,335872,33210380288,8589930496,1916149760,0
200,1737286109880,2100,2034,1500,1391,1851,1914,1371,1381,1358,1335,1443,1465,100,0,0.625,0,0,0.625,0.625,0,0.625,0.6289308071136475,0,0,0,61034.11962890625,127258.13507080078,192.330322265625,104.99999237060547,0,335872,33210380288,8589930496,1916149760,0
200,1737286110080,2099,2057,1451,1473,1975,1766,1298,1459,1465,1467,400,1483,100,0,0.625,0,0,0.625,0.625,0,0.625,0.6289308071136475,0,0,0,61035.50671386719,127258.76947021484,192.330322265625,100,0,335872,33210380288,8589930496,1916149760,0
200,1737286110280,2100,2019,1500,1458,1961,1900,1389,1375,1358,1394,1380,1432,100,0,0,0,0,0,0,0,0,0,0,0,0,61036.90087890625,127259.40759277344,192.330322265625,100.41841125488281,0,335872,33210380288,8589930496,1916149760,0
200,1737286110480,2100,1841,1365,1354,1918,1936,1327,1270,1260,1331,1335,1312,100,0,0,0,0,0,4.761904716491699,0,0,0,4.761904716491699,0,0,61038.28259277344,127260.03802490234,192.330322265625,100.41841125488281,0,335872,33210380288,8589930496,1916149760,0
200,1737286110680,2100,1367,998,1008,1387,1614,1245,1255,400,1399,400,1035,100,0,0,0,0,0,0,0,0,0,0,0,0,61039.68536376953,127260.68713378906,192.330322265625,100,0,335872,33210380288,8589930496,1916149760,0
200,1737286110880,2100,1397,400,578,400,400,1468,483,467,569,400,528,100,0,0,0,0,0,4.761904716491699,0,4.761904716491699,0,0,0,0,61041.060485839844,127261.31384277344,192.330322265625,100.41841125488281,0,335872,33210380288,8589930496,1916149760,0
200,1737286111081,2100,1756,1394,1231,1468,1823,1470,1499,1443,1470,1337,1381,100,0,0,0,0,0,0,0,0,0,0,0,0,61042.45684814453,127261.95361328125,192.330322265625,100,0,335872,33210380288,8589930496,1916149760,0
200,1737286111281,2099,1947,1469,1467,1965,1924,1359,1356,1413,1302,1424,1500,100,0,0,0,0,0,0,0,0,0,0,0,0,61043.84033203125,127262.58740234375,192.330322265625,99.58505249023438,0,335872,33210380288,8589930496,1916149760,0
200,1737286111481,2100,1667,1414,1364,1921,1917,1351,1318,1352,1374,1442,1421,100,0,0,0,0,0,0,0,0,0,0,0,0,61045.22705078125,127263.22344970703,192.330322265625,50.209205627441406,0,335872,33210380288,8589930496,1916149760,0
200,1737286111681,2099,1634,1325,1342,1852,1863,1204,1379,1397,1291,1176,1284,100,0,0,0,0,0,0,0,0,0,0,0,0,61046.618408203125,127263.86126708984,192.330322265625,100.41841125488281,0,335872,33210380288,8589930496,1916149760,0
200,1737286111881,2100,2100,1500,1499,2100,1772,1500,1499,1500,1500,749,1500,100,0,0,0,0,0,0,0,0,0,0,0,0,61048.023986816406,127264.49505615234,192.330322265625,100.41841125488281,0,335872,33210380288,8589930496,1916149760,0
200,1737286112081,2099,2052,400,1456,1889,1873,1411,1412,1462,1413,1429,1468,100,0,0,0,0,0,0,0,0,0,0,0,0,61049.40594482422,127265.1351928711,192.330322265625,100.41841125488281,0,335872,33210380288,8589930496,1916149760,0
200,1737286112282,2100,2099,1447,1355,1962,1880,1409,1467,1470,1499,1392,1416,100,0,0,0,0,0,0,0,0,0,0,0,0,61050.796447753906,127265.77307128906,192.330322265625,100.41841125488281,0,335872,33210380288,8589930496,1916149760,0
200,1737286112482,2100,2040,1464,1450,1893,1916,1378,1433,1454,1462,1317,1456,100,0,0,0,0,0,0,0,0,0,0,0,0,61052.183044433594,127266.40533447266,192.330322265625,100,0,335872,33210380288,8589930496,1916149760,0
200,1737286112682,2100,2039,1441,1393,1958,1766,1346,1315,1318,1371,400,1394,100,0,0,0,0,0,0,0,0,0,0,0,0,61053.56384277344,127267.03771972656,192.330322265625,100,0,335872,33210380288,8589930496,1916145664,0
199,1737286112882,2099,1776,1426,1320,1890,1689,1278,1312,1401,1401,1401,1454,100,0,0,0,0,0,0,0,0,0,0,0,0,61054.94952392578,127267.67358398438,192.33099365234375,100.84033203125,0,335872,33210380288,8589930496,1916145664,0
200,1737286113082,2100,1653,1057,1423,1843,1480,1316,1201,1247,1257,1334,1422,100,0,0,0,0,0,0,0,0,0,0,0,0,61056.33758544922,127268.3129272461,192.33099365234375,100,0,335872,33210380288,8589930496,1916145664,0
200,1737286113282,2099,2088,1478,1475,2100,1909,1500,1499,1500,1499,1401,1424,100,0,0,0,0,0,0,0,0,0,0,0,0,61057.72833251953,127268.95306396484,192.33099365234375,100.41841125488281,0,335872,33210380288,8589930496,1916145664,0
200,1737286113482,2099,2007,400,1443,2100,400,1414,1475,400,1475,400,1403,100,0.42918455600738525,0.8298755884170532,0.4184100329875946,0.8333333730697632,0.4166666865348816,0,0.8298755884170532,0.4166666865348816,0.8333333730697632,0,0.4184100329875946,0,61059.09991455078,127269.58093261719,192.33099365234375,100.41841125488281,0,335872,33210380288,8589930496,1916145664,0
200,1737286113683,2099,1329,1479,1426,1846,751,1399,1425,1465,1441,1500,1457,100,4.761904716491699,0,0,0,5,0,0,0,0,4.761904716491699,4.761904716491699,0,61060.48760986328,127270.22039794922,192.33099365234375,100.84033203125,0,335872,33210380288,8589930496,1916145664,0
200,1737286113883,2099,1811,1327,1278,1608,1921,1394,1444,1429,1451,1274,1363,100,0,0,0,0,0,0,0,4.761904716491699,0,0,0,0,61061.874755859375,127270.85925292969,192.33099365234375,99.58505249023438,0,335872,33210380288,8589930496,1916145664,0
200,1737286114083,2100,1806,1375,1434,1969,2099,1383,1500,1499,1500,400,400,100,0,0,0,0,0,4.761904716491699,0,0,0,0,0,0,61063.255126953125,127271.49493408203,192.33099365234375,100,0,335872,33210380288,8589930496,1916141568,0
200,1737286114283,2100,1843,1380,1222,1460,1850,1410,1249,400,1291,1495,1500,100,0,0,0,0,0,4.761904716491699,0,0,0,0,0,0,61064.63415527344,127272.12890625,192.33099365234375,100.41841125488281,0,335872,33210380288,8589930496,1916141568,0
200,1737286114483,2099,1915,1433,1379,2100,2100,1474,1478,1499,1465,1115,1304,100,0,0,0,0,0,4.761904716491699,0,0,0,0,0,0,61066.02081298828,127272.76831054688,192.33099365234375,50,0,335872,33210380288,8589930496,1916141568,0
200,1737286114684,2100,1505,1499,1499,1784,1582,1440,1384,1500,1388,1450,1381,100,0,0,0,0,0,4.761904716491699,0,0,0,0,0,0,61067.40216064453,127273.3999633789,192.33099365234375,100.84033203125,0,335872,33210380288,8589930496,1916141568,0
200,1737286114884,2100,1860,1445,1416,1913,1638,1211,1217,1134,1241,400,1480,100,0,0,0,0,0,4.761904716491699,0,0,0,0,0,0,61068.790283203125,127274.03857421875,192.33099365234375,100.84033203125,0,335872,33210380288,8589930496,1916141568,0
200,1737286115084,2100,1960,1412,1443,1792,1795,1366,1463,1418,1421,400,1415,100,1.2820513248443604,0,1.2345678806304932,1.25,1.2345678806304932,1.25,0,0,0,0,0,0,61070.18151855469,127274.67877197266,192.33099365234375,100,0,335872,33210380288,8589930496,1916141568,0
200,1737286115284,2100,1801,1350,1410,1883,1876,1275,1229,1231,1241,1316,1369,100,0,0,0,0,0,0,0,0,4.761904716491699,0,0,0,61071.56396484375,127275.31622314453,192.33099365234375,100.41841125488281,0,335872,33210380288,8589930496,1916141568,0
200,1737286115484,2100,1809,1149,1310,1793,1504,958,951,1024,1130,1269,1323,100,0,0,0,0,0,0,4.761904716491699,0,0,0,0,0,61072.9423828125,127275.94989013672,192.33099365234375,100.41841125488281,0,335872,33210380288,8589930496,1916141568,0
200,1737286115684,2100,2100,1462,1500,1990,492,1372,1438,400,1376,1417,400,100,0,0,0,0,0,0,0,0,0,0,0,0,61074.321838378906,127276.5834350586,192.33099365234375,100.41841125488281,0,335872,33210380288,8589930496,1916141568,0
200,1737286115885,2100,2057,1470,1477,1943,2099,1407,1417,1452,1453,1118,1453,100,0,0,0,0,4.761904716491699,0,0,0,0,0,0,0,61075.704040527344,127277.21997070313,192.33099365234375,100,0,335872,33210380288,8589930496,1916141568,0
200,1737286116085,2100,2100,1469,1470,1943,1971,1454,1457,1462,1467,400,400,100,0,0,0,0,0,0,0,0,4.761904716491699,0,0,0,61077.08483886719,127277.85217285156,192.33099365234375,99.58505249023438,0,335872,33210380288,8589930496,1916141568,0
200,1737286116285,2100,2021,1457,1500,1970,1904,1408,1376,1461,1471,400,1462,100,0,0,0,0,0,0,0,0,4.761904716491699,0,0,0,61078.48449707031,127278.50231933594,192.33099365234375,100.84033203125,0,335872,33210380288,8589930496,1916141568,0
200,1737286116485,2099,1751,1416,1431,1853,1923,1303,1426,1427,1367,1341,1426,100,0,0,0,0,0,0,0,0,0,0,0,0,61079.86364746094,127279.13818359375,192.33099365234375,100,0,335872,33210380288,8589930496,1916141568,0
200,1737286116685,2100,1536,1299,1100,1243,1776,1174,1089,1074,1158,1341,1443,100,0,0,0,0,0,0,0,0,0,0,0,0,61081.24621582031,127279.7738647461,192.33099365234375,100,0,335872,33210380288,8589930496,1916141568,0
200,1737286116885,2100,2100,1447,1479,1905,1970,1475,1415,1480,1415,400,1459,100,0,0,0,0,0,0,0,0,0,0,0,0,61082.63409423828,127280.4116821289,192.33099365234375,100.84033203125,0,335872,33210380288,8589930496,1916141568,0
200,1737286117085,2100,2100,1477,1500,1977,1979,1430,400,1406,1411,400,400,100,0,0,0,4.761904716491699,0,0,0,0,0,0,0,0,61084.015869140625,127281.04779052734,192.33099365234375,100.84033203125,0,335872,33210380288,8589930496,1916141568,0
200,1737286117286,2099,2050,1369,1371,1969,1890,1436,1435,1499,1443,400,1381,100,0,4.761904716491699,0,0,0,0,0,9.523809432983398,0,0,0,0,61085.400939941406,127281.68731689453,192.33099365234375,100,0,335872,33210380288,8589930496,1916141568,0
200,1737286117486,2100,1896,1457,1464,1953,1957,1393,1403,1454,1451,1356,1499,100,4.761904716491699,0,0,4.761904716491699,4.761904716491699,0,4.761904716491699,0,0,0,0,0,61086.780700683594,127282.32330322266,192.33099365234375,100.41841125488281,0,335872,33210380288,8589930496,1916141568,0
200,1737286117686,2100,1871,1454,1467,1707,1885,1292,1201,1294,1260,1373,1270,100,0,0,4.761904716491699,0,0,4.761904716491699,0,0,0,0,0,0,61088.17907714844,127282.97186279297,192.33099365234375,100,0,335872,33210380288,8589930496,1916141568,0
200,1737286117886,2099,1552,1500,1316,1604,1805,1256,1328,1417,1417,1254,1257,100,5,0,0,0,0,0,0,0,0,0,4.761904716491699,0,61089.55780029297,127283.60498046875,192.33099365234375,100.84033203125,0,335872,33210380288,8589930496,1916141568,0
200,1737286118086,2100,1998,1432,1419,2100,1839,1500,1454,1499,1242,779,1499,100,0,0,0,0,0,4.761904716491699,0,0,0,4.761904716491699,4.761904716491699,0,61090.94250488281,127284.24212646484,192.33099365234375,100,0,335872,33210380288,8589930496,1916141568,0
200,1737286118286,2100,2009,1458,1468,2099,2100,1399,1396,1359,1395,400,400,100,0,0,0,0,0,4.761904716491699,0,0,0,4.761904716491699,4.761904716491699,0,61092.32208251953,127284.8773803711,192.33099365234375,99.58505249023438,0,335872,33210380288,8589930496,1916141568,0
200,1737286118486,2099,1999,1409,1438,1983,1999,1402,1456,1480,400,1379,1430,100,0,0,0,0,0,0,0,0,0,0,0,0,61093.705505371094,127285.51739501953,192.33099365234375,100.84033203125,0,335872,33210380288,8589930496,1916141568,0
200,1737286118687,2099,2061,1414,1369,1973,1992,1354,400,1352,1334,1325,1472,100,0,0,0,0,0,0,0,0,0,0,0,0,61095.08410644531,127286.14929199219,192.33099365234375,50.209205627441406,0,335872,33210380288,8589930496,1916141568,0
200,1737286118887,2100,2053,1422,1471,1958,1822,1359,1424,1435,1438,1367,1402,100,0,0,0,0,0,0,0,0,0,0,0,0,61096.46405029297,127286.78356933594,192.33099365234375,100.41841125488281,0,335872,33210380288,8589930496,1916141568,0
200,1737286119087,2100,1904,1335,1337,1898,1469,1343,1488,1422,1500,1226,1331,100,0,0,0,0,0,0,0,0,0,0,0,0,61097.843200683594,127287.41619873047,192.33099365234375,100.41841125488281,0,335872,33210380288,8589930496,1916141568,0
200,1737286119287,2100,1830,1290,1398,1617,1668,1259,1200,1259,1284,400,1427,100,0,0,0,0,0,0,0,0,0,0,0,0,61099.23699951172,127288.06072998047,192.33099365234375,100,0,335872,33210380288,8589930496,1916133376,0
200,1737286119487,2100,518,1499,400,516,1570,1467,1470,483,1467,400,1469,100,0,0,0,0,0,0,0,0,0,0,0,0,61100.61877441406,127288.69549560547,192.33099365234375,100.41841125488281,0,335872,33210380288,8589930496,1916133376,0
200,1737286119687,2100,2100,400,1367,1997,1976,1465,1424,1426,1480,1401,1422,100,0,0,0,0,0,0,0,0,0,0,0,0,61102.00128173828,127289.33044433594,192.33099365234375,100,0,335872,33210380288,8589930496,1916133376,0
199,1737286119888,2100,2037,1466,1466,1876,1960,400,1477,1474,1421,400,1432,100,0,0,0,0,0,0,0,0,0,0,0,0,61103.38537597656,127289.9672241211,192.33099365234375,100,0,335872,33210380288,8589930496,1916133376,0
199,1737286120088,2100,2045,1500,1453,1867,1873,400,694,400,746,400,1499,100,0,0,0,0,0,0,0,0,0,0,0,0,61104.77575683594,127290.54217529297,192.33099365234375,100.41841125488281,0,335872,33210380288,8589930496,1916133376,0
200,1737286120288,2100,1880,928,400,1651,1639,1393,1385,1415,1438,747,788,100,0,0.9950248599052429,0.5,0,0,0,0,0,0.5,0.5,0,0,61106.17370605469,127290.94641113281,192.33099365234375,100.41841125488281,0,335872,33210380288,8589930496,1916133376,0
200,1737286120488,2100,2054,1382,1500,1863,1897,400,1398,1458,1373,1500,1368,100,4.761904716491699,0,0,4.761904716491699,4.761904716491699,0,0,0,0,0,0,0,61107.74865722656,127291.45141601563,192.33099365234375,100,0,335872,33210380288,8589930496,1916133376,0
200,1737286120688,2100,1622,1473,1426,2100,1748,1499,1449,1472,1473,400,1435,100,0,0,0,4.761904716491699,4.761904716491699,0,4.761904716491699,0,0,0,0,0,61109.41748046875,127292.03057861328,192.33099365234375,100,0,335872,33210380288,8589930496,1916133376,0
200,1737286120888,2100,2100,1500,1499,1989,2099,1499,1499,1492,1438,1500,1500,100,0,0,0,4.761904716491699,4.761904716491699,0,4.761904716491699,0,0,0,0,0,61111.1005859375,127292.59771728516,192.33099365234375,100,0,335872,33210380288,8589930496,1916133376,0
200,1737286121088,2100,2034,1289,1240,2100,1860,1450,1319,1394,1399,1241,1330,100,0,0,0,4.761904716491699,4.761904716491699,0,4.761904716491699,0,0,0,0,0,61112.569274902344,127293.0658569336,192.33099365234375,50.10437774658203,0,335872,33210380288,8589930496,1916133376,0
200,1737286121289,2100,1942,791,400,1763,1152,1499,1500,1452,1470,400,400,100,0,0,0,4.761904716491699,4.761904716491699,0,4.761904716491699,0,0,0,0,0,61113.952087402344,127293.45666503906,192.33099365234375,100.84033203125,0,335872,33210380288,8589930496,1916133376,0
199,1737286121489,2099,1928,1424,1446,1887,1772,1280,1214,1350,1258,1304,1366,100,0,0,0,4.761904716491699,4.761904716491699,0,4.761904716491699,0,0,0,0,0,61115.42156982422,127293.8950805664,192.33099365234375,100.84033203125,0,335872,33210380288,8589930496,1916133376,0
200,1737286121689,2100,2044,1341,1093,1828,1714,1463,877,1407,1402,1380,400,100,1.2820513248443604,0,1.25,0,0,1.2345678806304932,1.2345678806304932,2.4390242099761963,1.25,0,0,0,61116.750244140625,127294.26397705078,192.33099365234375,100,0,335872,33210380288,8589930496,1916133376,0
200,1737286121889,2100,1960,400,1476,2099,1884,1499,1462,1500,1500,400,1399,100,0,0,0,0,0,0,0,0,0,0,0,0,61118.145935058594,127294.76501464844,192.33099365234375,99.58505249023438,0,335872,33210380288,8589930496,1916133376,0
200,1737286122089,2100,1652,1499,400,1560,1800,1319,1091,1314,1271,1478,1498,100,0,0,0,0,0,0,0,0,0,0,0,0,61119.51208496094,127295.39050292969,192.33099365234375,100.41841125488281,0,335872,33210380288,8589930496,1916133376,0
200,1737286122289,2100,2100,1381,1473,1987,1904,1407,1405,1411,1407,1466,1454,100,0,0,0,0,0,0,0,0,0,0,0,0,61120.914306640625,127296.03833007813,192.33099365234375,50.209205627441406,0,335872,33210380288,8589930496,1916133376,0
200,1737286122490,2100,1977,1460,1423,2100,1932,1422,1404,1473,1422,1405,1440,100,0,0,0,0,0,0,0,0,0,0,0,0,61122.300537109375,127296.67810058594,192.33099365234375,100.41841125488281,0,335872,33210380288,8589930496,1916133376,0
200,1737286122690,2099,1924,1435,1348,1814,1859,1325,1391,1307,1365,1438,1458,100,0,0,0,0,0,0,0,0,0,0,0,0,61123.67449951172,127297.3080444336,192.33099365234375,100.41841125488281,0,335872,33210380288,8589930496,1916133376,0
200,1737286122890,2100,1736,1398,1450,1558,1895,1301,1372,1380,1387,1406,1427,100,0,0,0,0,0,0,0,0,0,0,0,0,61125.064025878906,127297.9496459961,192.3316650390625,100,0,335872,33210380288,8589930496,1916133376,0
200,1737286123090,2100,1951,1499,1398,2100,2100,1478,1441,400,1475,1400,1410,100,0,0,0,0,0,0,0,0,0,0,0,0,61126.45300292969,127298.58856201172,192.3316650390625,100.84033203125,0,335872,33210380288,8589930496,1916133376,0
200,1737286123290,2100,1679,776,840,1829,400,811,844,1417,811,771,1030,100,0,0,0,0,0,0,0,0,0,0,0,0,61127.83874511719,127299.22344970703,192.3316650390625,100.84033203125,0,335872,33210380288,8589930496,1916133376,0
200,1737286123490,2099,1994,1427,1425,2100,1503,1499,1472,400,1481,1424,1425,100,0.7299270033836365,0.7142857313156128,0,1.4184396266937256,0,0,0.7142857313156128,0,0,0.7092198133468628,0.7142857313156128,0,61129.230041503906,127299.86248779297,192.3316650390625,100,0,335872,33210380288,8589930496,1916133376,0
200,1737286123691,2100,2046,1443,1361,1981,1946,1499,1462,1475,1474,1373,1428,100,0,0,0,0,4.761904716491699,0,0,0,4.761904716491699,0,0,0,61130.63555908203,127300.51068115234,192.3316650390625,100.41841125488281,0,335872,33210380288,8589930496,1916133376,0
200,1737286123891,2100,1924,1446,1455,1940,1922,1421,1465,1429,1458,400,400,100,0,0,0,0,0,0,0,0,5,0,0,0,61132.02575683594,127301.14538574219,192.3316650390625,100.41841125488281,0,335872,33210380288,8589930496,1916133376,0
199,1737286124091,2100,1793,1434,1422,1897,1781,1411,1376,1412,1430,400,1439,100,0,0,0,0,0,0,0,0,0,0,0,0,61133.41796875,127301.78424072266,192.3316650390625,100,0,335872,33210380288,8589930496,1916133376,0
200,1737286124291,2099,2007,1340,1407,1756,1778,1205,1292,1382,1258,1437,1341,100,0,0,0,0,0,0,0,0,0,0,0,0,61134.80194091797,127302.41497802734,192.3316650390625,100.41841125488281,0,335872,33210380288,8589930496,1916133376,0
200,1737286124491,2099,1801,1475,1462,2099,1848,1316,1443,1499,1472,1472,1413,100,5,0,0,0,0,0,0,0,0,0,0,0,61136.18975830078,127303.04986572266,192.3316650390625,100,0,335872,33210380288,8589930496,1916133376,0
200,1737286124691,2100,2100,1500,1500,1954,2100,1476,1461,1436,1441,1499,1499,100,0,0,0,0,4.761904716491699,0,0,0,0,0,0,0,61137.575622558594,127303.68743896484,192.3316650390625,100,0,335872,33210380288,8589930496,1916133376,0
200,1737286124891,2100,1019,400,400,400,400,400,400,400,400,400,400,100,0,0,0,0,4.761904716491699,0,0,0,0,0,0,0,61138.959228515625,127304.31921386719,192.3316650390625,100.84033203125,0,335872,33210380288,8589930496,1916129280,0
200,1737286125092,2100,2026,1429,1267,1963,1902,1500,1460,1432,1475,400,1422,100,0,0,0,0,4.761904716491699,0,0,0,0,0,0,0,61140.35565185547,127304.9614868164,192.3316650390625,52.60960388183594,0,335872,33210380288,8589930496,1916129280,0
199,1737286125292,2100,1814,1449,1440,1936,1688,1447,1385,1389,1456,1471,1423,100,0,0,0,0,4.761904716491699,0,0,0,0,0,0,0,61141.74572753906,127305.5951538086,192.3316650390625,100.41841125488281,0,335872,33210380288,8589930496,1916129280,0
200,1737286125492,2100,1886,1394,1368,1811,1937,1390,1403,1325,1414,1436,1441,100,0,0,0,0,4.761904716491699,0,0,0,0,0,0,0,61143.13360595703,127306.23028564453,192.3316650390625,100.41841125488281,0,335872,33210380288,8589930496,1916129280,0
200,1737286125692,2100,1881,1361,1233,1759,1839,1158,1290,1198,1163,1359,1431,100,0,0,0,0,0,0,0,0,0,0,4.761904716491699,0,61144.52282714844,127306.86877441406,192.3316650390625,100.41841125488281,0,335872,33210380288,8589930496,1916129280,0
200,1737286125892,2100,2100,1438,1474,2100,2099,1500,1499,1500,1500,1500,1500,100,0,0,0,0,0,0,4.761904716491699,0,0,4.761904716491699,0,0,61145.91101074219,127307.50439453125,192.3316650390625,100,0,335872,33210380288,8589930496,1916129280,0
200,1737286126092,2100,451,400,400,1523,400,400,400,503,400,400,400,100,0,0,0,0,0,0,4.761904716491699,0,0,4.761904716491699,0,0,61147.29650878906,127308.14263916016,192.3316650390625,99.58505249023438,0,335872,33210380288,8589930496,1916129280,0
200,1737286126292,2100,2100,1426,1424,2100,1989,1459,1466,1417,1458,400,1382,100,0,0,0,0,4.761904716491699,0,0,0,0,0,0,0,61148.679138183594,127308.775390625,192.3316650390625,100.84033203125,0,335872,33210380288,8589930496,1916129280,0
200,1737286126493,2100,1954,400,1461,1894,1887,1499,1475,1463,1467,1421,1427,100,0,0,0,0,0,0,0,0,4.761904716491699,0,0,0,61150.08410644531,127309.40557861328,192.3316650390625,100.41841125488281,0,335872,33210380288,8589930496,1916129280,0
199,1737286126693,2100,1837,1348,1499,1849,1821,1195,1495,1365,1456,400,1473,100,0,0,0,0,0,0,0,0,4.761904716491699,0,0,0,61151.468811035156,127310.05432128906,192.3316650390625,100,0,335872,33210380288,8589930496,1916129280,0
200,1737286126893,2100,2042,1442,1443,1783,1926,400,1417,1344,1345,1354,1500,100,0,0,4.761904716491699,0,0,0,0,0,0,0,0,0,61152.85302734375,127310.68969726563,192.3316650390625,100.84033203125,0,335872,33210380288,8589930496,1916129280,0
200,1737286127093,2100,2016,1368,1365,1764,1882,1347,1408,1315,1419,400,1351,100,0,0,0,0,0,0,0,4.761904716491699,0,0,0,0,61154.250427246094,127311.32720947266,192.3316650390625,100,0,335872,33210380288,8589930496,1916129280,0
200,1737286127293,2100,1944,1469,1439,1913,2100,1420,1499,1472,1477,400,1448,100,0,0,0,0,0,0,0,0,0,0,4.761904716491699,0,61155.64196777344,127311.96325683594,192.3316650390625,100.41841125488281,0,335872,33210380288,8589930496,1916129280,0
200,1737286127493,2100,2034,1429,1367,1971,1938,1499,1500,1462,1499,1291,1412,100,0,0,0,0,0,0,0,0,0,0,4.761904716491699,0,61157.03796386719,127312.60540771484,192.3316650390625,100,0,335872,33210380288,8589930496,1916129280,0
200,1737286127693,2100,2100,1479,1239,1993,1961,1469,1437,1453,400,400,400,100,5,0,0,0,0,4.761904716491699,0,4.761904716491699,0,0,0,0,61158.42498779297,127313.24169921875,192.3316650390625,100,0,335872,33210380288,8589930496,1916129280,0
200,1737286127894,2100,1739,1398,1404,1904,1941,1447,1442,1406,1465,1413,1383,100,5,0,0,0,0,4.761904716491699,0,4.761904716491699,0,0,0,0,61159.81121826172,127313.8765258789,192.3316650390625,50.209205627441406,0,335872,33210380288,8589930496,1916129280,0
199,1737286128094,2100,1032,1451,400,1391,864,1378,1414,1434,1381,1389,1499,100,5,0,0,0,0,4.761904716491699,0,4.761904716491699,0,0,0,0,61161.223571777344,127314.52563476563,192.3316650390625,100.41841125488281,0,335872,33210380288,8589930496,1916129280,0
200,1737286128294,2100,1992,400,400,1704,400,400,400,1403,1367,400,400,100,1.2658227682113647,1.2345678806304932,0,1.25,1.25,0,1.25,0,1.2345678806304932,0,0,0,61162.60998535156,127315.1587524414,192.3316650390625,100.41841125488281,0,335872,33210380288,8589930496,1916129280,0
199,1737286128494,2100,1085,1171,948,2099,2100,1499,1269,400,1499,1265,1270,100,0,0,0,0,0,0,4.761904716491699,0,0,0,0,0,61163.997802734375,127315.79498291016,192.3316650390625,100.41841125488281,0,335872,33210380288,8589930496,1916129280,0
200,1737286128694,2100,2013,1420,1442,1931,2100,1440,1412,1268,1499,1500,1434,100,0,0,0,0,0,4.761904716491699,0,0,0,4.761904716491699,4.761904716491699,0,61165.40295410156,127316.44079589844,192.3316650390625,100,0,335872,33210380288,8589930496,1916129280,0
200,1737286128894,2100,2051,1419,1425,1992,2100,1480,1443,1469,1418,1409,1395,100,0,0,0,0,0,4.761904716491699,0,0,0,4.761904716491699,4.761904716491699,0,61166.784912109375,127317.07202148438,192.3316650390625,99.58505249023438,0,335872,33210380288,8589930496,1916129280,0
200,1737286129095,2100,2100,1444,1471,1993,1975,1450,1482,1456,1405,1385,1380,100,0,0,0,0,0,4.761904716491699,0,0,0,4.761904716491699,4.761904716491699,0,61168.16784667969,127317.7066040039,192.3316650390625,50.209205627441406,0,335872,33210380288,8589930496,1916129280,0
200,1737286129295,2100,1905,1421,1443,1845,1772,1383,1426,1459,1451,1362,1393,100,0,0,0,0,0,4.761904716491699,0,0,0,4.761904716491699,4.761904716491699,0,61169.561950683594,127318.3423461914,192.3316650390625,100.41841125488281,0,335872,33210380288,8589930496,1916129280,0
200,1737286129495,2100,2100,1476,1477,1880,2100,1500,1422,1500,1477,1299,1446,100,0,0,0,0,0,4.761904716491699,0,0,0,4.761904716491699,4.761904716491699,0,61170.968322753906,127318.98876953125,192.3316650390625,100.84033203125,0,335872,33210380288,8589930496,1916129280,0
200,1737286129695,2100,1938,1404,1479,1995,1842,1500,1428,1466,1475,400,1465,100,0,0,0,0,0,4.761904716491699,0,0,0,4.761904716491699,4.761904716491699,0,61172.356201171875,127319.6234741211,192.3316650390625,100,0,335872,33210380288,8589930496,1916129280,0
200,1737286129895,2100,803,400,400,1805,1657,1415,400,400,400,400,400,100,0,0,0,0,0,4.761904716491699,0,0,0,4.761904716491699,4.761904716491699,0,61173.74072265625,127320.25653076172,192.3316650390625,100,0,335872,33210380288,8589930496,1916129280,0
200,1737286130095,2099,2050,1326,1326,1968,1884,1272,1436,1465,1449,1255,1341,100,0,0,0,0,0,4.761904716491699,0,0,0,4.761904716491699,4.761904716491699,0,61175.13525390625,127320.89337158203,192.3316650390625,50.209205627441406,0,335872,33210380288,8589930496,1916129280,0
200,1737286130296,2099,2045,1306,1443,1924,1682,1461,1454,1468,1430,1405,1394,100,0,0,0,0,0,4.761904716491699,0,0,0,4.761904716491699,4.761904716491699,0,61176.52166748047,127321.52795410156,192.3316650390625,100,0,335872,33210380288,8589930496,1916129280,0
200,1737286130496,2100,1544,1412,1250,1820,1595,1459,1396,1308,1401,1385,1086,100,0,0,0,0,0,4.761904716491699,0,0,0,4.761904716491699,4.761904716491699,0,61177.906982421875,127322.16027832031,192.3316650390625,100,0,335872,33210380288,8589930496,1916129280,0
200,1737286130696,2100,2100,1372,1298,2100,2099,1399,1346,400,1387,400,1344,100,0,0,0,0,0,4.761904716491699,0,0,0,4.761904716491699,4.761904716491699,0,61179.308166503906,127322.79998779297,192.3316650390625,100.41841125488281,0,335872,33210380288,8589930496,1916129280,0
200,1737286130896,2100,2001,1483,1485,1927,2100,1483,1499,1468,1479,400,400,100,0.4672897160053253,0,0.45454543828964233,0.9049774408340454,0.45454543828964233,0.456620991230011,0,0,0.456620991230011,0,0,0,61180.70050048828,127323.43872070313,192.3316650390625,100.41841125488281,0,335872,33210380288,8589930496,1916129280,0
200,1737286131096,2100,1912,1392,1302,400,1831,1472,887,1479,1445,1319,1460,100,0,0,0,0,0,0,0,4.761904716491699,0,0,0,0,61182.09655761719,127324.07653808594,192.3316650390625,100.41841125488281,0,335872,33210380288,8589930496,1916129280,0
200,1737286131297,2100,2043,1470,1456,2100,1957,400,1495,1473,1424,400,1480,100,0,0,0,0,0,0,0,4.761904716491699,0,0,0,0,61183.488220214844,127324.71783447266,192.3316650390625,100.41841125488281,0,335872,33210380288,8589930496,1916129280,0
200,1737286131497,2100,1975,1439,1375,1975,1855,1434,1379,1466,1381,1330,1451,100,0,0,0,0,0,0,0,4.761904716491699,0,0,0,0,61184.87432861328,127325.35314941406,192.3316650390625,50.209205627441406,0,335872,33210380288,8589930496,1916129280,0
200,1737286131697,2099,1763,1409,1397,1734,1934,1375,1455,1453,1407,400,1391,100,0,0,0,0,0,0,0,4.761904716491699,0,0,0,0,61186.25817871094,127325.98663330078,192.3316650390625,100.41841125488281,0,335872,33210380288,8589930496,1916129280,0
200,1737286131897,2100,1783,1365,1171,1884,1884,1466,1478,1492,1264,1295,1342,100,0,0,0,0,0,0,0,4.761904716491699,0,0,0,0,61187.644104003906,127326.62078857422,192.3316650390625,100.41841125488281,0,335872,33210380288,8589930496,1916129280,0
200,1737286132097,2100,2100,1479,1499,2100,2100,1432,1428,1352,1435,1311,400,100,0,0,0,0,0,0,0,4.761904716491699,0,0,0,0,61189.040771484375,127327.26403808594,192.3316650390625,100.41841125488281,0,335872,33210380288,8589930496,1916129280,0
200,1737286132297,2100,2056,1448,1430,2099,1974,1460,1468,1483,1419,1472,1426,100,0,0,0,0,0,0,0,4.761904716491699,0,0,0,0,61190.430725097656,127327.90148925781,192.3316650390625,100.84033203125,0,335872,33210380288,8589930496,1916129280,0
200,1737286132498,2099,2059,1478,1457,2100,1973,1381,1377,1397,1378,1454,1478,100,0,0,0,0,0,0,0,4.761904716491699,0,0,0,0,61191.817138671875,127328.5341796875,192.3316650390625,100,0,335872,33210380288,8589930496,1916129280,0
200,1737286132698,2100,2016,1389,1301,1807,1874,1423,1378,1461,1310,400,400,100,0,0,0,0,0,0,0,4.761904716491699,0,0,0,0,61193.20770263672,127329.17016601563,192.3316650390625,100,0,335872,33210380288,8589930496,1916129280,0
200,1737286132898,2100,1750,1414,1418,1788,1792,1367,1393,1443,1435,400,1428,100,0,0,0,0,0,0,0,4.761904716491699,0,0,0,0,61194.61199951172,127329.81414794922,192.3316650390625,100.41841125488281,0,335872,33210380288,8589930496,1916129280,0
200,1737286133098,2100,1869,1399,1408,1845,1725,1122,1193,1220,1224,400,1398,100,0.5128205418586731,0.5,0,0,0.9950248599052429,0.9950248599052429,0.9950248599052429,0.5025125741958618,0.5,0.49751242995262146,0.5,0,61195.99658203125,127330.44372558594,192.3316650390625,100.41841125488281,0,335872,33210380288,8589930496,1916129280,0
200,1737286133298,2100,2099,1476,1475,1981,1955,1388,1466,1472,1416,1416,1477,100,0,0,0,0,0,0,0,0,0,0,0,0,61197.39758300781,127331.09033203125,192.3316650390625,100,0,335872,33210380288,8589930496,1916129280,0
200,1737286133498,2100,1759,1388,1446,1966,1981,1472,400,1475,1481,1365,1425,100,0,0,0,0,0,0,0,0,0,0,0,0,61198.79815673828,127331.73022460938,192.3316650390625,100.84033203125,0,335872,33210380288,8589930496,1916129280,0
200,1737286133699,2100,1661,400,1206,1957,1884,1328,1096,1309,1331,1190,1285,100,0,0,4.761904716491699,4.761904716491699,0,0,0,0,0,0,0,0,61200.16271972656,127332.2632446289,192.3316650390625,100.84033203125,0,335872,33210380288,8589930496,1916129280,0
199,1737286133899,2099,1785,1441,1325,1658,1893,1403,1235,1420,1269,1269,1402,100,0,0,0,0,0,0,0,0,0,0,0,0,61201.58728027344,127332.67443847656,192.3316650390625,99.58505249023438,0,335872,33210380288,8589930496,1916129280,0
200,1737286134099,2100,2100,1471,1254,2100,1827,1500,1500,1500,1500,1465,1476,100,5,4.761904716491699,4.761904716491699,4.761904716491699,0,0,0,0,0,0,4.761904716491699,0,61203.20764160156,127333.20233154297,192.3316650390625,100.41841125488281,0,335872,33210380288,8589930496,1916129280,0
199,1737286134299,2100,1515,1428,1414,1610,1939,1500,1373,1447,1472,1303,1436,100,0,0,0,0,0,0,0,0,0,0,0,0,61204.876708984375,127333.78247070313,192.3316650390625,99.1735610961914,0,335872,33210380288,8589930496,1916129280,0
199,1737286134499,2099,1918,1499,970,1850,2100,1499,1464,1500,1265,1303,1499,100,0,0,0,0,0,4.761904716491699,0,0,0,0,0,0,61206.580993652344,127334.36419677734,192.3316650390625,100.84033203125,0,335872,33210380288,8589930496,1916129280,0
200,1737286134699,2100,1932,1383,1422,2084,2100,1499,1369,1429,1404,1388,1309,100,0,0,0,0,0,4.761904716491699,0,0,0,0,0,0,61208.026306152344,127334.80682373047,192.3316650390625,100,0,335872,33210380288,8589930496,1916129280,0
200,1737286134899,2100,1959,1499,1421,2100,1997,1233,1281,1320,1338,400,1452,100,0,0,0,0,0,4.761904716491699,0,0,0,0,0,0,61209.408142089844,127335.19958496094,192.3316650390625,49.896053314208984,0,335872,33210380288,8589930496,1916129280,0
177,1737286135122,2100,2044,400,1262,1871,1557,1428,1415,1408,1499,1427,1265,100,0,0,0,0,0,4.761904716491699,0,0,0,0,0,0,61211.0400390625,127335.6810913086,192.3316650390625,103.7593994140625,0,335872,33210380288,8589930496,1916129280,0
200,1737286135300,2100,516,983,400,921,1694,1353,1346,1318,1500,1500,1162,100,0,0,0,0,0,4.761904716491699,0,0,0,0,0,0,61212.2080078125,127336.00091552734,192.33233642578125,76.69172668457031,0,335872,33210380288,8589930496,1916129280,0
200,1737286135500,2099,2100,1368,1500,1278,1779,1270,1500,1500,1183,1499,1499,100,0,0,0,0,0,4.761904716491699,0,0,0,0,0,0,61213.58874511719,127336.52130126953,192.33233642578125,53.09734344482422,0,335872,33210380288,8589930496,1916129280,0
200,1737286135700,2100,2100,1370,1212,1652,1661,1268,1499,1109,1238,709,1306,100,0,0,0,0,0,4.761904716491699,0,0,0,0,0,0,61214.96594238281,127337.15075683594,192.33233642578125,99.58505249023438,0,335872,33210380288,8589930496,1916129280,0
200,1737286135900,2099,1993,1499,1406,1910,1799,1499,1371,1325,1500,1314,1499,100,0,0,0,0,0,4.761904716491699,0,0,0,0,0,0,61216.36376953125,127337.7958984375,192.33233642578125,99.58505249023438,0,335872,33210380288,8589930496,1916129280,0
200,1737286136100,2100,2032,1425,1461,1635,1952,1366,1457,1417,1386,400,400,100,0.6410256624221802,0,0,0,0.625,0,1.2422360181808472,1.2422360181808472,1.2422360181808472,0.625,0,0,61217.74346923828,127338.43054199219,192.33233642578125,99.58505249023438,0,335872,33210380288,8589930496,1916129280,0
200,1737286136301,2100,2100,1417,1468,1988,1922,1419,1423,1427,400,1461,1417,100,0.6410256624221802,0,0,0,0.625,0,1.2422360181808472,1.2422360181808472,1.2422360181808472,0.625,0,0,61219.11346435547,127339.05554199219,192.33233642578125,100.84033203125,0,335872,33210380288,8589930496,1916129280,0
200,1737286136501,2099,451,400,1372,400,1905,1196,1296,1366,1453,400,400,100,0.6410256624221802,0,0,0,0.625,0,1.2422360181808472,1.2422360181808472,1.2422360181808472,0.625,0,0,61220.50811767578,127339.69934082031,192.33233642578125,50.209205627441406,0,335872,33210380288,8589930496,1916129280,0
200,1737286136701,2100,2099,1459,1470,1987,1923,1500,1298,1341,1477,400,1407,100,0.6410256624221802,0,0,0,0.625,0,1.2422360181808472,1.2422360181808472,1.2422360181808472,0.625,0,0,61221.883728027344,127340.32830810547,192.33233642578125,100,0,335872,33210380288,8589930496,1916129280,0
200,1737286136901,2100,1681,1297,953,1281,1211,1318,1367,1219,1226,1327,400,100,0.6410256624221802,0,0,0,0.625,0,1.2422360181808472,1.2422360181808472,1.2422360181808472,0.625,0,0,61223.277404785156,127340.9712524414,192.33233642578125,100,0,335872,33210380288,8589930496,1916129280,0
200,1737286137101,2100,1443,1385,1360,1513,1554,1500,1498,1500,1499,1362,1499,100,0.6410256624221802,0,0,0,0.625,0,1.2422360181808472,1.2422360181808472,1.2422360181808472,0.625,0,0,61224.669494628906,127341.61212158203,192.33233642578125,50,0,335872,33210380288,8589930496,1916129280,0
200,1737286137302,2100,1965,1472,400,1946,1956,1500,1458,1470,1446,1447,1478,100,0.6410256624221802,0,0,0,0.625,0,1.2422360181808472,1.2422360181808472,1.2422360181808472,0.625,0,0,61226.055114746094,127342.24682617188,192.33233642578125,50,0,335872,33210380288,8589930496,1916129280,0
200,1737286137502,2100,1333,1446,400,608,707,1449,400,1410,1443,1411,400,100,0,0,0,0,0,0,0,0,0,0,0,0,61227.43762207031,127342.87957763672,192.33233642578125,100.41841125488281,0,335872,33210380288,8589930496,1916129280,0
200,1737286137702,2099,489,1499,400,1613,1680,1478,400,400,400,400,1500,100,4.761904716491699,0,0,0,0,0,0,0,0,0,0,0,61228.83087158203,127343.51745605469,192.33233642578125,100.41841125488281,0,335872,33210380288,8589930496,1916129280,0
200,1737286137902,2099,2100,848,1500,2099,2099,1500,1499,1461,1499,1500,1418,100,5,0,0,0,4.761904716491699,4.761904716491699,0,5,5,5,4.761904716491699,0,61230.224548339844,127344.15594482422,192.33233642578125,100.41841125488281,0,335872,33210380288,8589930496,1916129280,0
200,1737286138102,2099,2045,1482,1446,2099,1996,1458,1478,1465,1475,1170,1443,100,0,0,0,0,0,0,0,0,0,0,0,0,61231.616271972656,127344.79791259766,192.33233642578125,100,0,335872,33210380288,8589930496,1916129280,0
200,1737286138303,2100,1983,1410,1418,1918,1997,1421,1461,1474,1472,1402,1420,100,0,0,0,0,0,0,0,0,0,0,0,0,61232.986877441406,127345.42388916016,192.33233642578125,99.58505249023438,0,335872,33210380288,8589930496,1916129280,0
200,1737286138503,2100,1827,1461,1455,2036,1903,1467,1468,1464,1464,1352,1462,100,0,0,0,0,0,0,0,0,0,0,0,0,61234.38800048828,127346.07196044922,192.33233642578125,50.31446838378906,0,335872,33210380288,8589930496,1916129280,0
200,1737286138703,2100,1687,1319,1483,1878,2100,1422,1499,400,1400,1361,400,100,0,0,0,0,0,0,0,0,0,0,0,0,61235.76983642578,127346.70599365234,192.33233642578125,100.41841125488281,0,335872,33210380288,8589930496,1916129280,0
200,1737286138903,2100,2041,1445,1445,1826,1851,400,1443,1438,1453,1442,400,100,0,0,0,0,0,0,0,0,0,0,0,0,61237.15344238281,127347.34338378906,192.33233642578125,100.41841125488281,0,335872,33210380288,8589930496,1916129280,0
200,1737286139103,2100,1965,1405,1437,1887,1903,1337,1470,1469,1480,1397,1386,100,0,0,0,0,0,0,0,0,0,0,0,0,61238.50946044922,127347.88012695313,192.33233642578125,52.60960388183594,0,335872,33210380288,8589930496,1916129280,0
200,1737286139303,2099,2027,400,1345,2100,2100,1447,1451,1474,1454,1268,1262,100,0,0,0,0,0,0,0,0,0,0,0,0,61239.93176269531,127348.29779052734,192.33233642578125,100,0,335872,33210380288,8589930496,1916125184,0
200,1737286139503,2099,547,1202,1249,400,1664,1409,1445,1358,1446,989,1201,100,0,0,0,0,0,0,0,0,0,0,0,0,61241.51385498047,127348.81256103516,192.33233642578125,100.41841125488281,0,335872,33210380288,8589930496,1916125184,0
200,1737286139704,2100,1785,1450,1394,2100,2046,1499,1500,1499,1500,400,1406,100,0,0,0,0,0,0,0,0,0,0,0,0,61243.19226074219,127349.3994140625,192.33233642578125,100.41841125488281,0,335872,33210380288,8589930496,1916125184,0
200,1737286139904,2100,1868,1361,1386,2100,2100,1499,1486,1500,1360,400,1478,100,0,0,0,0,0,0,0,0,0,0,0,0,61244.88623046875,127349.97485351563,192.33233642578125,100.41841125488281,0,335872,33210380288,8589930496,1916125184,0
162,1737286140142,2100,400,400,1176,2100,830,1347,1430,1401,1498,400,1154,100,0,0,0,0,0,0,0,0,0,0,0,0,61246.593811035156,127350.49243164063,192.33233642578125,96.84210205078125,0,335872,33210380288,8589930496,1916125184,0
200,1737286140304,2099,2100,1500,1499,1955,1493,1338,1438,1403,1448,1500,398,100,0,0,0,0,0,0,0,0,0,0,0,0,61247.70446777344,127350.80938720703,192.33233642578125,71.57894897460938,0,335872,33210380288,8589930496,1916125184,0
200,1737286140504,2100,1906,400,400,1539,1919,1297,1452,1299,1390,400,400,100,0,0,0,0,0,0,0,0,0,0,0,0,61249.19104003906,127351.25646972656,192.33233642578125,55.17241287231445,0,335872,33210380288,8589930496,1916125184,0
200,1737286140705,2100,539,1499,400,400,400,1138,1131,931,400,1457,400,100,0,0,0,0,0,0,0,0,0,0,0,0,61250.4912109375,127351.61071777344,192.33233642578125,100.84033203125,0,335872,33210380288,8589930496,1916125184,0
200,1737286140905,2100,757,400,400,1869,400,1349,400,1388,1305,1291,1156,100,0,0.7117437720298767,0.3571428656578064,0.7142857313156128,0.7168458700180054,0.3584229350090027,0.7142857313156128,0.7142857313156128,0.7142857313156128,0.3571428656578064,0.3571428656578064,0,61251.87371826172,127352.1293334961,192.33233642578125,100.84033203125,0,335872,33210380288,8589930496,1916125184,0
200,1737286141105,2100,1592,1316,1197,1899,1603,1400,1378,1268,1416,400,1317,100,0,0.7117437720298767,0.3571428656578064,0.7142857313156128,0.7168458700180054,0.3584229350090027,0.7142857313156128,0.7142857313156128,0.7142857313156128,0.3571428656578064,0.3571428656578064,0,61253.23858642578,127352.74877929688,192.33233642578125,100,0,335872,33210380288,8589930496,1916125184,0
200,1737286141305,2100,2008,1407,1389,2099,1854,1445,1481,1467,1480,1463,1500,100,0,0.7117437720298767,0.3571428656578064,0.7142857313156128,0.7168458700180054,0.3584229350090027,0.7142857313156128,0.7142857313156128,0.7142857313156128,0.3571428656578064,0.3571428656578064,0,61254.639587402344,127353.39807128906,192.33233642578125,50,0,335872,33210380288,8589930496,1916125184,0
200,1737286141505,2100,2100,1444,1479,1990,2014,1442,1448,1453,1445,400,1478,100,0,0.7117437720298767,0.3571428656578064,0.7142857313156128,0.7168458700180054,0.3584229350090027,0.7142857313156128,0.7142857313156128,0.7142857313156128,0.3571428656578064,0.3571428656578064,0,61256.021728515625,127354.03216552734,192.33233642578125,100.84033203125,0,335872,33210380288,8589930496,1916125184,0
200,1737286141705,2100,2100,1274,1438,1997,1946,1460,1429,1448,1463,1460,1425,100,0,0.7117437720298767,0.3571428656578064,0.7142857313156128,0.7168458700180054,0.3584229350090027,0.7142857313156128,0.7142857313156128,0.7142857313156128,0.3571428656578064,0.3571428656578064,0,61257.40655517578,127354.66967773438,192.33233642578125,100.41841125488281,0,335872,33210380288,8589930496,1916125184,0
200,1737286141906,2100,2053,1478,1480,2100,1960,1409,1403,1403,1393,1410,1469,100,0,0.7117437720298767,0.3571428656578064,0.7142857313156128,0.7168458700180054,0.3584229350090027,0.7142857313156128,0.7142857313156128,0.7142857313156128,0.3571428656578064,0.3571428656578064,0,61258.80554199219,127355.30737304688,192.33233642578125,100,0,335872,33210380288,8589930496,1916125184,0
200,1737286142106,2100,2049,1424,1428,1972,1845,1463,1471,1414,1437,1363,1246,100,0,0.7117437720298767,0.3571428656578064,0.7142857313156128,0.7168458700180054,0.3584229350090027,0.7142857313156128,0.7142857313156128,0.7142857313156128,0.3571428656578064,0.3571428656578064,0,61260.179443359375,127355.94604492188,192.33233642578125,100.41841125488281,0,335872,33210380288,8589930496,1916125184,0
200,1737286142306,2100,2027,1376,1456,1940,1808,1320,1316,1307,1322,1368,1349,100,0,0.7117437720298767,0.3571428656578064,0.7142857313156128,0.7168458700180054,0.3584229350090027,0.7142857313156128,0.7142857313156128,0.7142857313156128,0.3571428656578064,0.3571428656578064,0,61261.563537597656,127356.58154296875,192.33233642578125,100.41841125488281,0,335872,33210380288,8589930496,1916125184,0
200,1737286142506,2099,1728,1314,1327,1914,1885,1294,1436,1450,1453,400,1308,100,0,0.7117437720298767,0.3571428656578064,0.7142857313156128,0.7168458700180054,0.3584229350090027,0.7142857313156128,0.7142857313156128,0.7142857313156128,0.3571428656578064,0.3571428656578064,0,61262.948974609375,127357.21807861328,192.33233642578125,100.41841125488281,0,335872,33210380288,8589930496,1916125184,0
200,1737286142706,2100,937,854,884,1283,1518,400,1208,1215,1137,866,774,100,0,0.7117437720298767,0.3571428656578064,0.7142857313156128,0.7168458700180054,0.3584229350090027,0.7142857313156128,0.7142857313156128,0.7142857313156128,0.3571428656578064,0.3571428656578064,0,61264.340270996094,127357.85919189453,192.33233642578125,100.41841125488281,0,335872,33210380288,8589930496,1916125184,0
200,1737286142906,2100,1656,1310,1384,1466,1927,1500,1311,1417,1459,1455,1454,100,0,0.7117437720298767,0.3571428656578064,0.7142857313156128,0.7168458700180054,0.3584229350090027,0.7142857313156128,0.7142857313156128,0.7142857313156128,0.3571428656578064,0.3571428656578064,0,61265.725036621094,127358.49560546875,192.33233642578125,99.58505249023438,0,335872,33210380288,8589930496,1916125184,0
200,1737286143107,2100,2100,1432,1435,1926,1961,1479,1475,1432,1481,1407,1357,100,0,0.7117437720298767,0.3571428656578064,0.7142857313156128,0.7168458700180054,0.3584229350090027,0.7142857313156128,0.7142857313156128,0.7142857313156128,0.3571428656578064,0.3571428656578064,0,61267.109313964844,127359.13354492188,192.33233642578125,99.58505249023438,0,335872,33210380288,8589930496,1916125184,0
200,1737286143307,2100,1943,400,1419,1915,1663,961,400,870,400,1445,1424,100,0,0,0,0,0,0,0,4.761904716491699,0,4.761904716491699,0,0,61268.48547363281,127359.76483154297,192.33233642578125,100,0,335872,33210380288,8589930496,1916125184,0
200,1737286143507,2100,1864,1458,1381,1812,1946,1492,1389,1460,1463,1378,1464,100,0,0,0,0,0,0,0,4.761904716491699,0,4.761904716491699,0,0,61269.86950683594,127360.40209960938,192.33233642578125,100.41841125488281,0,335872,33210380288,8589930496,1916125184,0
200,1737286143707,2099,2040,1418,1256,1939,1726,1438,1366,1346,1397,1405,1356,100,0,0,0,0,0,0,0,4.761904716491699,0,4.761904716491699,0,0,61271.24499511719,127361.03338623047,192.33233642578125,50.10437774658203,0,335872,33210380288,8589930496,1916125184,0
200,1737286143907,2100,1869,1414,1499,1702,1698,1388,1263,1309,1436,1422,1237,100,0,0,0,0,0,0,0,4.761904716491699,0,4.761904716491699,0,0,61272.63360595703,127361.67193603516,192.33233642578125,100.84033203125,0,335872,33210380288,8589930496,1916125184,0
200,1737286144107,2099,2093,1453,1475,2100,2099,1409,1423,1400,400,1499,1476,100,0,0,0,0,0,0,0,4.761904716491699,0,4.761904716491699,0,0,61274.032958984375,127362.32116699219,192.33233642578125,100.41841125488281,0,335872,33210380288,8589930496,1916125184,0
200,1737286144307,2099,1976,1473,1471,1996,2099,1411,1410,1402,1440,1372,1477,100,0,0,0,0,0,0,0,4.761904716491699,0,4.761904716491699,0,0,61275.41711425781,127362.95739746094,192.33233642578125,100,0,335872,33210380288,8589930496,1916125184,0
200,1737286144508,2100,1985,1500,1461,2100,1892,1096,1098,1185,1061,1389,1458,100,0,0,0,0,0,0,0,4.761904716491699,0,4.761904716491699,0,0,61276.78234863281,127363.51434326172,192.33233642578125,100,0,335872,33210380288,8589930496,1916125184,0
200,1737286144708,2100,542,1398,1154,1417,1909,400,400,400,400,1442,1452,100,0,0,0,0,0,0,0,4.761904716491699,0,4.761904716491699,0,0,61278.20098876953,127363.9282836914,192.33233642578125,100,0,335872,33210380288,8589930496,1916125184,0
200,1737286144908,2099,1957,1500,1500,2023,2099,400,1474,1446,1460,780,400,100,0,0,0,0,0,0,0,4.761904716491699,0,4.761904716491699,0,0,61279.78875732422,127364.44354248047,192.33233642578125,100.41841125488281,0,335872,33210380288,8589930496,1916125184,0
162,1737286145146,2100,1893,1476,1478,1835,2100,1427,1499,1500,1499,1474,1393,100,0,0,0,0,0,0,0,4.761904716491699,0,4.761904716491699,0,0,61281.749450683594,127365.11840820313,192.33233642578125,102.1276626586914,0,335872,33210380288,8589930496,1916125184,0
200,1737286145308,2099,1993,1361,1417,1855,2039,1449,1413,1431,1470,1217,1239,100,0,0,0,0,0,0,0,4.761904716491699,0,4.761904716491699,0,0,61283.13983154297,127365.59381103516,192.33233642578125,68.0851058959961,0,335872,33210380288,8589930496,1916112896,0
200,1737286145509,2100,1784,1410,1449,2099,400,1230,1158,1277,1396,1402,1460,100,0,0,0,0,0,0,0,4.761904716491699,0,4.761904716491699,0,0,61284.606689453125,127366.05358886719,192.3331298828125,55.299537658691406,0,335872,33210380288,8589930496,1916112896,0
200,1737286145709,2100,1472,400,400,400,1902,1373,1311,1370,1393,400,400,100,0,0,0,0,0,0,0,4.761904716491699,0,4.761904716491699,0,0,61285.990478515625,127366.44549560547,192.3331298828125,100,0,335872,33210380288,8589930496,1916112896,0
199,1737286145909,2099,539,1067,400,1934,1940,1364,1350,1354,1380,1374,1271,100,0,0,0,0,0,0,0,4.761904716491699,0,4.761904716491699,0,0,61287.46032714844,127366.87811279297,192.3331298828125,100,0,335872,33210380288,8589930496,1916112896,0
199,1737286146109,2100,1961,838,1307,1850,1664,1330,1480,1402,1428,1012,400,100,0,0,0,0,0,0,0,0,0,4.761904716491699,0,0,61288.79315185547,127367.24505615234,192.3331298828125,100.41841125488281,0,335872,33210380288,8589930496,1916112896,0
200,1737286146309,2100,525,1427,400,1025,400,1246,1321,1251,1415,1420,400,100,0,0,0,0,0,0,0,0,0,4.761904716491699,0,0,61290.163330078125,127367.73962402344,192.3331298828125,100.84033203125,0,335872,33210380288,8589930496,1916112896,0
200,1737286146509,2100,750,400,1327,1230,780,1025,1256,1014,1182,400,400,100,0,0,0,4.761904716491699,4.761904716491699,4.761904716491699,4.761904716491699,0,0,0,0,0,61291.551696777344,127368.3779296875,192.3331298828125,99.58505249023438,0,335872,33210380288,8589930496,1916112896,0
200,1737286146709,2100,1733,400,400,2100,1954,400,1374,1382,1396,1364,1411,100,0,0,0,0,0,0,0,0,4.761904716491699,0,0,0,61292.939025878906,127369.01147460938,192.3331298828125,100.84033203125,0,335872,33210380288,8589930496,1916112896,0
200,1737286146910,2100,1966,1455,1414,1825,1855,1393,1404,1390,1442,1453,1499,100,0,0,0,0,0,0,4.761904716491699,0,0,0,4.761904716491699,0,61294.34143066406,127369.65740966797,192.3331298828125,100,0,335872,33210380288,8589930496,1916112896,0
200,1737286147110,2100,1967,1460,1408,1917,1980,1359,1373,1388,1390,1412,1500,100,0,0,0,0,0,0,4.761904716491699,0,0,0,4.761904716491699,0,61295.735900878906,127370.29675292969,192.3331298828125,100.41841125488281,0,335872,33210380288,8589930496,1916112896,0
200,1737286147310,2100,1658,400,400,1225,1771,1395,1448,1353,1429,400,400,100,0,0,0,0,4.761904716491699,0,0,0,0,0,0,0,61297.1201171875,127370.92785644531,192.3331298828125,100.41841125488281,0,335872,33210380288,8589930496,1916112896,0
200,1737286147510,2100,1669,1344,1331,1828,1638,1325,1164,1256,1392,400,400,100,0,0,0,0,4.761904716491699,0,0,0,0,0,0,0,61298.50567626953,127371.564453125,192.3331298828125,100.41841125488281,0,335872,33210380288,8589930496,1916112896,0
200,1737286147710,2099,548,1107,985,1608,400,1072,400,400,400,400,400,100,4.761904716491699,0,0,0,0,0,0,0,4.761904716491699,0,0,0,61299.8876953125,127372.19995117188,192.3331298828125,100,0,335872,33210380288,8589930496,1916112896,0
200,1737286147910,2100,1943,1430,1436,1847,1943,1444,1476,1459,1470,1387,1396,100,0,4.761904716491699,0,0,0,0,0,4.761904716491699,0,0,0,0,61301.28857421875,127372.83020019531,192.3331298828125,100,0,335872,33210380288,8589930496,1916112896,0
200,1737286148111,2100,1648,400,400,1800,1595,1441,1280,1439,1435,647,400,100,4.761904716491699,0,0,4.761904716491699,0,0,0,0,0,0,0,0,61302.67755126953,127373.47546386719,192.3331298828125,100,0,335872,33210380288,8589930496,1916112896,0
200,1737286148311,2100,1870,1388,1450,1951,1941,1186,1458,1418,1392,400,1454,100,4.761904716491699,0,0,4.761904716491699,0,0,0,0,0,0,0,0,61304.063415527344,127374.10864257813,192.3331298828125,100,0,335872,33210380288,8589930496,1916112896,0
200,1737286148511,2100,1701,1234,1400,1696,1756,1409,1341,1404,1390,1232,1433,100,4.761904716491699,0,0,4.761904716491699,0,0,0,0,0,0,0,0,61305.443603515625,127374.7398071289,192.3331298828125,50.209205627441406,0,335872,33210380288,8589930496,1916112896,0
200,1737286148711,2100,1976,1453,1500,1832,1894,1447,1347,1373,1474,1293,1500,100,4.761904716491699,0,0,4.761904716491699,0,0,0,0,0,0,0,0,61306.83172607422,127375.37634277344,192.3331298828125,99.1735610961914,0,335872,33210380288,8589930496,1916112896,0
200,1737286148911,2100,2037,1490,1457,1820,1994,1500,1477,1499,1476,1421,1403,100,4.761904716491699,0,0,4.761904716491699,0,0,0,0,0,0,0,0,61308.21643066406,127376.01055908203,192.3331298828125,99.1735610961914,0,335872,33210380288,8589930496,1916112896,0
200,1737286149112,2100,2044,1404,1435,1982,2100,1397,1397,1390,1423,1381,1363,100,4.761904716491699,0,0,4.761904716491699,0,0,0,0,0,0,0,0,61309.61151123047,127376.64831542969,192.3331298828125,50.31446838378906,0,335872,33210380288,8589930496,1916112896,0
200,1737286149312,2100,1936,1199,1448,1947,1877,1463,1433,1470,1464,1454,1499,100,4.761904716491699,0,0,4.761904716491699,0,0,0,0,0,0,0,0,61311.010986328125,127377.29180908203,192.3331298828125,100,0,335872,33210380288,8589930496,1916112896,0
200,1737286149512,2099,2100,1500,400,400,1946,1500,1500,1377,1500,1353,400,100,4.761904716491699,0,0,4.761904716491699,0,0,0,0,0,0,0,0,61312.40643310547,127377.92742919922,192.3331298828125,100.84033203125,0,335872,33210380288,8589930496,1916112896,0
200,1737286149712,2100,2100,1499,1500,2100,2100,1500,1500,1399,1500,400,1499,100,4.761904716491699,0,0,4.761904716491699,0,0,0,0,0,0,0,0,61313.794006347656,127378.56225585938,192.3331298828125,100,0,335872,33210380288,8589930496,1916112896,0
200,1737286149912,2100,1903,1433,1346,1891,2100,1309,1365,1297,1278,1303,1400,100,4.761904716491699,0,0,4.761904716491699,0,0,0,0,0,0,0,0,61315.17956542969,127379.14025878906,192.3331298828125,99.58505249023438,0,335872,33210380288,8589930496,1916112896,0
162,1737286150150,2100,2100,1444,1465,1972,1976,1455,1472,1452,1499,1426,1447,100,4.761904716491699,0,0,4.761904716491699,0,0,0,0,0,0,0,0,61316.86071777344,127379.62615966797,192.3331298828125,101.05262756347656,0,335872,33210380288,8589930496,1916100608,0
199,1737286150313,2100,2071,1354,1476,2100,1838,1500,1500,1500,1499,400,1499,100,4.761904716491699,0,0,4.761904716491699,0,0,0,0,0,0,0,0,61318.16290283203,127380.05529785156,192.3331298828125,67.36842346191406,0,335872,33210380288,8589930496,1916100608,0
200,1737286150513,2100,2099,1500,1499,1875,1837,1499,1500,1444,1499,1385,1454,100,4.761904716491699,0,0,4.761904716491699,0,0,0,0,0,0,0,0,61319.841735839844,127380.63763427734,192.3331298828125,55.42725372314453,0,335872,33210380288,8589930496,1916100608,0
200,1737286150713,2100,2100,1378,1290,1832,1937,1358,1402,1442,1410,1305,1383,100,4.761904716491699,0,0,4.761904716491699,0,0,0,0,0,0,0,0,61321.53778076172,127381.21221923828,192.3331298828125,100,0,335872,33210380288,8589930496,1916100608,0
200,1737286150913,2100,1756,1432,1416,1775,1767,1458,1462,1500,1482,1425,1434,100,4.761904716491699,0,0,4.761904716491699,0,0,0,0,0,0,0,0,61323.00646972656,127381.67193603516,192.3331298828125,100.84033203125,0,335872,33210380288,8589930496,1916100608,0
200,1737286151113,2100,471,1339,1103,1833,1654,400,1499,1473,1423,1207,1500,100,4.761904716491699,0,0,4.761904716491699,0,0,0,0,0,0,0,0,61324.38232421875,127382.06146240234,192.3331298828125,100.41841125488281,0,335872,33210380288,8589930496,1916100608,0
200,1737286151313,2100,2020,1448,1457,1976,400,1190,845,1144,1448,1466,1437,100,4.761904716491699,0,0,4.761904716491699,0,0,0,0,0,0,0,0,61325.86096191406,127382.49731445313,192.3331298828125,100,0,335872,33210380288,8589930496,1916100608,0
200,1737286151514,2100,1679,980,1277,1954,1852,1454,1457,1457,1465,1175,1321,100,0.3021148145198822,0.8797653913497925,0.5882353186607361,0.5882353186607361,0.5882353186607361,0.5899704694747925,0.5899704694747925,0.5882353186607361,0.5899704694747925,0.29498523473739624,0.5882353186607361,0,61327.19006347656,127382.86279296875,192.3331298828125,100,0,335872,33210380288,8589930496,1916354560,0
200,1737286151714,2100,1727,1427,1294,1911,1734,1391,1273,1408,1451,1234,1456,100,0,0,0,0,4.761904716491699,0,0,0,0,0,0,0,61328.577209472656,127383.35430908203,192.3331298828125,100.41841125488281,0,335872,33210380288,8589930496,1916354560,0
200,1737286151914,2099,1569,1406,1391,1320,1832,1192,1348,1344,1362,1247,1385,100,5,0,4.761904716491699,0,0,0,0,0,0,0,0,0,61329.967834472656,127383.9898071289,192.3331298828125,100,0,335872,33210380288,8589930496,1916354560,0
200,1737286152114,2100,2099,1458,1441,2100,2006,1381,1499,1445,1412,400,1466,100,4.761904716491699,0,0,0,0,0,0,0,0,0,0,0,61331.358825683594,127384.62603759766,192.3331298828125,100,0,335872,33210380288,8589930496,1916354560,0
200,1737286152314,2100,2100,1476,1478,1973,2000,1222,1479,1478,1462,1312,1428,100,4.761904716491699,0,0,0,0,0,0,0,0,0,0,0,61332.75573730469,127385.26403808594,192.3331298828125,100,0,335872,33210380288,8589930496,1916354560,0
200,1737286152515,2099,2035,1452,1448,1905,2100,400,1470,1476,1476,1394,1438,100,4.761904716491699,0,0,0,0,0,0,0,0,0,0,0,61334.141052246094,127385.8978881836,192.3331298828125,50.10437774658203,0,335872,33210380288,8589930496,1916354560,0
200,1737286152715,2100,2096,1476,1432,1834,1876,1256,1236,1354,1354,400,400,100,4.761904716491699,0,0,0,0,0,0,0,0,0,0,0,61335.52227783203,127386.53234863281,192.3331298828125,100.84033203125,0,335872,33210380288,8589930496,1916354560,0
200,1737286152915,2100,2054,1411,1407,1796,1952,1321,1318,1330,1334,1351,1420,100,4.761904716491699,0,0,0,0,0,0,0,0,0,0,0,61336.914489746094,127387.16809082031,192.3331298828125,100,0,335872,33210380288,8589930496,1916354560,0
200,1737286153115,2099,1909,1308,1396,1896,1779,1315,1320,1330,1182,400,1451,100,4.761904716491699,0,0,0,0,0,0,0,0,0,0,0,61338.323974609375,127387.81829833984,192.3331298828125,100.84033203125,0,335872,33210380288,8589930496,1916354560,0
200,1737286153315,2099,1880,1274,1428,1875,1586,1265,1257,1259,1460,400,1500,100,4.761904716491699,0,0,0,0,0,0,0,0,0,0,0,61339.71954345703,127388.45672607422,192.3331298828125,100.41841125488281,0,335872,33210380288,8589930496,1916354560,0
200,1737286153515,2100,1182,911,1028,1702,1549,978,1251,1303,1330,1051,1091,100,4.761904716491699,0,0,0,0,0,0,0,0,0,0,0,61341.10388183594,127389.09118652344,192.3331298828125,99.58505249023438,0,335872,33210380288,8589930496,1916354560,0
200,1737286153715,2099,2034,1392,400,1960,2100,1414,1395,1468,1421,1443,1447,100,4.761904716491699,0,0,0,0,0,0,0,0,0,0,0,61342.49835205078,127389.72900390625,192.3331298828125,100.41841125488281,0,335872,33210380288,8589930496,1916354560,0
200,1737286153916,2100,2100,1418,1464,1911,1980,1466,1380,1474,1470,1499,1469,100,4.761904716491699,0,0,0,0,0,0,0,0,0,0,0,61343.88269042969,127390.36206054688,192.3331298828125,100.84033203125,0,335872,33210380288,8589930496,1916354560,0
200,1737286154116,2100,594,400,949,2100,1779,1500,1499,1437,1452,400,400,100,4.761904716491699,0,0,0,0,0,0,0,0,0,0,0,61345.279235839844,127391.00579833984,192.3331298828125,104.99999237060547,0,335872,33210380288,8589930496,1916354560,0
200,1737286154316,2100,1679,1346,1340,400,1098,1376,1500,1394,1425,1331,1172,100,4.761904716491699,0,0,0,0,0,0,0,0,0,0,0,61346.66925048828,127391.64172363281,192.3331298828125,100,0,335872,33210380288,8589930496,1916354560,0
200,1737286154516,2100,1984,1389,1420,1963,2100,1500,1499,1500,1446,1346,1435,100,0,0,0,0,0,0,0,0,0,0,0,0,61348.06414794922,127392.27868652344,192.3331298828125,100.41841125488281,0,335872,33210380288,8589930496,1916354560,0
200,1737286154716,2100,2100,1389,1395,2099,2100,1370,1310,1388,1350,400,1426,100,0,0,0,0,0,0,0,0,0,0,0,0,61349.451904296875,127392.9136352539,192.3331298828125,100.41841125488281,0,335872,33210380288,8589930496,1916354560,0
200,1737286154916,2100,2100,1454,1427,2100,400,1422,400,400,1428,400,1432,100,0,0,0,5,4.761904716491699,0,0,0,0,0,0,0,61350.835388183594,127393.54858398438,192.3331298828125,100.84033203125,0,335872,33210380288,8589930496,1916354560,0
200,1737286155117,2100,1701,1369,1254,400,400,400,1445,1453,1429,1160,1500,100,0,0,0,0,0,0,0,0,0,4.761904716491699,4.761904716491699,0,61352.24462890625,127394.1948852539,192.3331298828125,100.41841125488281,0,335872,33210380288,8589930496,1916354560,0
200,1737286155317,2100,1900,1374,1397,2100,2039,1500,1499,1499,400,400,1379,100,0,0,0,0,0,0,0,0,0,0,0,0,61353.607666015625,127394.75762939453,192.3331298828125,99.58505249023438,0,335872,33210380288,8589930496,1916354560,0
200,1737286155517,2100,2100,400,1480,1968,2100,1382,1463,1500,1500,1408,1453,100,0,0,0,0,0,0,0,0,0,0,0,0,61355.029235839844,127395.17065429688,192.3331298828125,101.26582336425781,0,335872,33210380288,8589930496,1916354560,0
199,1737286155717,2100,2012,1500,1499,2018,1933,1500,1500,1500,1499,1436,1499,100,5,0,0,0,0,0,4.761904716491699,0,0,0,0,0,61356.59899902344,127395.66735839844,192.3331298828125,100,0,335872,33210380288,8589930496,1916350464,0
200,1737286155917,2100,2013,1414,1368,1828,1988,1470,1472,1418,1357,1260,1378,100,0,0,0,4.761904716491699,0,5,0,0,0,0,0,0,61358.273986816406,127396.24816894531,192.3331298828125,99.58505249023438,0,335872,33210380288,8589930496,1916350464,0
200,1737286156118,2100,1981,1191,1291,400,400,1499,1476,1448,1358,1273,1242,100,0,0,0,0,0,0,0,4.761904716491699,0,0,0,0,61359.971130371094,127396.82122802734,192.3331298828125,100.41841125488281,0,335872,33210380288,8589930496,1916350464,0
200,1737286156318,2100,2100,1345,1468,577,2099,1500,1499,1477,1499,1346,1392,100,0,0,0,0,0,0,0,4.761904716491699,0,0,0,0,61361.44873046875,127397.28759765625,192.3331298828125,100.41841125488281,0,335872,33210380288,8589930496,1916350464,0
200,1737286156518,2100,1856,1472,1450,2100,2100,1500,1239,1193,1500,1449,1475,100,0,0,0,0,0,0,0,4.761904716491699,0,0,0,0,61362.81628417969,127397.6694946289,192.3331298828125,100,0,335872,33210380288,8589930496,1916350464,0
200,1737286156718,2099,1794,1262,1328,2100,1861,1499,1499,1471,1415,1265,1370,100,0,0,0,0,4.761904716491699,0,4.761904716491699,0,0,0,0,0,61364.29266357422,127398.10607910156,192.3331298828125,100,0,335872,33210380288,8589930496,1916350464,0
200,1737286156918,2100,2056,1284,1218,2100,1914,1449,1492,1414,1465,1123,1347,100,0,0,0,0,4.761904716491699,0,4.761904716491699,0,0,0,0,0,61365.62353515625,127398.47387695313,192.3331298828125,100.41841125488281,0,335872,33210380288,8589930496,1916350464,0
200,1737286157118,2099,2100,1439,1499,1935,1873,1316,1438,1275,1353,1500,1467,100,0,4.761904716491699,0,0,0,0,0,0,4.761904716491699,0,0,0,61367.007751464844,127398.96484375,192.3331298828125,100,0,335872,33210380288,8589930496,1916350464,0
200,1737286157319,2100,2045,1463,1476,1983,2100,1386,400,1387,1397,1410,1470,100,0,0,4.761904716491699,0,0,0,0,0,0,0,0,0,61368.40393066406,127399.60516357422,192.3331298828125,100.84033203125,0,335872,33210380288,8589930496,1916350464,0
200,1737286157519,2100,1891,1428,1437,1963,1878,1397,1421,1444,1461,1469,1468,100,0,0,4.761904716491699,0,0,0,0,0,0,0,0,0,61369.788146972656,127400.2373046875,192.3331298828125,50.10437774658203,0,335872,33210380288,8589930496,1916350464,0
200,1737286157719,2100,1715,1340,1187,1913,1614,1394,1309,1388,1416,1430,1349,100,0,0,4.761904716491699,0,0,0,0,0,0,0,0,0,61371.182189941406,127400.87603759766,192.3331298828125,100.41841125488281,0,335872,33210380288,8589930496,1916350464,0
200,1737286157919,2100,1988,1441,1499,1927,2099,1434,1500,1499,1500,1500,1439,100,0,0,4.761904716491699,0,0,0,0,0,0,0,0,0,61372.58721923828,127401.51641845703,192.33380126953125,100.41841125488281,0,335872,33210380288,8589930496,1916350464,0
200,1737286158119,2100,1809,1418,1427,1532,1709,1126,1119,1067,1082,400,1391,100,0,0,4.761904716491699,0,0,0,0,0,0,0,0,0,61373.956787109375,127402.150390625,192.33380126953125,100.41841125488281,0,335872,33210380288,8589930496,1916350464,0
200,1737286158319,2100,2100,1396,1407,1944,1946,1429,1456,1473,1467,400,1404,100,0,0,0,0,0,0,4.761904716491699,0,0,0,0,0,61375.35626220703,127402.79699707031,192.33380126953125,100,0,335872,33210380288,8589930496,1916350464,0
200,1737286158519,2100,1946,400,1443,1925,2002,1499,1479,1479,1458,400,1404,100,0,0,0,0,0,0,4.761904716491699,0,0,0,0,0,61376.740173339844,127403.43481445313,192.33380126953125,100.41841125488281,0,335872,33210380288,8589930496,1916350464,0
200,1737286158720,2100,2045,1427,1349,1888,1845,1360,1450,1340,1348,1500,1327,100,0,0,0,0,0,0,0,0,0,0,0,0,61378.122131347656,127404.06829833984,192.33380126953125,100.41841125488281,0,335872,33210380288,8589930496,1916350464,0
200,1737286158920,2100,1867,1353,1447,1893,1662,1351,1346,1302,1442,1441,1397,100,0,0,0,0,0,0,0,0,0,0,0,0,61379.5009765625,127404.70196533203,192.33380126953125,100.41841125488281,0,335872,33210380288,8589930496,1916350464,0
200,1737286159120,2099,1640,400,1254,1890,1698,1145,1343,1374,1399,400,400,100,5,0,0,0,0,4.761904716491699,0,0,0,0,0,0,61380.88653564453,127405.33825683594,192.33380126953125,100.41841125488281,0,335872,33210380288,8589930496,1916350464,0
200,1737286159320,2100,1888,1500,1390,1759,1552,1300,1323,1286,1411,1162,1378,100,5,0,0,0,0,4.761904716491699,0,0,0,0,0,0,61382.26251220703,127405.96978759766,192.33380126953125,99.58505249023438,0,335872,33210380288,8589930496,1916350464,0
200,1737286159520,2100,519,400,400,1012,400,1060,1244,1292,1278,400,400,100,0,0,0,0,0,0,0,0,0,0,0,0,61383.64337158203,127406.60388183594,192.33380126953125,100.41841125488281,0,335872,33210380288,8589930496,1916350464,0
200,1737286159720,2100,1636,1441,1348,1719,400,1415,1394,1443,1465,400,1305,100,0,0,0,0,0,0,0,0,0,0,0,0,61385.04150390625,127407.2495727539,192.33380126953125,100.41841125488281,0,335872,33210380288,8589930496,1916350464,0
200,1737286159921,2099,2046,1414,1404,1920,1985,1400,1429,1397,1402,1353,1417,100,0,0,0,0,0,0,0,0,0,0,0,0,61386.42742919922,127407.88940429688,192.33380126953125,100,0,335872,33210380288,8589930496,1916350464,0
200,1737286160121,2100,1799,1446,1430,2100,1919,1500,1350,1481,1499,400,1378,100,0,0,0,0,0,0,0,0,0,0,0,0,61387.80145263672,127408.51831054688,192.33380126953125,50.10437774658203,0,335872,33210380288,8589930496,1916350464,0
200,1737286160321,2099,1686,1317,1432,1891,1762,1254,1316,1376,1278,1438,1330,100,0,0,0,0,0,0,0,0,0,0,0,0,61389.183349609375,127409.154296875,192.33380126953125,50.10437774658203,0,335872,33210380288,8589930496,1916350464,0
200,1737286160521,2100,1720,1314,1453,2002,1952,1463,1446,1499,1476,400,1462,100,0,0,0,0,0,0,0,0,0,0,0,0,61390.56512451172,127409.78735351563,192.33380126953125,50.10437774658203,0,335872,33210380288,8589930496,1916350464,0
200,1737286160721,2099,1923,1449,1150,1833,1878,1237,1187,1234,1391,1320,1331,100,0,0,0,0,0,0,0,0,0,0,0,0,61391.94500732422,127410.38580322266,192.33380126953125,99.58505249023438,0,335872,33210380288,8589930496,1916350464,0
200,1737286160922,2099,1879,1451,1457,1862,1878,1125,1140,1217,1172,1109,1500,100,0,0,0,0,0,0,0,0,0,0,0,0,61393.33270263672,127410.78552246094,192.33380126953125,99.58505249023438,0,335872,33210380288,8589930496,1916350464,0
200,1737286161122,2100,511,1389,1281,400,400,1253,1134,400,855,1454,1380,100,0,0.8333333730697632,0,1.6528924703598022,1.6528924703598022,0.8333333730697632,0.8333333730697632,0.8333333730697632,1.6528924703598022,0,0.8333333730697632,0,61394.87030029297,127411.27319335938,192.33380126953125,100,0,335872,33210380288,8589930496,1916350464,0
200,1737286161322,2100,1856,1327,1367,1877,2100,1435,1413,1481,1458,1171,1335,100,0,0,4.761904716491699,0,0,0,0,0,0,0,0,0,61396.570556640625,127411.86993408203,192.33380126953125,100.41841125488281,0,335872,33210380288,8589930496,1916346368,0
200,1737286161522,2100,1868,1461,1454,1974,2023,1430,1458,1471,1476,1251,1391,100,0,0,0,0,0,0,0,0,0,0,0,0,61398.24432373047,127412.42364501953,192.33380126953125,100.41841125488281,0,335872,33210380288,8589930496,1916346368,0
199,1737286161722,2100,2024,1439,1297,1981,2100,1382,1184,1319,1414,1469,1420,100,5,0,0,0,0,0,0,0,0,0,0,0,61399.736267089844,127412.91326904297,192.33380126953125,100.41841125488281,0,335872,33210380288,8589930496,1916346368,0
200,1737286161922,2100,1788,1391,1421,1725,2099,1411,1470,1415,1473,400,1193,100,0,0,0,0,0,5,5,4.761904716491699,0,0,0,0,61401.10711669922,127413.30438232422,192.33380126953125,100,0,335872,33210380288,8589930496,1916346368,0
200,1737286162123,2099,1959,1133,400,1954,1925,1499,400,1425,1500,1079,1305,100,0,0,0,0,0,5,5,4.761904716491699,0,0,0,0,61402.54412841797,127413.72509765625,192.33380126953125,100.41841125488281,0,335872,33210380288,8589930496,1916346368,0
199,1737286162323,2099,1984,1272,1299,1308,1891,1412,1235,1168,1148,1434,1369,100,0,0,0,0,0,0,0,4.761904716491699,0,0,5,0,61403.88977050781,127414.1019897461,192.33380126953125,100.41841125488281,0,335872,33210380288,8589930496,1916346368,0
200,1737286162523,2100,2008,947,400,400,400,1392,1473,1428,1375,400,400,100,0,0,0,4.761904716491699,0,0,0,0,0,4.761904716491699,0,0,61405.258361816406,127414.56677246094,192.33380126953125,100.41841125488281,0,335872,33210380288,8589930496,1916346368,0
200,1737286162723,2100,1440,1242,1030,1095,1027,1200,957,1148,1436,1150,996,100,0,0,0,0,0,0,0,0,0,0,0,0,61406.63623046875,127415.19848632813,192.33380126953125,100.41841125488281,0,335872,33210380288,8589930496,1916346368,0
200,1737286162923,2100,2099,400,1500,1578,1731,400,400,400,1499,1023,1500,100,0,0,0,0,4.761904716491699,0,0,0,0,0,0,0,61408.0224609375,127415.83654785156,192.33380126953125,100,0,335872,33210380288,8589930496,1916346368,0
200,1737286163123,2100,2015,1407,1405,2100,2100,1427,1417,1430,1411,400,1404,100,0,4.761904716491699,0,0,0,0,0,0,4.761904716491699,0,0,0,61409.410888671875,127416.47332763672,192.33380126953125,100.41841125488281,0,335872,33210380288,8589930496,1916346368,0
200,1737286163324,2099,2053,1499,1473,1967,1864,1392,1417,1416,1401,1472,1460,100,0,0,0,0,0,5,4.761904716491699,0,0,0,0,0,61410.79608154297,127417.1099243164,192.33380126953125,100,0,335872,33210380288,8589930496,1916346368,0
200,1737286163524,2100,2049,400,1479,1963,1857,1365,1338,1382,1382,1033,400,100,0,0,0,0,0,0,0,0,0,0,0,0,61412.19757080078,127417.7485961914,192.33380126953125,100.41841125488281,0,335872,33210380288,8589930496,1916346368,0
200,1737286163724,2100,1740,1445,1350,1834,1899,1336,1204,1318,1283,1432,1469,100,0,0,0,0,0,0,0,0,0,0,0,0,61413.580322265625,127418.39489746094,192.33380126953125,100.41841125488281,0,335872,33210380288,8589930496,1916346368,0
200,1737286163924,2100,1981,1445,1067,2100,2100,1500,1499,1500,1481,1423,400,100,0,0,0,0,0,0,0,0,0,0,0,0,61414.959411621094,127419.02740478516,192.33380126953125,100,0,335872,33210380288,8589930496,1916346368,0
200,1737286164124,2100,2100,400,1500,2100,2099,975,1150,1203,1499,649,400,100,0,0,0,0,0,0,0,0,0,0,0,0,61416.34509277344,127419.66534423828,192.33380126953125,100.84033203125,0,335872,33210380288,8589930496,1916346368,0
200,1737286164324,2100,2028,1475,1480,2014,2100,1446,1483,1482,1455,400,400,100,0,0,0,0,4.761904716491699,0,0,0,0,4.761904716491699,0,0,61417.733825683594,127420.30487060547,192.33380126953125,100,0,335872,33210380288,8589930496,1916362752,0
200,1737286164525,2100,2060,1436,1432,1958,2100,1426,1460,1464,1371,1412,1422,100,0,0,0,0,0,0,0,0,0,0,0,0,61419.118896484375,127420.93969726563,192.33380126953125,100.84033203125,0,335872,33210380288,8589930496,1916362752,0
199,1737286164725,2099,1844,1453,1378,1891,1946,1378,1339,1453,1396,1384,1460,100,0,0,0,0,0,0,0,0,0,0,0,0,61420.515075683594,127421.58514404297,192.33380126953125,100,0,335872,33210380288,8589930496,1916362752,0
200,1737286164925,2099,2005,1412,400,1826,2100,1432,1500,1499,400,400,1383,100,0,0,0,0,0,0,0,0,0,0,0,0,61421.90344238281,127422.22546386719,192.33380126953125,100,0,335872,33210380288,8589930496,1916362752,0
200,1737286165125,2100,1824,1441,1381,1874,1870,1420,1315,1355,1489,1443,1424,100,0,0,0,0,0,0,0,0,0,0,0,0,61423.26385498047,127422.84680175781,192.33380126953125,100.84033203125,0,335872,33210380288,8589930496,1916362752,0
200,1737286165325,2099,1980,1473,1473,2100,2100,1480,1454,1499,1500,1424,1497,100,0,0,0,0,0,0,0,0,0,0,0,0,61424.65399169922,127423.48565673828,192.33380126953125,50.209205627441406,0,335872,33210380288,8589930496,1916362752,0
200,1737286165525,2100,2016,1310,1475,2100,2003,1451,1435,1421,1461,400,1481,100,0,0,0,0,0,0,0,0,0,0,0,0,61426.03094482422,127424.11877441406,192.33380126953125,100.41841125488281,0,335872,33210380288,8589930496,1916362752,0
200,1737286165726,2100,2042,1437,1408,1945,1972,1499,1402,1473,1474,1424,1452,100,0,0,0,0,0,0,0,0,0,0,0,0,61427.415466308594,127424.75402832031,192.33380126953125,99.58505249023438,0,335872,33210380288,8589930496,1916362752,0
200,1737286165926,2100,2048,1467,1466,1876,1924,400,1452,1397,1397,1461,1384,100,1.0204081535339355,1,0.9900990128517151,1,0,0.9900990128517151,0,0,1,0,0,0,61428.80029296875,127425.3920288086,192.33380126953125,99.58505249023438,0,335872,33210380288,8589930496,1916362752,0
200,1737286166126,2100,1913,1450,1499,1876,1807,1339,1204,1446,1203,400,1429,100,0,0,0,0,0,0,4.761904716491699,0,0,0,0,0,61430.19030761719,127426.01745605469,192.33380126953125,100.84033203125,0,335872,33210380288,8589930496,1916362752,0
200,1737286166326,2100,1980,1486,1440,2099,2100,1416,1416,1418,1499,400,1394,100,0,0,0,4.761904716491699,0,0,0,0,0,0,4.761904716491699,0,61431.574645996094,127426.41357421875,192.33380126953125,99.58505249023438,0,335872,33210380288,8589930496,1916362752,0
200,1737286166526,2100,1989,1499,1500,1958,1968,1500,1499,1500,1499,589,1499,100,0,0,0,4.761904716491699,0,0,0,0,0,0,4.761904716491699,0,61433.106506347656,127426.89044189453,192.33380126953125,100,0,335872,33210380288,8589930496,1916362752,0
200,1737286166726,2100,2026,1276,1445,2100,1939,1351,1328,1353,1476,1301,1255,100,0,0,4.761904716491699,0,0,0,0,4.761904716491699,0,0,0,0,61434.788330078125,127427.4857788086,192.33380126953125,100.84033203125,0,335872,33210380288,8589930496,1916362752,0
200,1737286166927,2100,477,400,1203,1839,2100,1442,1441,400,1350,476,1068,100,0,0,0,5,4.761904716491699,0,0,0,0,0,0,0,61436.443359375,127428.03582763672,192.33380126953125,100.41841125488281,0,335872,33210380288,8589930496,1916362752,0
200,1737286167127,2100,2100,1189,1344,1803,1969,1500,400,400,1415,1440,1439,100,0,4.761904716491699,0,0,0,0,0,0,0,0,4.761904716491699,0,61437.989196777344,127428.5454711914,192.33380126953125,100,0,335872,33210380288,8589930496,1916362752,0
200,1737286167327,2100,1740,1442,1408,1854,1768,1369,1422,1404,1203,1108,1499,100,0,4.761904716491699,0,0,0,0,0,0,0,0,4.761904716491699,0,61439.375732421875,127428.9418334961,192.33380126953125,100.41841125488281,0,335872,33210380288,8589930496,1916362752,0
199,1737286167527,2099,1846,1425,1416,1971,2100,1499,1430,1479,1479,1283,1426,100,0,0,0,0,0,0,0,0,0,0,0,0,61440.810791015625,127429.35864257813,192.33380126953125,100,0,335872,33210380288,8589930496,1916362752,0
200,1737286167727,2099,2023,1499,1402,1656,1915,1420,1363,1464,1443,1441,1441,100,4.761904716491699,0,0,0,0,0,0,0,0,0,0,0,61442.1591796875,127429.73889160156,192.33380126953125,104.99999237060547,0,335872,33210380288,8589930496,1916362752,0
200,1737286167927,2100,2100,1361,1438,1566,1942,1332,1365,1324,1351,1372,1398,100,4.761904716491699,0,0,0,0,0,0,0,0,0,0,0,61443.546936035156,127430.18969726563,192.33441162109375,100.41841125488281,0,335872,33210380288,8589930496,1916362752,0
200,1737286168128,2100,2047,1440,1434,1904,2100,400,400,1414,1451,1403,1403,100,5,0,0,0,0,0,0,5,4.761904716491699,0,0,0,61444.93200683594,127430.82299804688,192.33441162109375,95,0,335872,33210380288,8589930496,1916362752,0
200,1737286168328,2100,2061,1369,1380,1982,1932,1375,1418,1376,1375,400,1453,100,5,0,0,0,0,0,0,5,4.761904716491699,0,0,0,61446.324279785156,127431.4609375,192.33441162109375,50.209205627441406,0,335872,33210380288,8589930496,1916362752,0
200,1737286168528,2100,1855,1401,1378,1946,1930,1352,1364,1340,1362,1335,1370,100,0,1.6393442153930664,0,0,0,0,0,0,1.6666667461395264,0,0,0,61447.72772216797,127432.10357666016,192.33441162109375,52.71966552734375,0,335872,33210380288,8589930496,1916362752,0
200,1737286168728,2100,1513,1222,1191,1844,1506,1447,1198,1360,1233,1127,1157,100,0,0,0,0,0,4.761904716491699,4.761904716491699,0,0,0,0,0,61449.128173828125,127432.74578857422,192.33441162109375,100.41841125488281,0,335872,33210380288,8589930496,1916362752,0
200,1737286168928,2100,2100,630,1500,2099,2016,1500,1499,1500,1499,799,1500,100,0,4.761904716491699,0,0,0,0,0,0,0,4.761904716491699,0,0,61450.50506591797,127433.3706665039,192.33441162109375,100.84033203125,0,335872,33210380288,8589930496,1916362752,0
200,1737286169128,2100,2056,1449,1447,1868,1982,1450,400,1450,1475,1355,400,100,0,0,0,4.761904716491699,0,4.761904716491699,0,0,0,0,0,0,61451.90509033203,127434.01452636719,192.33441162109375,99.1735610961914,0,335872,33210380288,8589930496,1916362752,0
200,1737286169329,2099,2100,1474,1474,1933,1969,1386,1443,1361,1382,1343,1460,100,0,0,0,0,0,0,5,0,0,0,0,0,61453.290954589844,127434.64855957031,192.33441162109375,100.84033203125,0,335872,33210380288,8589930496,1916362752,0
200,1737286169529,2099,533,1500,1435,1912,400,977,1011,1027,400,1458,1255,100,0,0,0,0,0,0,0,0,0,0,0,0,61454.683349609375,127435.28680419922,192.33441162109375,100.41841125488281,0,335872,33210380288,8589930496,1916362752,0
200,1737286169729,2100,1961,1461,1395,1787,1858,1390,1191,1499,1475,400,1416,100,0,0,0,0,0,0,0,0,0,0,0,0,61456.06506347656,127435.91943359375,192.33441162109375,100,0,335872,33210380288,8589930496,1916362752,0
200,1737286169929,2100,1647,1273,1296,1420,1878,1395,1388,1313,1385,1223,1067,100,0,0,0,0,0,0,0,0,0,0,0,0,61457.47137451172,127436.56524658203,192.33441162109375,50.10437774658203,0,335872,33210380288,8589930496,1916362752,0
200,1737286170129,2100,2091,1481,400,1624,444,1499,1499,983,1499,1174,400,100,0,0,0,0,0,0,0,0,0,0,0,0,61458.864807128906,127437.20343017578,192.33441162109375,100.41841125488281,0,335872,33210380288,8589930496,1916362752,0
200,1737286170329,2100,2051,1475,1471,2100,2100,1469,1402,1472,1466,1283,400,100,0,0,0,0,0,0,0,0,0,0,0,0,61460.24279785156,127437.8275756836,192.33441162109375,100.41841125488281,0,335872,33210380288,8589930496,1916362752,0
200,1737286170530,2100,1964,1500,1466,1952,1971,1367,1359,1387,1377,1468,1457,100,0,0,0,0,0,0,0,0,0,0,0,0,61461.64483642578,127438.47302246094,192.33441162109375,100,0,335872,33210380288,8589930496,1916362752,0
200,1737286170730,2100,1734,1499,1344,1801,1880,1396,1500,1499,1500,400,1458,100,0,0,0,0,0,0,0,0,0,0,0,0,61463.03076171875,127439.10662841797,192.33441162109375,100,0,335872,33210380288,8589930496,1916362752,0
177,1737286170953,2099,2029,1418,1435,1801,1871,1428,1499,1471,1451,1447,1362,100,0,0,0,0,0,0,0,0,0,0,0,0,61464.58282470703,127439.82043457031,192.33441162109375,99.24812316894531,0,335872,33210380288,8589930496,1916362752,0
200,1737286171130,2100,1862,1473,1447,1698,2100,1402,1500,1463,1499,400,1454,100,0,0,0,0,0,0,0,0,0,0,0,0,61465.823181152344,127440.38995361328,192.33441162109375,81.20301055908203,0,335872,33210380288,8589930496,1916362752,0
200,1737286171330,2099,2015,1500,1500,1950,1933,1363,1381,1361,1382,1084,1373,100,0,0,0,0,0,0,0,0,0,0,0,0,61467.21398925781,127441.02569580078,192.33441162109375,53.21508026123047,0,335872,33210380288,8589930496,1916346368,0
200,1737286171531,2100,1875,1462,1432,1985,1855,1402,1410,1383,1400,1499,1476,100,1.0204081535339355,0,0.5,0.5,0.9950248599052429,0,0,0.5,0.5025125741958618,0.5,0.5,0,61468.587463378906,127441.63928222656,192.33441162109375,53.21508026123047,0,335872,33210380288,8589930496,1916346368,0
199,1737286171731,2100,1272,1428,1431,1728,400,1229,915,1198,1111,1397,1424,100,0,4.761904716491699,0,0,0,0,4.761904716491699,0,0,0,0,0,61469.98425292969,127442.0396118164,192.33441162109375,100,0,335872,33210380288,8589930496,1916346368,0
200,1737286171931,2100,2039,543,400,1810,2038,1343,1303,1411,1421,718,400,100,0,4.761904716491699,0,0,0,0,4.761904716491699,0,0,0,0,0,61471.509521484375,127442.51440429688,192.33441162109375,100.41841125488281,0,335872,33210380288,8589930496,1916346368,0
200,1737286172131,2100,1918,1469,1397,1885,1977,1500,1499,1500,1480,400,1419,100,0,0,0,0,4.761904716491699,4.761904716491699,4.761904716491699,0,0,0,0,0,61473.227294921875,127443.12048339844,192.33441162109375,100.41841125488281,0,335872,33210380288,8589930496,1916346368,0
199,1737286172331,2100,1846,1460,1331,1766,1812,1475,1499,1499,1480,1339,1411,100,0,5,4.761904716491699,0,0,0,0,0,0,0,0,0,61474.871154785156,127443.66217041016,192.33441162109375,99.1735610961914,0,335872,33210380288,8589930496,1916346368,0
200,1737286172531,2100,1982,1387,1443,2100,1970,1413,1326,1339,1323,1342,1368,100,0,5,4.761904716491699,0,0,0,0,0,0,0,0,0,61476.43798828125,127444.17462158203,192.33441162109375,101.26582336425781,0,335872,33210380288,8589930496,1916346368,0
200,1737286172731,2100,1774,1376,1290,1929,2100,1466,1272,1470,1384,1290,1284,100,0,0,0,0,0,4.761904716491699,0,0,0,0,0,0,61477.81573486328,127444.57098388672,192.33441162109375,100,0,335872,33210380288,8589930496,1916346368,0
200,1737286172932,2100,1823,400,400,1432,1944,1436,1453,1392,1425,781,400,100,0,0,0,0,0,0,0,0,0,0,0,0,61479.268310546875,127444.99737548828,192.33441162109375,100.41841125488281,0,335872,33210380288,8589930496,1916346368,0
199,1737286173132,2099,1365,1090,1434,1821,1767,1476,1441,1444,1411,1055,1160,100,0,0,0,0,0,0,0,0,0,0,0,0,61480.61950683594,127445.3765258789,192.33441162109375,100.41841125488281,0,335872,33210380288,8589930496,1916346368,0
200,1737286173332,2100,2100,400,1416,2100,1880,1416,1500,1467,1500,1368,1414,100,0,0,0,0,0,0,0,0,0,0,0,0,61482.002380371094,127445.81903076172,192.33441162109375,100.41841125488281,0,335872,33210380288,8589930496,1916346368,0
200,1737286173532,2100,1283,1419,1379,1864,1911,1219,1267,1307,1336,1362,1343,100,0,0,0,0,0,0,0,0,0,0,0,0,61483.390686035156,127446.4564819336,192.33441162109375,100.41841125488281,0,335872,33210380288,8589930496,1916346368,0
200,1737286173732,2100,1993,1499,1499,2003,2100,1450,1500,1500,1483,1499,1500,100,0,0,0,0,0,0,0,0,0,0,0,0,61484.78991699219,127447.09350585938,192.33441162109375,50.31446838378906,0,335872,33210380288,8589930496,1916346368,0
200,1737286173932,2100,2050,400,1465,2099,2099,1423,1451,1431,1488,1433,1499,100,0,0,1.6666667461395264,0,0,0,0,1.6666667461395264,0,0,0,0,61486.18048095703,127447.72924804688,192.33441162109375,50.31446838378906,0,335872,33210380288,8589930496,1916346368,0
200,1737286174132,2100,1998,1473,1425,1925,1986,1467,1473,1475,1455,1444,1409,100,0,0,0,0,4.761904716491699,0,0,0,0,0,0,0,61487.56280517578,127448.36022949219,192.33441162109375,100.41841125488281,0,335872,33210380288,8589930496,1916346368,0
200,1737286174333,2100,2051,1383,1396,1901,1809,1391,1441,1466,1445,400,1363,100,0,0,0,4.761904716491699,0,0,0,0,0,0,0,0,61488.953552246094,127448.99786376953,192.33441162109375,100.41841125488281,0,335872,33210380288,8589930496,1916346368,0
200,1737286174533,2100,1704,1358,1372,1910,1708,1363,1458,1445,1444,1088,1418,100,0,0,0,0,0,0,0,0,0,4.761904716491699,0,0,61490.35382080078,127449.64184570313,192.33441162109375,100,0,335872,33210380288,8589930496,1916346368,0
200,1737286174733,2100,1427,1170,1027,1678,1335,1208,1212,1398,1500,1177,1290,100,0,0,0,0,0,0,0,0,4.761904716491699,0,0,0,61491.73449707031,127450.27215576172,192.33441162109375,100.41841125488281,0,335872,33210380288,8589930496,1916346368,0
200,1737286174933,2100,2100,400,1500,1935,2100,1391,1475,1464,1476,1249,1462,100,0,0,0,0,0,0,0,0,4.761904716491699,0,0,0,61493.141662597656,127450.91979980469,192.33441162109375,100.41841125488281,0,335872,33210380288,8589930496,1916346368,0
200,1737286175133,2100,2099,400,400,400,400,400,400,400,400,400,400,100,0,0,0,0,0,0,0,0,4.761904716491699,0,0,0,61494.51385498047,127451.54681396484,192.33441162109375,99.58505249023438,0,335872,33210380288,8589930496,1916346368,0
200,1737286175334,2100,2099,1474,1481,2000,1953,1450,1425,1470,1480,1345,1471,100,0,0,0,0,0,0,0,0,4.761904716491699,0,0,0,61495.90740966797,127452.1841430664,192.33441162109375,50.31446838378906,0,335872,33210380288,8589930496,1916346368,0
200,1737286175534,2100,1954,1462,1478,1894,1884,1361,1380,1436,1440,400,1457,100,0,0,0,0,0,0,0,0,4.761904716491699,0,0,0,61497.294189453125,127452.81823730469,192.33441162109375,100,0,335872,33210380288,8589930496,1916346368,0
200,1737286175734,2100,1747,1470,1239,400,1714,1385,1253,1396,1387,400,1149,100,0,0,0,0,0,0,0,0,4.761904716491699,0,0,0,61498.70104980469,127453.46606445313,192.33441162109375,100.41841125488281,0,335872,33210380288,8589930496,1916346368,0
200,1737286175934,2100,1313,1372,1408,1404,1094,400,400,400,400,1373,1398,100,0,0,0,0,0,0,0,0,4.761904716491699,0,0,0,61500.08966064453,127454.1030883789,192.33441162109375,100.41841125488281,0,335872,33210380288,8589930496,1916346368,0
200,1737286176134,2100,2020,400,1442,2100,813,1416,1415,400,400,1500,1499,100,0,0,0,0,0,0,0,0,4.761904716491699,0,0,0,61501.477294921875,127454.73901367188,192.33441162109375,100.41841125488281,0,335872,33210380288,8589930496,1916346368,0
200,1737286176335,2100,1999,1394,1470,1869,1792,1479,1475,1459,1499,1472,1379,100,0,0,0,0,0,0,0,0,4.761904716491699,0,0,0,61502.864990234375,127455.37420654297,192.33441162109375,100,0,335872,33210380288,8589930496,1916346368,0
199,1737286176535,2100,1745,1403,1415,1660,1895,1292,1379,1352,1305,1456,1434,100,0,0,0,0,0,0,0,0,4.761904716491699,0,0,0,61504.272216796875,127456.02362060547,192.33441162109375,100.84033203125,0,335872,33210380288,8589930496,1916346368,0
200,1737286176735,2100,1986,1408,1461,1943,1973,1400,1286,1404,1365,1382,1462,100,0,0,0,0,0,0,0,0,4.761904716491699,0,0,0,61505.66015625,127456.662109375,192.33441162109375,100,0,335872,33210380288,8589930496,1916346368,0
200,1737286176935,2099,2041,1421,400,400,589,1283,1144,1166,1264,1459,400,100,0,0,0,0,0,0,0,0,4.761904716491699,0,0,0,61507.03387451172,127457.2808227539,192.33441162109375,100,0,335872,33210380288,8589930496,1916346368,0
200,1737286177135,2100,1953,1499,1472,2100,1998,1371,1500,1500,1488,1375,1404,100,0,0,0,0,0,0,0,0,4.761904716491699,0,0,0,61508.42077636719,127457.68048095703,192.33441162109375,99.58505249023438,0,335872,33210380288,8589930496,1916346368,0
199,1737286177335,2100,2004,1499,1474,2100,1788,1392,1346,1346,1409,1473,1475,100,0,0,0,0,0,0,0,0,4.761904716491699,0,0,0,61509.94354248047,127458.15325927734,192.33441162109375,100.84033203125,0,335872,33210380288,8589930496,1916334080,0
200,1737286177535,2100,2016,1500,1499,2099,1984,1500,1434,1409,1499,1394,1424,100,0,0,0,0,0,0,0,0,4.761904716491699,0,0,0,61511.641174316406,127458.74444580078,192.33441162109375,99.58505249023438,0,335872,33210380288,8589930496,1916334080,0
200,1737286177735,2100,537,400,1371,1934,1820,1395,1307,1500,1417,1106,1167,100,0,0,0,0,0,0,0,0,4.761904716491699,0,0,0,61513.30712890625,127459.30419921875,192.33441162109375,100.41841125488281,0,335872,33210380288,8589930496,1916334080,0
200,1737286177935,2100,2057,1404,1399,1929,1943,1231,1267,1227,1234,1452,1354,100,0,0,0,0,0,0,0,0,4.761904716491699,0,0,0,61514.868103027344,127459.82110595703,192.33441162109375,100.41841125488281,0,335872,33210380288,8589930496,1916334080,0
200,1737286178136,2100,2031,1391,1428,400,1124,1112,971,893,990,1391,1378,100,0,0,0,0,0,0,5,0,0,0,0,0,61516.249572753906,127460.21240234375,192.33441162109375,100.41841125488281,0,335872,33210380288,8589930496,1916334080,0
200,1737286178336,2100,1842,1481,1438,2100,1803,1499,1500,1424,1500,1499,1411,100,0,0,0,0,0,0,0,0,4.761904716491699,0,0,0,61517.70623779297,127460.64050292969,192.33441162109375,100.41841125488281,0,335872,33210380288,8589930496,1916334080,0
200,1737286178536,2100,1368,400,400,1274,400,1408,1361,1216,1311,1500,1300,100,0,0,0,0,0,0,0,0,4.761904716491699,0,0,0,61519.06018066406,127461.01959228516,192.33441162109375,99.58505249023438,0,335872,33210380288,8589930496,1916334080,0
200,1737286178736,2100,1775,1500,1335,1912,2100,1345,400,1445,1396,1248,1500,100,0,0,0,0,0,0,0,0,4.761904716491699,0,0,0,61520.432189941406,127461.45141601563,192.33441162109375,50.31446838378906,0,335872,33210380288,8589930496,1916334080,0
200,1737286178936,2100,1783,1482,1418,1932,2099,1450,1432,1434,1479,1387,1468,100,0,0,0,0,0,0,0,0,0,1.6393442153930664,0,0,61521.808349609375,127462.07891845703,192.33441162109375,50.31446838378906,0,335872,33210380288,8589930496,1916334080,0
200,1737286179137,2100,2038,1249,1177,1883,1934,1267,1465,1465,1414,1290,1347,100,0,0,0,0,0,0,0,0,0,0,0,0,61523.20294189453,127462.71710205078,192.33441162109375,99.58505249023438,0,335872,33210380288,8589930496,1916334080,0
200,1737286179337,2100,2053,1401,1405,1898,1981,400,1471,1402,1404,1499,1499,100,0,0,0,0,0,0,0,0,0,0,0,0,61524.59600830078,127463.3583984375,192.33441162109375,100.84033203125,0,335872,33210380288,8589930496,1916334080,0
200,1737286179537,2100,1990,1434,1219,1525,1418,1439,1414,1449,1443,1251,1286,100,0,0,0,0,4.761904716491699,4.761904716491699,0,0,0,0,0,0,61525.982482910156,127463.99267578125,192.33441162109375,100,0,335872,33210380288,8589930496,1916334080,0
200,1737286179737,2099,1764,1453,400,1914,1940,1325,1421,1380,1428,400,1432,100,5,0,0,0,0,0,0,5,0,0,0,0,61527.37353515625,127464.62841796875,192.33441162109375,100.84033203125,0,335872,33210380288,8589930496,1916334080,0
200,1737286179937,2099,1720,1401,1323,1780,1875,1281,1367,1269,1339,1183,1404,100,0,0,0,4.761904716491699,0,0,0,0,0,0,0,0,61528.75891113281,127465.26184082031,192.33441162109375,100,0,335872,33210380288,8589930496,1916334080,0
200,1737286180137,2099,1979,1499,1486,2099,1996,1500,1499,478,1500,987,1477,100,0,0,0,0,0,0,0,0,0,0,0,0,61530.16345214844,127465.9105834961,192.33441162109375,100,0,335872,33210380288,8589930496,1916334080,0
200,1737286180337,2100,2012,1422,400,1985,1946,1500,1472,1499,1481,1463,1401,100,0,0,0,0,0,0,0,0,0,0,0,0,61531.54968261719,127466.5454711914,192.33441162109375,100.41841125488281,0,335872,33210380288,8589930496,1916334080,0
200,1737286180538,2100,2048,1456,1466,1961,1907,1499,1476,1440,1474,1408,1414,100,0,0,0,0,4.761904716491699,0,0,0,0,0,0,0,61532.93182373047,127467.1782836914,192.3350830078125,100.84033203125,0,335872,33210380288,8589930496,1916334080,0
200,1737286180738,2100,2100,1458,1409,1956,1974,1350,1358,1383,1413,1401,1304,100,0,4.761904716491699,0,0,0,0,0,0,4.761904716491699,0,0,0,61534.311279296875,127467.81323242188,192.3350830078125,100,0,335872,33210380288,8589930496,1916334080,0
200,1737286180938,2100,1696,400,400,400,1798,1228,1400,1433,1255,400,400,100,0,0,0,0,0,4.761904716491699,4.761904716491699,0,0,0,0,0,61535.69494628906,127468.45001220703,192.3350830078125,100.41841125488281,0,335872,33210380288,8589930496,1916334080,0
200,1737286181138,2100,1309,1380,1434,1850,1703,1303,1374,1220,1229,1404,1500,100,0,0,0,0,0,4.761904716491699,4.761904716491699,0,0,0,0,0,61537.08319091797,127469.09143066406,192.3350830078125,100,0,335872,33210380288,8589930496,1916334080,0
200,1737286181338,2100,1826,1325,1348,1563,1811,1190,1355,1309,1215,1500,1121,100,5,0,0,4.761904716491699,0,0,0,0,0,4.761904716491699,0,0,61538.468200683594,127469.72766113281,192.3350830078125,100,0,335872,33210380288,8589930496,1916334080,0
200,1737286181538,2100,1630,1452,668,1045,1662,941,1116,1251,1379,720,873,100,5,0,0,4.761904716491699,0,0,0,0,0,4.761904716491699,0,0,61539.84948730469,127470.36163330078,192.3350830078125,50,0,335872,33210380288,8589930496,1916334080,0
200,1737286181738,2099,2056,1480,1431,1965,1916,1392,1385,1409,1410,1392,1479,100,5,0,0,4.761904716491699,0,0,0,0,0,4.761904716491699,0,0,61541.2509765625,127471.0103149414,192.3350830078125,100,0,335872,33210380288,8589930496,1916334080,0
200,1737286181939,2100,2027,1452,1468,2100,1984,1420,1445,1470,1476,1413,1499,100,5,0,0,4.761904716491699,0,0,0,0,0,4.761904716491699,0,0,61542.630859375,127471.64440917969,192.3350830078125,100.41841125488281,0,335872,33210380288,8589930496,1916334080,0
200,1737286182139,2100,1507,400,1451,2100,2100,1500,1500,1500,1499,400,400,100,5,0,0,4.761904716491699,0,0,0,0,0,4.761904716491699,0,0,61544.01330566406,127472.28143310547,192.3350830078125,100.41841125488281,0,335872,33210380288,8589930496,1916334080,0
200,1737286182339,2100,1960,1392,1431,1867,2100,1500,1499,1499,1488,1358,1421,100,5,0,0,4.761904716491699,0,0,0,0,0,4.761904716491699,0,0,61545.400146484375,127472.92138671875,192.3350830078125,99.58505249023438,0,335872,33210380288,8589930496,1916334080,0
200,1737286182539,2100,1945,1425,1499,2017,1962,1311,1325,1352,1369,1366,1412,100,5,0,0,4.761904716491699,0,0,0,0,0,4.761904716491699,0,0,61546.78430175781,127473.33142089844,192.3350830078125,105.4393310546875,0,335872,33210380288,8589930496,1916334080,0
200,1737286182739,2100,2100,1165,1112,1717,1650,1413,1318,1360,1365,1237,1097,100,5,0,0,4.761904716491699,0,0,0,0,0,4.761904716491699,0,0,61548.28723144531,127473.79846191406,192.3350830078125,100.41841125488281,0,335872,33210380288,8589930496,1916334080,0
200,1737286182940,2099,456,400,400,1047,1555,1407,1460,1455,1370,1154,400,100,5,0,0,4.761904716491699,0,0,0,0,0,4.761904716491699,0,0,61549.98907470703,127474.39349365234,192.3350830078125,100.41841125488281,0,335872,33210380288,8589930496,1916334080,0
200,1737286183140,2100,538,1463,1500,1779,1571,1500,1500,1499,1112,1385,1499,100,5,0,0,4.761904716491699,0,0,0,0,0,4.761904716491699,0,0,61551.63134765625,127474.9423828125,192.3350830078125,100.41841125488281,0,335872,33210380288,8589930496,1916334080,0
199,1737286183340,2100,1870,1499,1437,1821,2021,1500,1499,1500,1499,1409,1439,100,5,0,0,4.761904716491699,0,0,0,0,0,4.761904716491699,0,0,61553.22332763672,127475.47869873047,192.3350830078125,100.41841125488281,0,335872,33210380288,8589930496,1916334080,0
200,1737286183540,2100,2005,400,1061,1898,1621,1375,928,400,400,400,1131,100,5,0,0,4.761904716491699,0,0,0,0,0,4.761904716491699,0,0,61554.58740234375,127475.86169433594,192.3350830078125,100.41841125488281,0,335872,33210380288,8589930496,1916334080,0
200,1737286183740,2100,1961,1393,1466,2100,1966,1423,1401,1420,1386,1430,1458,100,5,0,0,0,0,0,0,0,0,0,0,0,61556.035095214844,127476.2894897461,192.3350830078125,100,0,335872,33210380288,8589930496,1916334080,0
200,1737286183940,2099,2012,1414,1412,1305,1899,1431,1347,1458,1442,1438,1397,100,0,0,0,0,0,0,4.761904716491699,0,4.761904716491699,0,0,0,61557.401306152344,127476.67767333984,192.3350830078125,100.41841125488281,0,335872,33210380288,8589930496,1916334080,0
200,1737286184141,2100,1650,1248,1305,1855,1483,1446,1433,1373,1428,1280,1365,100,0,0,0,0,0,0,0,0,0,0,0,0,61558.775817871094,127477.09991455078,192.3350830078125,100.41841125488281,0,335872,33210380288,8589930496,1916334080,0
200,1737286184341,2100,1912,1113,984,1813,400,1465,1466,1448,1341,1190,1119,100,0,0,0,0,0,0,0,0,0,0,0,0,61560.15490722656,127477.73333740234,192.3350830078125,100.41841125488281,0,335872,33210380288,8589930496,1916334080,0
200,1737286184541,2100,1667,1387,1265,1765,1801,1367,1218,1426,1365,1191,1367,100,0,0,0,4.761904716491699,0,0,0,0,0,0,0,0,61561.53479003906,127478.36651611328,192.3350830078125,100.41841125488281,0,335872,33210380288,8589930496,1916334080,0
200,1737286184741,2100,804,1030,1023,1439,1781,1356,1313,1379,400,1069,633,100,0,0,0,0,0,4.761904716491699,0,0,0,0,0,0,61562.92333984375,127479.00689697266,192.3350830078125,100,0,335872,33210380288,8589930496,1916334080,0
200,1737286184941,2099,1415,400,400,940,1554,1397,668,1051,1082,1432,400,100,0,0,0,0,4.761904716491699,0,0,0,0,0,0,0,61564.30163574219,127479.6376953125,192.3350830078125,100,0,335872,33210380288,8589930496,1916334080,0
200,1737286185141,2100,1792,1464,1436,1879,1893,1464,1499,1476,1474,1338,400,100,0,0,0,0,4.761904716491699,0,0,0,0,0,0,0,61565.679138183594,127480.26940917969,192.3350830078125,50.10437774658203,0,335872,33210380288,8589930496,1916334080,0
200,1737286185342,2099,2039,1469,1456,2100,1902,1423,1405,1459,1468,1420,1463,100,0,0,0,0,4.761904716491699,0,0,0,0,0,0,0,61567.07666015625,127480.91455078125,192.3350830078125,99.58505249023438,0,335872,33210380288,8589930496,1916334080,0
200,1737286185542,2100,499,400,822,1787,1583,400,1436,1426,1324,400,400,100,0,0,0,0,4.761904716491699,0,0,0,0,0,0,0,61568.46649169922,127481.5551147461,192.3350830078125,100.84033203125,0,335872,33210380288,8589930496,1916334080,0
200,1737286185742,2100,1797,1442,1314,1769,1789,400,1349,1260,1426,1428,1417,100,0,0,0,0,4.761904716491699,0,0,0,0,0,0,0,61569.83917236328,127482.18426513672,192.3350830078125,100.84033203125,0,335872,33210380288,8589930496,1916334080,0
200,1737286185942,2100,1533,1214,1405,1726,1868,1072,1031,1025,1033,400,1406,100,0,0,0,0,4.761904716491699,0,0,0,0,0,0,0,61571.21905517578,127482.81762695313,192.3350830078125,50.10437774658203,0,335872,33210380288,8589930496,1916334080,0
200,1737286186142,2100,2022,1365,1370,2100,2001,1500,1500,1500,1500,1473,1466,100,0,0,0,0,4.761904716491699,0,0,0,0,0,0,0,61572.60986328125,127483.45770263672,192.3350830078125,100.84033203125,0,335872,33210380288,8589930496,1916334080,0
200,1737286186343,2100,1970,1500,1473,1860,1961,1439,1440,1421,1446,1474,1500,100,0,0,0,0,4.761904716491699,0,0,0,0,0,0,0,61573.98583984375,127484.08917236328,192.3350830078125,100,0,335872,33210380288,8589930496,1916334080,0
200,1737286186543,2100,537,942,400,400,1475,1437,1219,1420,1355,1301,896,100,0,0,0,0,4.761904716491699,0,0,0,0,0,0,0,61575.38446044922,127484.73657226563,192.3350830078125,100,0,335872,33210380288,8589930496,1916334080,0
200,1737286186743,2099,2023,1295,1310,1791,1821,1320,1221,1319,1332,1358,1454,100,0,0,0,0,4.761904716491699,0,0,0,0,0,0,0,61576.770568847656,127485.37524414063,192.3350830078125,100,0,335872,33210380288,8589930496,1916334080,0
200,1737286186943,2099,1692,1358,1482,1699,1906,1296,1232,1389,1392,1176,1336,100,0.5128205418586731,0.49751242995262146,0.9950248599052429,0.5,0.5025125741958618,0.5,0.5,0.9950248599052429,0.5025125741958618,0.49751242995262146,0.5,0,61578.15008544922,127486.01135253906,192.3350830078125,100.41841125488281,0,335872,33210380288,8589930496,1916334080,0
200,1737286187143,2100,1768,1211,1319,1718,1364,1248,1165,400,1471,938,1149,100,0,0,0,0,0,0,0,0,0,0,0,0,61579.5283203125,127486.64501953125,192.3350830078125,100.41841125488281,0,335872,33210380288,8589930496,1916334080,0
200,1737286187343,2100,1826,1304,1430,1876,1904,1500,1499,1500,1500,1324,400,100,0,4.761904716491699,0,0,4.761904716491699,0,0,0,0,0,0,0,61580.91271972656,127487.28253173828,192.3350830078125,100.41841125488281,0,335872,33210380288,8589930496,1916334080,0
200,1737286187544,2100,1730,1423,1420,1899,2100,1374,1464,1469,1472,1419,1426,100,0,4.761904716491699,0,0,4.761904716491699,0,0,0,0,0,0,0,61582.295471191406,127487.91693115234,192.3350830078125,99.58505249023438,0,335872,33210380288,8589930496,1916334080,0
200,1737286187744,2099,1973,1467,1469,1908,1913,1416,1353,1470,1451,400,400,100,0,4.761904716491699,0,0,4.761904716491699,0,0,0,0,0,0,0,61583.679626464844,127488.55401611328,192.3350830078125,50.10437774658203,0,335872,33210380288,8589930496,1916334080,0
200,1737286187944,2100,1967,1462,400,2100,1997,1500,1264,1500,1473,400,1434,100,0,4.761904716491699,0,0,4.761904716491699,0,0,0,0,0,0,0,61585.06140136719,127488.97271728516,192.3350830078125,100.41841125488281,0,335872,33210380288,8589930496,1916334080,0
199,1737286188144,2100,1945,1385,1500,1799,1855,1472,1499,1444,1420,400,400,100,0,4.761904716491699,0,0,4.761904716491699,0,0,0,0,0,0,0,61586.56817626953,127489.44158935547,192.3350830078125,100.84033203125,0,335872,33210380288,8589930496,1916334080,0
200,1737286188344,2100,2010,1390,1392,2099,1976,1481,1476,1500,1481,400,1394,100,0,4.761904716491699,0,0,4.761904716491699,0,0,0,0,0,0,0,61588.24951171875,127490.0199584961,192.3350830078125,100.84033203125,0,335872,33210380288,8589930496,1916334080,0
200,1737286188544,2100,689,1332,1329,687,400,400,1467,400,1439,1257,1195,100,0,4.761904716491699,0,0,4.761904716491699,0,0,0,0,0,0,0,61589.90563964844,127490.57727050781,192.3350830078125,50.10437774658203,0,335872,33210380288,8589930496,1916334080,0
200,1737286188745,2100,2008,1316,1340,1969,2100,1397,1281,1355,1289,1278,1232,100,0,4.761904716491699,0,0,4.761904716491699,0,0,0,0,0,0,0,61591.50537109375,127491.12121582031,192.3350830078125,50.10437774658203,0,335872,33210380288,8589930496,1916334080,0
200,1737286188945,2100,1929,1450,1467,1722,1803,1459,1119,1431,1455,1435,1314,100,0.7299270033836365,0,0,0.7142857313156128,0,0.7142857313156128,0.7142857313156128,0.7142857313156128,0.7142857313156128,0,0.7142857313156128,0,61592.873596191406,127491.50494384766,192.3350830078125,100.41841125488281,0,335872,33210380288,8589930496,1916334080,0
200,1737286189145,2100,1861,1183,400,400,400,1428,1285,1323,1499,1111,1209,100,0.7299270033836365,0,0,0.7142857313156128,0,0.7142857313156128,0.7142857313156128,0.7142857313156128,0.7142857313156128,0,0.7142857313156128,0,61594.29309082031,127491.91650390625,192.3350830078125,50,0,335872,33210380288,8589930496,1916334080,0
200,1737286189345,2100,1954,1499,1416,1966,1848,1499,1499,1486,1472,1407,1471,100,0.7299270033836365,0,0,0.7142857313156128,0,0.7142857313156128,0.7142857313156128,0.7142857313156128,0.7142857313156128,0,0.7142857313156128,0,61595.66143798828,127492.30755615234,192.3350830078125,99.58505249023438,0,335872,33210380288,8589930496,1916334080,0
200,1737286189545,2100,1766,1224,1367,890,1799,1256,1401,1001,1411,682,1376,100,0.7299270033836365,0,0,0.7142857313156128,0,0.7142857313156128,0.7142857313156128,0.7142857313156128,0.7142857313156128,0,0.7142857313156128,0,61597.03057861328,127492.71435546875,192.3350830078125,99.58505249023438,0,335872,33210380288,8589930496,1916334080,0
200,1737286189745,2100,2047,1392,1454,2099,1897,1500,1434,1480,1499,1239,1448,100,0.7299270033836365,0,0,0.7142857313156128,0,0.7142857313156128,0.7142857313156128,0.7142857313156128,0.7142857313156128,0,0.7142857313156128,0,61598.408630371094,127493.34802246094,192.3350830078125,50.31446838378906,0,335872,33210380288,8589930496,1916334080,0
200,1737286189946,2100,2028,1408,1474,1918,1947,1412,1499,1475,1475,1434,1478,100,0.7299270033836365,0,0,0.7142857313156128,0,0.7142857313156128,0.7142857313156128,0.7142857313156128,0.7142857313156128,0,0.7142857313156128,0,61599.79333496094,127493.98712158203,192.3350830078125,100,0,335872,33210380288,8589930496,1916334080,0
200,1737286190146,2099,2033,1248,1208,1812,1080,1396,1383,1461,1385,1202,1240,100,0.7299270033836365,0,0,0.7142857313156128,0,0.7142857313156128,0.7142857313156128,0.7142857313156128,0.7142857313156128,0,0.7142857313156128,0,61601.173889160156,127494.61944580078,192.3350830078125,100.41841125488281,0,335872,33210380288,8589930496,1916334080,0
200,1737286190346,2100,1862,1499,1500,1941,1832,1413,1353,1375,1431,400,400,100,0.7299270033836365,0,0,0.7142857313156128,0,0.7142857313156128,0.7142857313156128,0.7142857313156128,0.7142857313156128,0,0.7142857313156128,0,61602.55352783203,127495.25378417969,192.3350830078125,100,0,335872,33210380288,8589930496,1916334080,0
200,1737286190546,2100,1387,1120,1043,1085,1412,1222,1414,1327,1400,400,400,100,0.7299270033836365,0,0,0.7142857313156128,0,0.7142857313156128,0.7142857313156128,0.7142857313156128,0.7142857313156128,0,0.7142857313156128,0,61603.96697998047,127495.90710449219,192.335693359375,99.58505249023438,0,335872,33210380288,8589930496,1916334080,0
200,1737286190746,2100,1669,1022,1321,1184,400,400,400,400,400,400,400,100,1.0204081535339355,0.9950248599052429,0.9950248599052429,0.5025125741958618,0.5,0.5025125741958618,0.5,0.5,0.5,0.5,0.5,0,61605.35656738281,127496.54425048828,192.335693359375,99.58505249023438,0,335872,33210380288,8589930496,1916334080,0
200,1737286190946,2100,2027,1468,1425,1915,2100,1416,1412,1454,1428,1459,1472,100,0,0,0,4.761904716491699,0,4.761904716491699,4.761904716491699,0,0,0,0,0,61606.74792480469,127497.1791381836,192.335693359375,100.41841125488281,0,335872,33210380288,8589930496,1916334080,0
200,1737286191147,2100,2028,1418,1392,1955,1981,1440,1477,1480,1500,1410,1406,100,0,0,0,0,0,0,0,0,0,0,0,0,61608.143493652344,127497.81903076172,192.335693359375,100.41841125488281,0,335872,33210380288,8589930496,1916334080,0
200,1737286191347,2099,1821,400,400,1836,400,1214,1406,1417,1253,400,400,100,5,0,0,0,0,0,0,0,0,0,0,0,61609.53112792969,127498.45623779297,192.335693359375,100.41841125488281,0,335872,33210380288,8589930496,1916334080,0
200,1737286191547,2100,504,1309,1447,1830,400,1309,1428,1463,400,1231,1395,100,0,0,0,0,5,0,0,4.761904716491699,5,0,0,0,61610.92578125,127499.09985351563,192.335693359375,100.41841125488281,0,335872,33210380288,8589930496,1916334080,0
200,1737286191747,2099,1663,1499,1252,1891,1882,1270,1151,1185,1288,1389,1499,100,0,0,0,0,5,0,0,4.761904716491699,5,0,0,0,61612.319274902344,127499.7387084961,192.335693359375,99.58505249023438,0,335872,33210380288,8589930496,1916334080,0
200,1737286191947,2099,1979,1439,1401,1910,2100,400,1459,1474,1475,1318,1434,100,0,0,0,0,4.761904716491699,0,0,0,0,0,0,0,61613.717834472656,127500.37817382813,192.335693359375,100.41841125488281,0,335872,33210380288,8589930496,1916334080,0
200,1737286192147,2100,1961,1446,1499,1666,1844,1400,1426,1421,1414,400,1466,100,0,0,0,0,4.761904716491699,0,0,0,0,0,0,0,61615.10791015625,127501.01452636719,192.335693359375,100,0,335872,33210380288,8589930496,1916334080,0
200,1737286192348,2100,1944,1433,1457,2100,1984,1422,1470,1418,1467,1380,1434,100,0,0,0,0,0,0,0,0,0,0,0,0,61616.491638183594,127501.64599609375,192.335693359375,100,0,335872,33210380288,8589930496,1916334080,0
200,1737286192548,2099,2053,1474,1460,1952,1909,1461,1463,1321,1432,400,1462,100,0,0,0,0,0,0,0,0,0,0,0,0,61617.878845214844,127502.28546142578,192.335693359375,50.209205627441406,0,335872,33210380288,8589930496,1916334080,0
200,1737286192748,2100,1800,1385,1317,1735,1722,1293,1223,1343,1435,1410,1375,100,0,0,0,0,0,0,0,0,0,0,0,0,61619.26336669922,127502.91784667969,192.335693359375,100.41841125488281,0,335872,33210380288,8589930496,1916334080,0
200,1737286192948,2099,949,1036,1050,958,1434,1362,1273,1361,400,899,1029,100,0,0,0,0,0,0,0,0,0,0,0,0,61620.66540527344,127503.56329345703,192.335693359375,100,0,335872,33210380288,8589930496,1916334080,0
200,1737286193148,2100,1641,644,1281,956,1697,881,1331,925,930,687,544,100,0,0,0,0,0,0,0,0,0,0,0,0,61622.064208984375,127504.20263671875,192.335693359375,100,0,335872,33210380288,8589930496,1916334080,0
200,1737286193348,2100,1970,1257,1411,1809,2100,1489,1497,1409,1499,1367,1343,100,0,0,0,0,0,0,0,0,0,0,0,0,61623.442626953125,127504.626953125,192.335693359375,99.58505249023438,0,335872,33210380288,8589930496,1916334080,0
200,1737286193548,2100,2100,1448,1441,1952,2002,1421,1421,1463,1472,1371,1335,100,0,0,0,0,0,0,0,0,0,0,0,0,61624.9365234375,127505.08483886719,192.335693359375,99.58505249023438,0,335872,33210380288,8589930496,1916334080,0
200,1737286193749,2100,1215,975,1417,400,1931,1326,1024,1123,989,1209,1353,100,0,0,0,0,0,0,0,0,0,0,0,0,61626.630126953125,127505.6596069336,192.335693359375,50.10437774658203,0,335872,33210380288,8589930496,1916334080,0
200,1737286193949,2099,2071,1484,1427,2100,2099,400,1500,1500,1500,1374,1474,100,0,0,0,0,0,0,0,0,0,0,0,0,61628.300720214844,127506.22930908203,192.335693359375,100.41841125488281,0,335872,33210380288,8589930496,1916334080,0
200,1737286194149,2099,1905,1473,1500,1900,1832,1478,1500,1484,1479,1471,1478,100,0,0,0,0,0,0,0,0,0,0,0,0,61629.928955078125,127506.78216552734,192.335693359375,100,0,335872,33210380288,8589930496,1916334080,0
200,1737286194349,2100,2100,1461,400,2100,1954,1435,1434,1476,1499,400,1500,100,0.4672897160053253,0.9049774408340454,0.9090908765792847,0.9049774408340454,0.456620991230011,0.456620991230011,0.45454543828964233,0.456620991230011,0.45454543828964233,0.45454543828964233,0.45454543828964233,0,61631.30139160156,127507.17102050781,192.335693359375,100,0,335872,33210380288,8589930496,1916334080,0
200,1737286194549,2100,2100,1334,1402,2092,1808,1360,1350,1353,1292,1408,1289,100,0,0,0,0,0,4.761904716491699,0,0,4.761904716491699,4.761904716491699,0,0,61632.71026611328,127507.57843017578,192.335693359375,101.26582336425781,0,335872,33210380288,8589930496,1916334080,0
200,1737286194749,2100,1955,1323,1378,1829,1814,1268,1149,1240,1218,1319,1314,100,0,0,0,0,0,0,4.761904716491699,0,0,0,0,0,61634.117614746094,127507.98504638672,192.335693359375,100,0,335872,33210380288,8589930496,1916334080,0
200,1737286194950,2100,2049,400,737,400,2099,1460,1444,1430,400,400,400,100,5,0,0,0,0,0,0,0,0,0,0,0,61635.4853515625,127508.3764038086,192.335693359375,100,0,335872,33210380288,8589930496,1916334080,0
200,1737286195150,2099,2025,1435,1386,1866,1775,1469,1390,1467,1446,1370,1322,100,5,0,0,0,0,0,0,0,0,0,0,0,61636.87579345703,127509.01190185547,192.335693359375,100.84033203125,0,335872,33210380288,8589930496,1916334080,0
200,1737286195350,2100,1908,1383,1417,1709,1664,1416,1426,1337,1499,400,1285,100,5,0,0,0,0,0,0,0,0,0,0,0,61638.274841308594,127509.65209960938,192.335693359375,50.10437774658203,0,335872,33210380288,8589930496,1916334080,0
200,1737286195550,2100,1678,400,400,700,974,863,1242,978,1385,1332,400,100,5,0,0,0,0,0,0,0,0,0,0,0,61639.66033935547,127510.2857055664,192.335693359375,100,0,335872,33210380288,8589930496,1916334080,0
200,1737286195750,2100,2024,1481,1500,1967,2070,400,1352,1470,1432,1429,400,100,5,0,0,0,0,0,0,0,0,0,0,0,61641.05187988281,127510.9175415039,192.335693359375,100.41841125488281,0,335872,33210380288,8589930496,1916334080,0
200,1737286195951,2100,2029,1425,1434,1922,1978,1369,1500,1499,1465,400,400,100,5,0,0,0,0,0,0,0,0,0,0,0,61642.449279785156,127511.55926513672,192.335693359375,100,0,335872,33210380288,8589930496,1916334080,0
200,1737286196151,2100,2100,1324,1373,2100,2100,1469,1500,1500,1500,1209,1382,100,5,0,0,0,0,0,0,0,0,0,0,0,61643.836853027344,127512.19372558594,192.335693359375,100,0,335872,33210380288,8589930496,1916334080,0
200,1737286196351,2099,1854,1422,1428,1903,1911,1434,1448,1411,1320,1417,1324,100,5,0,0,0,0,0,0,0,0,0,0,0,61645.230895996094,127512.83154296875,192.335693359375,100,0,335872,33210380288,8589930496,1916334080,0
200,1737286196551,2100,1705,1283,1249,1622,1845,989,1103,1023,1061,1204,1274,100,5,0,0,0,0,0,0,0,0,0,0,0,61646.62109375,127513.4672241211,192.335693359375,50.209205627441406,0,335872,33210380288,8589930496,1916334080,0
200,1737286196751,2100,2100,1441,1499,2074,1901,1499,570,1467,1499,400,400,100,5,0,0,0,0,0,0,0,0,0,0,0,61648.011779785156,127514.1040649414,192.335693359375,100.84033203125,0,335872,33210380288,8589930496,1916334080,0
200,1737286196951,2100,2052,1424,1475,1837,1992,400,1459,1460,1408,400,1487,100,5,0,0,0,0,0,0,0,0,0,0,0,61649.39794921875,127514.73583984375,192.335693359375,99.58505249023438,0,335872,33210380288,8589930496,1916334080,0
200,1737286197152,2099,2100,400,1441,1899,1875,1471,1497,1499,1444,1435,1277,100,5,0,0,0,0,0,0,0,0,0,0,0,61650.7880859375,127515.37097167969,192.335693359375,100.84033203125,0,335872,33210380288,8589930496,1916334080,0
200,1737286197352,2100,2047,1450,1463,1910,1846,1422,1448,1387,1457,1364,1449,100,5,0,0,0,0,0,0,0,0,0,0,0,61652.1865234375,127516.01708984375,192.335693359375,104.99999237060547,0,335872,33210380288,8589930496,1916334080,0
200,1737286197552,2100,1918,1457,1440,1829,1833,1378,1387,1384,1365,1326,1448,100,5,0,0,0,0,0,0,0,0,0,0,0,61653.57470703125,127516.65130615234,192.335693359375,100.41841125488281,0,335872,33210380288,8589930496,1916334080,0
200,1737286197752,2100,1326,1226,1287,1841,1612,1177,1097,1222,1178,1117,1499,100,5,0,0,0,0,0,0,0,0,0,0,0,61654.96276855469,127517.28594970703,192.335693359375,100.41841125488281,0,335872,33210380288,8589930496,1916334080,0
200,1737286197952,2100,1983,1500,1500,2100,1990,1500,1500,1500,1500,1499,1499,100,5,0,0,0,0,0,0,0,0,0,0,0,61656.3544921875,127517.9232788086,192.335693359375,100,0,335872,33210380288,8589930496,1916334080,0
200,1737286198152,2100,2035,1406,1429,1931,1989,1435,1467,1499,1472,400,1396,100,5,0,0,0,0,0,0,0,0,0,0,0,61657.758361816406,127518.55639648438,192.335693359375,100,0,335872,33210380288,8589930496,1916334080,0
200,1737286198353,2099,2058,1464,1402,1898,1858,1413,1470,1435,1469,1354,1499,100,5,0,0,0,0,0,0,0,0,0,0,0,61659.142333984375,127519.20184326172,192.335693359375,100.41841125488281,0,335872,33210380288,8589930496,1916334080,0
200,1737286198553,2100,1843,1352,1367,1915,1952,1387,1463,1450,1435,1364,1448,100,5,0,0,0,0,0,0,0,0,0,0,0,61660.52697753906,127519.83807373047,192.335693359375,100.41841125488281,0,335872,33210380288,8589930496,1916334080,0
200,1737286198753,2100,1752,1320,1394,2100,1827,1438,1500,1450,1418,1324,1307,100,5,0,0,0,0,0,0,0,0,0,0,0,61661.892578125,127520.27362060547,192.335693359375,100.41841125488281,0,335872,33210380288,8589930496,1916334080,0
200,1737286198953,2100,1963,1499,1500,1968,1794,1476,1444,1482,1455,1499,1423,100,5,0,0,0,0,0,0,0,0,0,0,0,61663.371520996094,127520.72149658203,192.335693359375,100.41841125488281,0,335872,33210380288,8589930496,1916334080,0
200,1737286199153,2100,2004,1074,1376,1731,2004,1357,1328,1441,1465,1300,1309,100,0,0,0,0,0,0,0,0,0,4.761904716491699,0,0,61665.05773925781,127521.29083251953,192.335693359375,100,0,335872,33210380288,8589930496,1916334080,0
200,1737286199353,2100,2046,1303,1261,1854,1981,1417,1347,1460,1433,1235,1296,100,0,0,0,0,0,0,4.761904716491699,0,0,0,0,0,61666.72576904297,127521.86328125,192.335693359375,99.58505249023438,0,335872,33210380288,8589930496,1916317696,0
200,1737286199554,2099,2024,1476,400,1858,868,1500,1348,1333,1500,1499,1500,100,0,0,0,0,0,0,0,4.761904716491699,0,0,4.761904716491699,0,61668.37951660156,127522.43280029297,192.335693359375,100.84033203125,0,335872,33210380288,8589930496,1916317696,0
200,1737286199754,2100,1872,1474,1427,2100,2026,1500,1405,1499,1499,893,1500,100,0,0,4.761904716491699,0,0,0,0,0,4.761904716491699,0,0,0,61669.74743652344,127522.8179321289,192.335693359375,100.41841125488281,0,335872,33210380288,8589930496,1916317696,0
200,1737286199954,2100,2100,1428,1439,1963,1929,1500,1500,1479,1500,1439,1327,100,0,0,0,0,0,0,0,4.761904716491699,0,0,0,0,61671.159729003906,127523.22705078125,192.335693359375,100,0,335872,33210380288,8589930496,1916317696,0
199,1737286200154,2100,2100,1370,1473,2099,1885,1472,1500,1461,1500,400,1500,100,0,0,0,0,0,4.761904716491699,0,0,0,0,0,0,61672.56579589844,127523.63513183594,192.335693359375,100.41841125488281,0,335872,33210380288,8589930496,1916317696,0
200,1737286200354,2100,2100,1474,1483,2100,1971,1409,1454,1362,1438,1209,1419,100,0,0,0,0,0,4.761904716491699,0,0,0,0,0,0,61673.9296875,127524.01684570313,192.335693359375,100,0,335872,33210380288,8589930496,1916317696,0
200,1737286200554,2100,2099,1386,1474,1984,1923,1403,1464,1499,1447,400,400,100,0,0,0,0,0,0,0,0,0,0,0,0,61675.362060546875,127524.67095947266,192.335693359375,100.84033203125,0,335872,33210380288,8589930496,1915412480,0
199,1737286200755,2099,1945,1424,1341,1538,1963,1460,1323,1464,1389,400,1445,100,5,0,0,0,0,0,0,0,0,0,0,0,61676.75848388672,127525.30981445313,192.335693359375,100.41841125488281,0,335872,33210380288,8589930496,1915412480,0
200,1737286200955,2100,2046,400,400,641,1533,400,1416,1333,1394,400,400,100,0,0,0,4.761904716491699,0,0,0,0,0,0,0,0,61678.14904785156,127525.94787597656,192.335693359375,100.41841125488281,0,335872,33210380288,8589930496,1915412480,0
200,1737286201155,2100,1804,1440,1435,1734,1883,1277,1332,1280,1416,1405,1353,100,0,0,0,4.761904716491699,0,0,0,0,0,0,0,0,61679.55920410156,127526.5972290039,192.335693359375,100,0,335872,33210380288,8589930496,1915412480,0
200,1737286201355,2100,1765,1286,1397,1140,1850,1280,1176,400,1498,1287,1022,100,0,0,0,4.761904716491699,0,0,0,0,0,0,0,0,61680.94812011719,127527.23150634766,192.335693359375,50.10437774658203,0,335872,33210380288,8589930496,1915154432,0
199,1737286201555,2100,2024,400,1450,2100,400,1316,400,400,1476,1473,1443,100,0,0,0,4.761904716491699,0,0,0,0,0,0,0,0,61682.33740234375,127527.86431884766,192.335693359375,100.41841125488281,0,335872,33210380288,8589930496,1915154432,0
200,1737286201755,2100,2100,1453,1374,2100,1959,400,1411,1408,1404,1411,400,100,0,0,0,4.761904716491699,0,0,0,0,0,0,0,0,61683.746337890625,127528.5072631836,192.335693359375,100.84033203125,0,335872,33210380288,8589930496,1915154432,0
200,1737286201956,2099,2051,1430,1426,1922,1948,1500,1456,1452,1499,1302,1425,100,0,0,0,4.761904716491699,0,0,0,0,0,0,0,0,61685.12823486328,127529.13781738281,192.335693359375,99.58505249023438,0,335872,33210380288,8589930496,1915154432,0
200,1737286202156,2100,1904,1438,1432,1946,1950,1329,1436,1463,1464,1385,1428,100,0,0,0,4.761904716491699,0,0,0,0,0,0,0,0,61686.519775390625,127529.77575683594,192.335693359375,101.26582336425781,0,335872,33210380288,8589930496,1915154432,0
200,1737286202356,2100,2100,1407,1464,2100,2100,1469,1487,400,1470,1291,1454,100,0,0,0,4.761904716491699,0,0,0,0,0,0,0,0,61687.92297363281,127530.42022705078,192.335693359375,100,0,335872,33210380288,8589930496,1915146240,0
200,1737286202556,2100,1497,1275,1274,1825,1767,400,1339,1365,1417,1135,1369,100,0,0,0,4.761904716491699,0,0,0,0,0,0,0,0,61689.322265625,127531.04895019531,192.335693359375,100,0,335872,33210380288,8589930496,1915146240,0
200,1737286202756,2100,513,400,1388,1335,1403,1401,1000,400,1409,400,1398,100,0,1.2422360181808472,0.625,0.625,1.2422360181808472,0,1.2422360181808472,0.625,0.625,0.625,0.625,0,61690.70770263672,127531.69458007813,192.335693359375,100,0,335872,33210380288,8589930496,1915146240,0
200,1737286202956,2100,2029,1456,1485,1946,1983,1437,1445,1461,1460,1246,1469,100,5,0,0,0,0,0,0,0,0,0,0,0,61692.1005859375,127532.33374023438,192.33636474609375,100,0,335872,33210380288,8589930496,1915146240,0
200,1737286203157,2100,1904,400,1453,1930,1951,1471,1437,1442,1470,400,1465,100,0,0,0,0,0,0,0,4.761904716491699,0,0,0,0,61693.48278808594,127532.9691772461,192.33636474609375,100.84033203125,0,335872,33210380288,8589930496,1915146240,0
200,1737286203357,2100,1814,1429,1445,1839,1917,1407,1393,1443,1410,400,1360,100,0,4.761904716491699,0,0,0,0,0,0,0,0,4.761904716491699,0,61694.86444091797,127533.603515625,192.33636474609375,99.58505249023438,0,335872,33210380288,8589930496,1915146240,0
200,1737286203557,2100,1729,1414,1375,1892,1883,1401,1257,1437,1331,1211,1415,100,0,0,0,0,0,0,0,0,4.761904716491699,0,0,0,61696.23809814453,127534.23522949219,192.33636474609375,100.84033203125,0,335872,33210380288,8589930496,1915146240,0
200,1737286203757,2100,1389,1198,1075,1819,1798,1384,1098,1192,1167,1031,1286,100,0,0,0,0,4.761904716491699,9.090909004211426,0,0,0,0,0,0,61697.63946533203,127534.86981201172,192.33636474609375,100,0,335872,33210380288,8589930496,1915146240,0
200,1737286203957,2100,2058,1491,1460,1918,2100,1444,1479,1476,1464,1443,400,100,5,0,0,0,0,0,0,0,0,0,0,0,61699.021484375,127535.51861572266,192.33636474609375,100,0,335872,33210380288,8589930496,1915146240,0
200,1737286204158,2100,563,1499,1479,400,1790,1443,1499,1314,1500,1499,1499,100,0,0,0,0,0,0,0,0,0,0,0,0,61700.40478515625,127535.97534179688,192.33636474609375,100,0,335872,33210380288,8589930496,1915146240,0
200,1737286204358,2099,1890,1477,1478,2100,2100,1499,1390,1499,1472,400,1499,100,0,0,0,0,0,0,0,0,0,0,0,0,61701.86456298828,127536.41522216797,192.33636474609375,100.41841125488281,0,335872,33210380288,8589930496,1915146240,0
200,1737286204558,2100,2100,1459,1466,1914,2100,1392,1418,1400,1370,1358,1451,100,0,0,0,0,0,0,0,0,0,0,0,0,61703.527282714844,127536.98046875,192.33636474609375,99.58505249023438,0,335872,33210380288,8589930496,1915146240,0
200,1737286204758,2100,1983,1374,1336,1984,1954,1376,1479,1474,1422,400,1499,100,0,0,4.761904716491699,4.761904716491699,0,0,0,0,0,0,4.761904716491699,0,61705.176025390625,127537.54272460938,192.33636474609375,100.41841125488281,0,335872,33210380288,8589930496,1915146240,0
200,1737286204958,2100,514,1409,1461,1702,1900,1261,400,1295,1234,1442,1472,100,0,0,0,0,0,0,0,0,0,0,0,0,61706.83947753906,127538.11999511719,192.33636474609375,100.41841125488281,0,335872,33210380288,8589930496,1915146240,0
200,1737286205159,2100,2053,1377,1450,2100,1862,1396,1376,1457,1404,1475,1438,100,0,0,0,0,0,0,0,0,0,0,0,0,61708.19512939453,127538.49914550781,192.33636474609375,100.41841125488281,0,335872,33210380288,8589930496,1915146240,0
200,1737286205359,2100,521,400,400,400,1269,1434,1417,1463,1392,780,929,100,0,0,0,0,0,0,0,0,0,0,0,0,61709.61511230469,127538.9058227539,192.33636474609375,50.209205627441406,0,335872,33210380288,8589930496,1915146240,0
200,1737286205559,2100,1886,1396,1475,1723,1881,1499,1499,1499,1499,400,1411,100,0,0,0,0,0,0,0,0,0,0,0,0,61711.01770019531,127539.31311035156,192.33636474609375,100,0,335872,33210380288,8589930496,1915146240,0
200,1737286205759,2100,1896,1482,1470,1970,1982,1393,1461,1417,1371,1500,1473,100,0,0,0,0,0,0,0,0,0,0,0,0,61712.378662109375,127539.69403076172,192.33636474609375,100,0,335872,33210380288,8589930496,1915146240,0
200,1737286205959,2100,2099,1500,1500,2100,2022,1469,1436,1464,1499,1499,1499,100,0,0,0,0,0,0,0,0,0,0,0,0,61713.76989746094,127540.31518554688,192.33636474609375,100,0,335872,33210380288,8589930496,1915146240,0
200,1737286206159,2100,1927,1444,400,2005,1935,1452,1500,400,1467,400,1456,100,0,0,0,0,0,0,0,0,0,0,0,0,61715.15460205078,127540.95141601563,192.33636474609375,100,0,335872,33210380288,8589930496,1915146240,0
200,1737286206360,2100,2100,1406,1417,1966,1974,1387,1386,1473,1389,1393,1412,100,0,0,0,0,0,0,0,0,0,0,0,0,61716.538635253906,127541.58825683594,192.33636474609375,50.209205627441406,0,335872,33210380288,8589930496,1915146240,0
199,1737286206560,2099,1873,1444,1449,1888,1887,1457,1453,1466,1419,1168,1445,100,0,0,0,0,0,0,0,0,0,0,0,0,61717.91961669922,127542.22204589844,192.33636474609375,100.84033203125,0,335872,33210380288,8589930496,1915146240,0
200,1737286206760,2100,2043,1413,1313,1536,1861,1264,1235,1298,1262,1444,400,100,0.5681818127632141,0,0.5555555820465088,0.5555555820465088,0.5555555820465088,0,0.5555555820465088,0.5586591958999634,1.1049723625183105,0.5555555820465088,0,0,61719.308654785156,127542.86260986328,192.33636474609375,100.84033203125,0,335872,33210380288,8589930496,1915146240,0
200,1737286206960,2099,1622,1466,1499,1447,1517,1402,1418,1394,1421,400,1450,100,0,4.761904716491699,0,0,0,0,0,4.761904716491699,0,0,0,0,61720.696044921875,127543.49877929688,192.33636474609375,100.41841125488281,0,335872,33210380288,8589930496,1915146240,0
200,1737286207160,2099,2100,400,400,2059,2057,1500,1499,1499,1500,1458,1443,100,0,0,0,4.761904716491699,0,0,0,0,0,0,0,0,61722.0947265625,127544.14544677734,192.33636474609375,99.58505249023438,0,335872,33210380288,8589930496,1915146240,0
200,1737286207360,2100,2050,1428,1484,2100,2006,1458,1419,1421,1471,1460,1475,100,0,0,0,4.761904716491699,0,0,0,0,0,0,0,0,61723.464111328125,127544.77032470703,192.33636474609375,100.84033203125,0,335872,33210380288,8589930496,1915146240,0
200,1737286207561,2099,2100,1378,1427,1981,1936,1450,1408,1420,1460,1394,1379,100,0,0,0,0,0,0,0,0,0,0,0,0,61724.86492919922,127545.41809082031,192.33636474609375,100.41841125488281,0,335872,33210380288,8589930496,1915146240,0
199,1737286207761,2100,914,400,400,1533,1213,1420,400,1432,1447,1456,1000,100,0,0,0,0,0,4.761904716491699,0,0,0,0,0,0,61726.24151611328,127546.04278564453,192.33636474609375,100,0,335872,33210380288,8589930496,1915146240,0
200,1737286207961,2100,2046,1447,1482,1861,1809,1412,1440,1424,1370,1340,1422,100,0,0,0,0,0,4.761904716491699,0,0,0,0,0,0,61727.61248779297,127546.66778564453,192.33636474609375,100.84033203125,0,335872,33210380288,8589930496,1915146240,0
200,1737286208161,2099,2026,1425,1469,1934,1835,1425,1433,1233,1370,400,1455,100,0,0,0,0,0,4.761904716491699,0,0,0,0,0,0,61728.99719238281,127547.30249023438,192.33636474609375,50.10437774658203,0,335872,33210380288,8589930496,1915146240,0
200,1737286208361,2100,2100,1465,400,2100,2100,1452,1500,1473,1499,400,1468,100,0,0,0,0,0,4.761904716491699,0,0,0,0,0,0,61730.37390136719,127547.70574951172,192.33636474609375,100.84033203125,0,335872,33210380288,8589930496,1915146240,0
199,1737286208561,2100,1936,1333,1482,1375,809,1422,1500,1283,1436,1038,1414,100,0,0,0,0,0,4.761904716491699,0,0,0,0,0,0,61731.889404296875,127548.18133544922,192.33636474609375,99.58505249023438,0,335872,33210380288,8589930496,1915146240,0
200,1737286208761,2100,1669,1134,1184,400,822,1468,1500,1355,1394,815,1258,100,0,0,0,0,0,4.761904716491699,0,0,0,0,0,0,61733.593505859375,127548.77227783203,192.33636474609375,100.41841125488281,0,335872,33210380288,8589930496,1915146240,0
200,1737286208962,2100,2043,1429,1415,1969,2100,1500,1476,1436,1500,1415,1442,100,0,0,0,0,0,4.761904716491699,0,0,0,0,0,0,61735.24011230469,127549.32257080078,192.33636474609375,100,0,335872,33210380288,8589930496,1915146240,0
200,1737286209162,2100,2100,1414,1295,1940,1824,1404,1452,1457,1385,1399,1446,100,0,0,0,0,0,4.761904716491699,0,0,0,0,0,0,61736.817810058594,127549.84869384766,192.33636474609375,100,0,335872,33210380288,8589930496,1915146240,0
200,1737286209362,2100,1866,1229,1306,1871,1544,1322,1280,1413,1322,1312,1316,100,0,0,0,0,0,4.761904716491699,0,0,0,0,0,0,61738.18768310547,127550.23614501953,192.33636474609375,50.209205627441406,0,335872,33210380288,8589930496,1915146240,0
199,1737286209562,2100,1962,1385,1499,1808,2099,1482,1481,1499,1477,400,1373,100,0,0,0,0,0,4.761904716491699,0,0,0,0,0,0,61739.636474609375,127550.66278076172,192.33636474609375,100,0,335872,33210380288,8589930496,1915146240,0
200,1737286209762,2100,1995,1432,1418,2100,1939,1392,1337,1371,400,1472,1475,100,1.0204081535339355,0.5,0,0.5025125741958618,0.9950248599052429,0,0.5025125741958618,0,0.9950248599052429,0.9950248599052429,0.9950248599052429,0,61740.99432373047,127551.04565429688,192.33636474609375,100,0,335872,33210380288,8589930496,1915146240,0
200,1737286209962,2100,1989,1479,1471,1895,1877,1276,1255,1384,1363,1430,1468,100,0,0,0,0,0,0,0,4.761904716491699,0,0,0,0,61742.368591308594,127551.4677734375,192.33636474609375,100,0,335872,33210380288,8589930496,1915146240,0
200,1737286210163,2100,2041,400,1424,1989,2100,1406,1448,1471,1443,400,400,100,0,0,0,0,0,0,0,4.761904716491699,0,0,0,0,61743.742736816406,127552.09350585938,192.33636474609375,100.41841125488281,0,335872,33210380288,8589930496,1915146240,0
199,1737286210363,2099,1835,1367,1456,1954,1891,1336,1318,1304,1328,400,1381,100,0,0,0,0,0,0,0,4.761904716491699,0,0,0,0,61745.14221191406,127552.73638916016,192.33636474609375,50.209205627441406,0,335872,33210380288,8589930496,1915146240,0
199,1737286210563,2100,2020,1461,1461,1956,1658,1336,1339,1336,1292,1394,1471,100,0,0,1.6393442153930664,0,0,0,1.6393442153930664,0,0,0,0,0,61746.507568359375,127553.35607910156,192.33636474609375,50.209205627441406,0,335872,33210380288,8589930496,1915146240,0
200,1737286210763,2100,2048,1304,1250,1790,1854,1260,1233,1316,1310,400,1280,100,0,0,1.6393442153930664,0,0,0,1.6393442153930664,0,0,0,0,0,61747.90441894531,127553.99725341797,192.33636474609375,100.41841125488281,0,335872,33210380288,8589930496,1915146240,0
199,1737286210963,2100,1820,1429,1328,1592,1589,1221,1210,1188,1230,1381,1403,100,0,0,0,5,0,0,0,4.761904716491699,0,0,0,0,61749.279541015625,127554.62561035156,192.33636474609375,100,0,335872,33210380288,8589930496,1915146240,0
200,1737286211163,2099,1925,1420,1411,2100,2100,1477,1500,1471,1456,1500,1499,100,0,0,0,0,0,0,0,0,0,0,0,0,61750.64031982422,127555.14813232422,192.33636474609375,105.4393310546875,0,335872,33210380288,8589930496,1915146240,0
200,1737286211363,2099,1563,1453,1499,1500,1928,1442,1373,1373,1394,1473,1470,100,0,4.761904716491699,0,4.761904716491699,0,4.761904716491699,0,0,0,0,0,0,61752.07507324219,127555.5697631836,192.33636474609375,99.58505249023438,0,335872,33210380288,8589930496,1915146240,0
199,1737286211564,2100,1994,1280,1346,1619,1920,1425,1428,1469,1446,1432,1195,100,5,4.761904716491699,0,0,4.761904716491699,0,4.761904716491699,0,0,0,0,0,61753.683654785156,127556.10083007813,192.33636474609375,100.41841125488281,0,335872,33210380288,8589930496,1915146240,0
200,1737286211764,2100,1262,769,1104,400,400,993,1303,1419,1379,1405,988,100,0,0,0,0,0,0,0,0,0,0,0,0,61755.34655761719,127556.67724609375,192.33636474609375,100.41841125488281,0,335872,33210380288,8589930496,1915146240,0
162,1737286212001,2100,2046,1500,1499,1867,1978,1308,1388,1392,1445,1480,1402,100,0,0,0,0,0,0,0,0,0,0,0,0,61757.389587402344,127557.38513183594,192.33636474609375,115.48117065429688,0,335872,33210380288,8589930496,1915146240,0
200,1737286212164,2100,2021,400,400,400,400,1174,1178,1314,1295,400,400,100,0,0,0,0,0,0,0,0,0,0,0,0,61758.4619140625,127557.69171142578,192.33636474609375,67.60563659667969,0,335872,33210380288,8589930496,1915146240,0
200,1737286212364,2100,1656,1332,1436,1980,1924,1416,1471,1500,1499,1435,1319,100,0,0,0,0,0,0,0,0,0,0,0,0,61759.84130859375,127558.08477783203,192.33636474609375,58.06451416015625,0,335872,33210380288,8589930496,1915146240,0
200,1737286212564,2100,1994,1500,1468,1962,2032,1500,1426,1500,1439,1499,1481,100,0,0,0,0,1.7543859481811523,0,0,0,0,0,1.7543859481811523,0,61761.32141113281,127558.52807617188,192.33636474609375,52.53456115722656,0,335872,33210380288,8589930496,1915146240,0
200,1737286212764,2100,2020,1444,1438,1932,2100,1433,1319,1428,1396,1435,1431,100,0,0,0,0,1.7543859481811523,0,0,0,0,0,1.7543859481811523,0,61762.631896972656,127558.88720703125,192.33636474609375,100.41841125488281,0,335872,33210380288,8589930496,1915146240,0
200,1737286212965,2100,2020,873,1430,1604,1976,744,1016,1114,400,400,1408,100,0,0,0,0,1.7543859481811523,0,0,0,0,0,1.7543859481811523,0,61764.016540527344,127559.4164428711,192.3370361328125,52.71966552734375,0,335872,33210380288,8589930496,1915146240,0
199,1737286213165,2099,1836,1431,1435,1947,1642,1328,1339,1336,1351,1391,1382,100,0,0,0,0,1.7543859481811523,0,0,0,0,0,1.7543859481811523,0,61765.39678955078,127560.04229736328,192.3370361328125,50.209205627441406,0,335872,33210380288,8589930496,1915146240,0
200,1737286213365,2100,2048,1442,1460,1941,1863,1336,1422,1451,1469,400,1499,100,0,0,0,0,1.7543859481811523,0,0,0,0,0,1.7543859481811523,0,61766.79724121094,127560.67297363281,192.3370361328125,50,0,335872,33210380288,8589930496,1915146240,0
200,1737286213565,2100,1805,1388,1487,1886,1857,1247,1253,1250,1285,561,1381,100,0,0,0,0,1.7543859481811523,0,0,0,0,0,1.7543859481811523,0,61768.18505859375,127561.31561279297,192.3370361328125,100.84033203125,0,335872,33210380288,8589930496,1915146240,0
200,1737286213765,2100,1943,1480,969,2099,2099,1500,1411,1500,1464,1417,1499,100,0,0,0,0,1.7543859481811523,0,0,0,0,0,1.7543859481811523,0,61769.57647705078,127561.94799804688,192.3370361328125,100,0,335872,33210380288,8589930496,1915146240,0
200,1737286213965,2100,2049,1472,1499,1919,2100,1443,1465,1465,1466,1344,1324,100,0,0,0,0,1.7543859481811523,0,0,0,0,0,1.7543859481811523,0,61770.962463378906,127562.57824707031,192.3370361328125,100.84033203125,0,335872,33210380288,8589930496,1915146240,0
200,1737286214166,2100,2000,1432,1453,1869,1680,1455,1469,1499,1469,400,1454,100,0,0,0,0,1.7543859481811523,0,0,0,0,0,1.7543859481811523,0,61772.354736328125,127563.01177978516,192.3370361328125,100,0,335872,33210380288,8589930496,1915146240,0
200,1737286214366,2100,1625,1408,1461,1855,2037,1500,1499,1488,1500,1461,1429,100,0,0,0,0,1.7543859481811523,0,0,0,0,0,1.7543859481811523,0,61773.84118652344,127563.46197509766,192.3370361328125,99.58505249023438,0,335872,33210380288,8589930496,1915146240,0
200,1737286214566,2100,2099,1428,1472,1994,1986,1376,1350,1394,1389,1453,1434,100,0,0,0,0,1.7543859481811523,0,0,0,0,0,1.7543859481811523,0,61775.53436279297,127564.04187011719,192.3370361328125,100.84033203125,0,335872,33210380288,8589930496,1915146240,0
200,1737286214766,2100,2022,1450,400,2100,1869,1367,1398,1330,1398,1340,1397,100,0,0,0,0,1.7543859481811523,0,0,0,0,0,1.7543859481811523,0,61777.17980957031,127564.59954833984,192.3370361328125,100,0,335872,33210380288,8589930496,1915146240,0
200,1737286214966,2100,1977,1428,1366,2099,1996,1374,1392,1406,1345,1399,1424,100,0,0,0,0,1.7543859481811523,0,0,0,0,0,1.7543859481811523,0,61778.81329345703,127565.15551757813,192.3370361328125,100.41841125488281,0,335872,33210380288,8589930496,1915146240,0
200,1737286215166,2100,2100,1478,1471,2100,1952,1404,1476,1485,1456,1403,1404,100,0,0,0,0,1.7543859481811523,0,0,0,0,0,1.7543859481811523,0,61780.18798828125,127565.53936767578,192.3370361328125,100.41841125488281,0,335872,33210380288,8589930496,1915146240,0
200,1737286215367,2100,546,1058,804,1403,1976,1451,1350,1362,1499,730,1132,100,0,0,0,0,0,0,0,0,0,0,0,0,61781.621154785156,127565.96002197266,192.3370361328125,100.41841125488281,0,335872,33210380288,8589930496,1915146240,0
200,1737286215567,2100,1800,1314,400,1912,1946,1231,400,1384,1442,1438,400,100,0,4.761904716491699,0,0,0,4.761904716491699,0,0,0,0,0,0,61783.02746582031,127566.36804199219,192.3370361328125,100.84033203125,0,335872,33210380288,8589930496,1915146240,0
200,1737286215767,2100,1871,1397,1499,2100,2100,1454,1486,1500,400,400,1499,100,0,0,0,0,0,0,0,0,0,0,0,0,61784.392517089844,127566.75372314453,192.3370361328125,100,0,335872,33210380288,8589930496,1915146240,0
200,1737286215967,2100,1980,1454,1421,1902,1921,1500,1500,1476,1430,1476,1486,100,0,0,0,5,0,0,0,0,0,0,0,0,61785.77716064453,127567.38250732422,192.3370361328125,100,0,335872,33210380288,8589930496,1915146240,0
200,1737286216167,2100,1974,1499,1469,1936,2099,1420,1423,400,1399,400,1431,100,0,0,0,5,0,0,0,0,0,0,0,0,61787.157287597656,127568.0101928711,192.3370361328125,100.84033203125,0,335872,33210380288,8589930496,1915146240,0
200,1737286216368,2100,1942,1429,1444,1922,1893,1474,1467,1500,1471,1434,1402,100,0,0,0,5,0,0,0,0,0,0,0,0,61788.53991699219,127568.63903808594,192.3370361328125,50.10437774658203,0,335872,33210380288,8589930496,1915146240,0
200,1737286216568,2099,2100,400,673,1921,1668,1431,1430,400,1440,400,400,100,0,0,0,5,0,0,0,0,0,0,0,0,61789.93322753906,127569.27185058594,192.3370361328125,100.41841125488281,0,335872,33210380288,8589930496,1915146240,0
200,1737286216768,2099,1583,1405,1312,1891,1735,1403,1298,1389,1340,1380,1380,100,0,0,0,5,0,0,0,0,0,0,0,0,61791.32824707031,127569.90802001953,192.3370361328125,100.41841125488281,0,335872,33210380288,8589930496,1915146240,0
200,1737286216968,2100,2100,1499,1434,1915,2100,1437,1500,1448,1455,1475,1499,100,0,0,0,0,0,0,0,0,0,0,0,0,61792.695861816406,127570.46337890625,192.3370361328125,100.41841125488281,0,335872,33210380288,8589930496,1915146240,0
200,1737286217168,2100,1924,1463,1496,1992,2003,1376,1307,1318,1343,1465,1500,100,5,0,0,0,0,4.761904716491699,0,0,0,0,0,0,61794.120178222656,127570.87774658203,192.3370361328125,100.84033203125,0,335872,33210380288,8589930496,1915146240,0
200,1737286217368,2100,1879,1436,1437,1538,1974,1356,1199,1193,1249,400,1397,100,0,0,0,0,0,0,0,0,0,0,0,0,61795.70104980469,127571.38250732422,192.3370361328125,99.58505249023438,0,335872,33210380288,8589930496,1915146240,0
200,1737286217569,2100,2036,1395,1375,1975,2100,1136,1017,1036,1133,400,1346,100,0,0,0,0,0,0,0,0,0,0,4.761904716491699,0,61797.386657714844,127571.97290039063,192.3370361328125,100.41841125488281,0,335872,33210380288,8589930496,1915146240,0
200,1737286217769,2100,1877,1465,400,1927,1907,1500,1500,1499,1463,1439,1499,100,5,0,0,4.761904716491699,0,0,4.761904716491699,4.761904716491699,0,0,4.761904716491699,0,61799.07666015625,127572.54187011719,192.3370361328125,100,0,335872,33210380288,8589930496,1915146240,0
200,1737286217969,2099,1700,1499,1421,1836,1928,1500,1479,1499,1480,400,1433,100,0,0,0,0,4.761904716491699,0,0,0,0,0,0,0,61800.541931152344,127572.99896240234,192.3370361328125,100.41841125488281,0,335872,33210380288,8589930496,1915146240,0
200,1737286218169,2100,1769,1406,1417,2099,1695,1331,1385,1439,1446,1480,1449,100,0,0,0,0,0,0,0,0,0,0,0,0,61801.92932128906,127573.39709472656,192.3370361328125,100.41841125488281,0,335872,33210380288,8589930496,1915146240,0
200,1737286218369,2100,2055,1084,1033,1419,1290,1500,1435,1458,1456,1153,1110,100,0,0,0,0,0,0,0,0,0,0,0,0,61803.41339111328,127573.83874511719,192.3370361328125,99.58505249023438,0,335872,33210380288,8589930496,1915146240,0
200,1737286218570,2100,1914,1499,1414,1980,1927,1460,1372,1459,1452,1307,1237,100,0,0,0,0,0,0,0,0,0,0,0,0,61804.73474121094,127574.20349121094,192.3370361328125,100.41841125488281,0,335872,33210380288,8589930496,1915146240,0
200,1737286218770,2100,2014,947,400,1304,1745,400,1195,1282,1238,855,884,100,0,0,0,0,0,0,0,5,0,0,0,0,61806.12243652344,127574.7006225586,192.3370361328125,100,0,335872,33210380288,8589930496,1915146240,0
199,1737286218970,2100,1908,1499,1395,1822,1805,1424,1336,1354,1442,400,1391,100,0,0,0,0,0,0,0,5,0,0,0,0,61807.510803222656,127575.33264160156,192.3370361328125,100.84033203125,0,335872,33210380288,8589930496,1915146240,0
200,1737286219170,2099,1925,1378,1256,1574,1877,1283,1461,1464,1421,973,1435,100,0,0,0,0,0,0,0,5,0,0,0,0,61808.898498535156,127575.96301269531,192.3370361328125,50,0,335872,33210380288,8589930496,1915146240,0
200,1737286219370,2100,2100,1470,1451,1893,1834,1446,1499,1500,1477,400,400,100,0,0,0,0,0,0,0,5,0,0,0,0,61810.294189453125,127576.60174560547,192.3370361328125,99.58505249023438,0,335872,33210380288,8589930496,1915146240,0
200,1737286219570,2100,2097,400,1473,1966,1979,1477,1500,1462,1476,400,1477,100,0,0,0,0,0,0,0,5,0,0,0,0,61811.68133544922,127577.2338256836,192.3370361328125,99.58505249023438,0,335872,33210380288,8589930496,1915146240,0
200,1737286219771,2100,2040,1262,1429,1940,1525,1401,1364,1401,1390,1442,1465,100,0,0,0,0,0,4.761904716491699,4.761904716491699,0,0,0,0,0,61813.06219482422,127577.86584472656,192.3370361328125,100.84033203125,0,335872,33210380288,8589930496,1915146240,0
199,1737286219971,2100,1960,1500,1455,1883,2100,1443,1393,1470,1470,1500,1452,100,5,0,0,0,5,0,0,0,0,4.761904716491699,0,0,61814.46209716797,127578.32690429688,192.3370361328125,100,0,335872,33210380288,8589930496,1915146240,0
199,1737286220171,2099,515,1093,400,1956,400,1363,1347,1102,1310,816,400,100,5,0,0,0,5,0,0,0,0,4.761904716491699,0,0,61815.92053222656,127578.76568603516,192.3370361328125,100.41841125488281,0,335872,33210380288,8589930496,1915146240,0
199,1737286220371,2100,2029,1357,1391,1758,1919,1158,977,843,988,1249,1408,100,0,0,0,5,0,0,0,0,0,0,0,0,61817.58801269531,127579.32336425781,192.3370361328125,100.41841125488281,0,335872,33210380288,8589930496,1915146240,0
200,1737286220571,2099,2100,1460,1456,1760,1940,1499,1499,1381,1402,1422,1483,100,0,0,0,5,0,0,0,0,0,0,0,0,61819.263122558594,127579.89520263672,192.3370361328125,50.10437774658203,0,335872,33210380288,8589930496,1915146240,0
200,1737286220771,2100,1965,1222,1440,1461,1608,1499,1500,1499,1499,1436,1253,100,0,0,0,5,0,0,0,0,0,0,0,0,61820.951416015625,127580.48974609375,192.3370361328125,99.58505249023438,0,335872,33210380288,8589930496,1915146240,0
200,1737286220971,2100,1705,1231,1460,1509,1397,973,1500,1474,1470,835,1300,100,0,0,0,1.2345678806304932,1.2345678806304932,0,1.2345678806304932,1.25,0,0,1.2345678806304932,0,61822.30920410156,127580.8695678711,192.3370361328125,99.58505249023438,0,335872,33210380288,8589930496,1915146240,0
200,1737286221172,2100,2100,833,974,1705,1132,400,1450,1391,1376,938,400,100,4.761904716491699,0,0,0,0,0,0,0,0,0,0,0,61823.729248046875,127581.28063964844,192.3370361328125,101.26582336425781,0,335872,33210380288,8589930496,1915146240,0
200,1737286221372,2099,2040,1297,1441,1653,1917,1493,1436,1431,1332,1131,1177,100,4.761904716491699,0,0,0,0,0,0,0,0,0,0,0,61825.14318847656,127581.69226074219,192.3370361328125,99.58505249023438,0,335872,33210380288,8589930496,1915146240,0
200,1737286221572,2100,1710,1322,1393,1914,1680,1414,1429,1449,1434,1172,1331,100,0,4.761904716491699,0,4.761904716491699,0,0,0,4.761904716491699,0,0,0,0,61826.498596191406,127582.06982421875,192.3370361328125,100.41841125488281,0,335872,33210380288,8589930496,1915146240,0
200,1737286221772,2100,2100,400,1499,1739,1829,1500,1098,1177,1500,1500,1499,100,0,4.761904716491699,0,4.761904716491699,0,0,0,4.761904716491699,0,0,0,0,61827.89434814453,127582.67736816406,192.3370361328125,50.209205627441406,0,335872,33210380288,8589930496,1915146240,0
200,1737286221972,2100,2100,1499,1500,1696,1763,1500,1247,1065,1500,1500,1145,100,0,4.761904716491699,0,4.761904716491699,0,0,0,4.761904716491699,0,0,0,0,61829.28497314453,127583.31072998047,192.3370361328125,100.41841125488281,0,335872,33210380288,8589930496,1915146240,0
200,1737286222172,2100,1880,1295,1374,1388,1883,1500,1461,1474,1471,1334,1443,100,0,4.761904716491699,0,4.761904716491699,0,0,0,4.761904716491699,0,0,0,0,61830.685546875,127583.95043945313,192.3370361328125,99.1735610961914,0,335872,33210380288,8589930496,1915146240,0
200,1737286222373,2100,1990,1362,400,1379,1849,1321,1139,1155,1069,1336,1077,100,0,1,1,0,0,1,0,0,1,0.9900990128517151,0,0,61832.07312011719,127584.5806274414,192.3370361328125,99.1735610961914,0,335872,33210380288,8589930496,1915146240,0
200,1737286222573,2099,1979,1345,1465,1931,1981,1474,1474,1419,1480,1461,1465,100,0,1,1,0,0,1,0,0,1,0.9900990128517151,0,0,61833.46173095703,127585.21374511719,192.3370361328125,100.84033203125,0,335872,33210380288,8589930496,1915146240,0
199,1737286222773,2100,2100,400,1414,1829,2100,1500,1500,1380,1499,1393,1384,100,0,1,1,0,0,1,0,0,1,0.9900990128517151,0,0,61834.83337402344,127585.7943725586,192.3370361328125,50.209205627441406,0,335872,33210380288,8589930496,1915146240,0
200,1737286222973,2100,2010,400,1410,2100,2100,1430,400,400,400,400,1389,100,0,1,1,0,0,1,0,0,1,0.9900990128517151,0,0,61836.23504638672,127586.1986694336,192.3370361328125,100,0,335872,33210380288,8589930496,1915146240,0
200,1737286223173,2100,1877,1434,1500,2100,1765,1500,1365,1458,1484,1500,1500,100,0,1,1,0,0,1,0,0,1,0.9900990128517151,0,0,61837.81005859375,127586.69274902344,192.3370361328125,100,0,335872,33210380288,8589930496,1915146240,0
200,1737286223373,2100,1973,1430,1422,2021,1899,1472,1440,1388,1466,1267,1264,100,0,0,0,0,0,0,0,0,0,4.761904716491699,4.761904716491699,0,61839.49987792969,127587.29461669922,192.3370361328125,100.41841125488281,0,335872,33210380288,8589930496,1915146240,0
200,1737286223573,2100,1819,1047,1299,1560,400,1444,1463,1471,1443,1091,1180,100,0,0,0,0,0,0,4.761904716491699,0,0,0,0,0,61841.189392089844,127587.86346435547,192.3370361328125,100.41841125488281,0,335872,33210380288,8589930496,1915146240,0
200,1737286223774,2100,1438,400,400,899,2100,1500,1231,1467,1433,1187,400,100,0,0,0,0,0,0,0,0,5,0,0,0,61842.68798828125,127588.34313964844,192.3370361328125,100,0,335872,33210380288,8589930496,1915146240,0
200,1737286223974,2100,1729,1236,1268,1567,1921,1440,1422,1416,1444,1282,1375,100,0,0,0,0,0,0,0,0,5,0,0,0,61844.079040527344,127588.73937988281,192.3370361328125,100.41841125488281,0,335872,33210380288,8589930496,1915146240,0
200,1737286224174,2100,2099,1456,1480,1939,2100,1414,1406,1500,1396,1239,1473,100,5,0,0,0,4.761904716491699,0,0,0,0,0,0,0,61845.53186035156,127589.16394042969,192.3370361328125,100.41841125488281,0,335872,33210380288,8589930496,1915146240,0
200,1737286224374,2100,2100,1460,1442,2100,1924,1428,1400,1376,1410,1457,1486,100,0,0,0,0,4.761904716491699,0,0,0,0,0,0,0,61846.882751464844,127589.54052734375,192.3370361328125,100,0,335872,33210380288,8589930496,1915146240,0
200,1737286224574,2099,516,1179,1369,1903,1828,1348,400,1379,1433,1376,1415,100,0,0,0,0,0,0,0,0,0,0,0,0,61848.27087402344,127590.01708984375,192.3370361328125,100,0,335872,33210380288,8589930496,1915146240,0
200,1737286224775,2100,2025,1500,1379,1986,2100,1417,1353,1374,1371,400,1476,100,0,0,0,0,0,0,0,0,0,0,0,0,61849.65399169922,127590.64849853516,192.3370361328125,100.41841125488281,0,335872,33210380288,8589930496,1915146240,0
200,1737286224975,2100,1601,1422,1431,1730,1949,1442,1411,1461,1454,1438,1365,100,0,0,0,0,0,0,0,0,0,0,0,0,61851.03839111328,127591.27844238281,192.3370361328125,50.209205627441406,0,335872,33210380288,8589930496,1915146240,0
200,1737286225175,2100,1573,1379,1433,1933,1874,1315,1312,1322,1323,1086,400,100,0,0,0,0,0,0,0,0,0,0,0,0,61852.43084716797,127591.90930175781,192.3370361328125,100.84033203125,0,335872,33210380288,8589930496,1915146240,0
200,1737286225375,2100,1548,1357,1350,1657,1860,1147,1150,1146,1165,1224,1198,100,0,0,0,0,0,0,0,0,0,0,0,0,61853.829650878906,127592.55297851563,192.3370361328125,100,0,335872,33210380288,8589930496,1915146240,0
200,1737286225575,2099,2011,1499,1499,2100,2100,1500,1499,1500,1499,682,1499,100,0,0,0,0,0,0,0,0,0,0,0,0,61855.20764160156,127593.18237304688,192.33709716796875,99.58505249023438,0,335872,33210380288,8589930496,1915146240,0
199,1737286225776,2100,1801,1383,1152,1161,400,1411,1403,1429,1455,1321,1415,100,0,0,0,0,0,0,0,0,0,0,0,0,61856.581604003906,127593.6689453125,192.33709716796875,100.41841125488281,0,335872,33210380288,8589930496,1915146240,0
200,1737286225976,2100,1993,1068,1103,1840,1556,1285,1458,1446,1438,1130,1108,100,0.7299270033836365,0.7142857313156128,0.7142857313156128,0,0,1.4184396266937256,0,0.7142857313156128,0.7142857313156128,0,0.7142857313156128,0,61858.025146484375,127594.10095214844,192.33709716796875,100.41841125488281,0,335872,33210380288,8589930496,1915146240,0
200,1737286226176,2100,2016,1146,1436,1666,1873,1424,1398,1465,1179,400,1460,100,0,0,0,4.761904716491699,0,0,0,0,4.761904716491699,0,0,0,61859.670959472656,127594.64685058594,192.33709716796875,99.58505249023438,0,335872,33210380288,8589930496,1915146240,0
200,1737286226376,2100,2100,1500,1310,400,2100,1382,400,400,400,1245,1117,100,0,4.761904716491699,0,4.761904716491699,0,0,0,0,0,0,4.761904716491699,0,61861.32421875,127595.2192993164,192.33709716796875,100,0,335872,33210380288,8589930496,1915146240,0
200,1737286226576,2100,2100,1433,1440,2100,1944,1402,1433,1499,1468,400,1500,100,0,0,0,0,0,0,0,4.761904716491699,0,0,0,0,61863.04754638672,127595.82495117188,192.33709716796875,100.41841125488281,0,335872,33210380288,8589930496,1915146240,0
200,1737286226776,2100,2017,1399,1479,2099,1533,1213,1155,1278,1228,1323,1405,100,0,0,0,0,5,0,0,0,0,0,0,0,61864.391052246094,127596.1997680664,192.33709716796875,104.99999237060547,0,335872,33210380288,8589930496,1915146240,0
200,1737286226977,2100,2025,1260,1420,400,564,1500,1455,1460,1399,1400,1312,100,0,0,0,0,0,0,4.761904716491699,0,0,5,0,0,61865.783630371094,127596.59887695313,192.33709716796875,100,0,335872,33210380288,8589930496,1915146240,0
200,1737286227177,2100,1960,1315,1436,400,1909,400,1264,1175,1457,400,1439,100,0,0,4.761904716491699,0,0,0,4.761904716491699,0,0,0,0,0,61867.224853515625,127597.02404785156,192.33709716796875,100.84033203125,0,335872,33210380288,8589930496,1915146240,0
200,1737286227377,2100,2099,1500,1499,2100,2016,1499,846,1419,1410,1500,400,100,4.761904716491699,0,0,0,0,0,0,0,0,0,0,0,61868.570556640625,127597.39916992188,192.33709716796875,100,0,335872,33210380288,8589930496,1915146240,0
200,1737286227577,2100,2100,1447,1451,1934,2100,1500,1500,1471,1481,1376,1487,100,5,0,0,0,0,0,0,0,0,0,0,0,61869.960998535156,127597.98022460938,192.33709716796875,100.41841125488281,0,335872,33210380288,8589930496,1915146240,0
200,1737286227777,2100,1881,1458,1410,1931,1796,1499,1500,1500,1499,1499,1499,100,0,0,0,0,4.761904716491699,0,0,0,0,0,0,0,61871.33581542969,127598.60717773438,192.33709716796875,100,0,335872,33210380288,8589930496,1915146240,0
200,1737286227977,2100,2100,1427,1465,1946,1968,1411,400,1420,1416,400,1426,100,0,0,0,0,4.761904716491699,0,0,0,0,0,0,0,61872.71612548828,127599.23846435547,192.33709716796875,100,0,335872,33210380288,8589930496,1915146240,0
200,1737286228178,2099,2048,1414,1412,1908,1933,1433,1457,1456,1449,400,400,100,0,0,0,0,4.761904716491699,0,0,0,0,0,0,0,61874.093505859375,127599.86505126953,192.33709716796875,50.52631378173828,0,335872,33210380288,8589930496,1915146240,0
199,1737286228378,2100,1909,1417,1444,1852,1835,1372,1336,1336,1339,400,1429,100,0,0,0,0,4.761904716491699,0,0,0,0,0,0,0,61875.4716796875,127600.49475097656,192.33709716796875,99.58505249023438,0,335872,33210380288,8589930496,1915146240,0
200,1737286228578,2099,1853,1375,1365,1922,1863,1271,1221,1143,1259,1452,1443,100,0,0,0,0,4.761904716491699,0,0,0,0,0,0,0,61876.847900390625,127601.107421875,192.33709716796875,100.41841125488281,0,335872,33210380288,8589930496,1915146240,0
199,1737286228778,2099,2100,1478,1398,2100,1957,1372,1350,1390,1360,1472,1441,100,0,0,0,0,4.761904716491699,0,0,0,0,0,0,0,61878.244384765625,127601.51397705078,192.33709716796875,100.41841125488281,0,335872,33210380288,8589930496,1915146240,0
200,1737286228978,2100,2001,1500,1499,2100,2100,1446,1499,1500,1499,1500,1499,100,0,0,0,0,4.761904716491699,0,0,0,0,0,0,0,61879.767028808594,127601.99224853516,192.33709716796875,99.58505249023438,0,335872,33210380288,8589930496,1915146240,0
200,1737286229178,2100,2030,400,1323,2100,1998,1393,1419,1403,1478,1396,400,100,0,0,0,0,4.761904716491699,0,0,0,0,0,0,0,61881.461486816406,127602.59014892578,192.33709716796875,100.41841125488281,0,335872,33210380288,8589930496,1915146240,0
200,1737286229379,2100,2034,1416,1360,1977,2100,1467,1330,1294,1267,1423,1427,100,0,0,0,0,4.761904716491699,0,0,0,0,0,0,0,61883.11700439453,127603.14447021484,192.33709716796875,100.41841125488281,0,335872,33210380288,8589930496,1915146240,0
200,1737286229579,2100,2052,1438,1384,1853,1940,1200,1419,1353,1384,400,1461,100,0,0,0,0,4.761904716491699,0,0,0,0,0,0,0,61884.66387939453,127603.65368652344,192.33709716796875,100.41841125488281,0,335872,33210380288,8589930496,1915146240,0
200,1737286229779,2100,1753,1299,1240,1806,1638,1366,1302,1359,1398,1252,1377,100,0,0,0,0,0,0,0,0,0,0,0,0,61886.03625488281,127604.0424194336,192.33709716796875,100,0,335872,33210380288,8589930496,1915146240,0
200,1737286229979,2099,1780,1500,1473,2100,2100,1500,400,1476,1499,1471,400,100,0,0,0,0,0,0,0,0,4.761904716491699,0,0,0,61887.48858642578,127604.47668457031,192.33709716796875,100.41841125488281,0,335872,33210380288,8589930496,1915146240,0
200,1737286230179,2100,486,1363,1417,400,1816,1500,1499,1500,1396,1340,400,100,0,0,0,0,0,0,4.761904716491699,4.761904716491699,0,0,0,0,61888.841247558594,127604.85595703125,192.33709716796875,100,0,335872,33210380288,8589930496,1915146240,0
200,1737286230379,2099,1982,1469,1366,1666,1561,1500,1418,1471,1500,1209,1303,100,0,0,0,0,0,0,4.761904716491699,4.761904716491699,0,0,0,0,61890.21319580078,127605.30139160156,192.33709716796875,100.41841125488281,0,335872,33210380288,8589930496,1915146240,0
200,1737286230580,2100,1750,1278,1162,1623,1841,1475,1466,1451,1499,1249,1239,100,0,0,0,0,0,0,0,0,0,0,4.761904716491699,0,61891.598205566406,127605.93231201172,192.33709716796875,100,0,335872,33210380288,8589930496,1915146240,0
200,1737286230780,2099,1505,1184,1315,1630,1709,1368,1260,1366,1375,400,1397,100,4.761904716491699,0,4.761904716491699,0,0,0,0,0,0,0,0,0,61892.983825683594,127606.56665039063,192.33709716796875,100.84033203125,0,335872,33210380288,8589930496,1915146240,0
200,1737286230980,2100,1336,1417,1418,1540,1643,1408,1432,1444,1444,400,1199,100,0,0,0,0,4.761904716491699,4.761904716491699,0,0,0,0,0,0,61894.3681640625,127607.19818115234,192.33709716796875,100.41841125488281,0,335872,33210380288,8589930496,1915146240,0
200,1737286231180,2100,1731,1465,1469,2100,400,1457,1456,1307,1450,400,1435,100,0,0,0,4.761904716491699,0,0,0,0,0,0,0,0,61895.74108886719,127607.82177734375,192.33709716796875,100.41841125488281,0,335872,33210380288,8589930496,1915146240,0
200,1737286231380,2099,1758,1352,1362,2100,1632,1500,1482,1450,1470,1200,1277,100,0,0,0,4.761904716491699,4.761904716491699,0,4.761904716491699,0,0,0,0,0,61897.13623046875,127608.46484375,192.33709716796875,100,0,335872,33210380288,8589930496,1915146240,0
200,1737286231581,2100,2007,1329,1348,1678,2099,1422,1335,1406,1458,1349,1334,100,0,0,0,0,0,0,0,0,0,0,0,0,61898.49493408203,127608.96392822266,192.33709716796875,99.1735610961914,0,335872,33210380288,8589930496,1915146240,0
199,1737286231781,2100,1975,400,1422,1950,2100,1499,1500,1499,1499,1383,1440,100,0,0,0,0,0,0,0,0,0,0,0,0,61899.94561767578,127609.39440917969,192.33709716796875,100.41841125488281,0,335872,33210380288,8589930496,1915146240,0
200,1737286231981,2100,2024,1485,1450,1768,1875,1499,1499,1499,1499,1423,1447,100,0,0,0,0,0,4.761904716491699,0,0,5,0,0,0,61901.56652832031,127609.92529296875,192.33709716796875,100.41841125488281,0,335872,33210380288,8589930496,1915146240,0
200,1737286232181,2100,2100,1500,1462,1819,1931,1406,1427,1441,1257,1344,1142,100,0,4.761904716491699,0,0,0,0,0,0,0,4.761904716491699,0,0,61903.2236328125,127610.50225830078,192.33709716796875,100.41841125488281,0,335872,33210380288,8589930496,1915146240,0
200,1737286232381,2100,2100,1455,1475,2100,2100,1499,1499,1500,1499,1442,1419,100,0,0,0,0,0,0,0,4.761904716491699,0,0,0,0,61904.95324707031,127611.1103515625,192.33709716796875,100,0,335872,33210380288,8589930496,1915146240,0
200,1737286232581,2100,1967,1434,1436,1970,1915,1383,1373,1376,1396,1472,1500,100,0,0,0,0,0,0,0,4.761904716491699,0,0,0,0,61906.328369140625,127611.51257324219,192.33709716796875,100,0,335872,33210380288,8589930496,1915146240,0
200,1737286232782,2100,1921,1500,1500,1983,1742,1149,1120,1307,1166,1500,400,100,0,0,0,0,0,0,0,4.761904716491699,0,0,0,0,61907.715393066406,127611.91278076172,192.33709716796875,50.209205627441406,0,335872,33210380288,8589930496,1915146240,0
200,1737286232982,2100,651,400,400,1878,1404,1438,1465,1362,1403,1051,400,100,0,0,0,0,0,0,0,4.761904716491699,0,0,0,0,61909.16760253906,127612.34338378906,192.33709716796875,100,0,335872,33210380288,8589930496,1915146240,0
200,1737286233182,2100,2100,1293,1500,1906,1734,1380,763,641,1373,1500,1387,100,0,0,0,0,0,0,0,4.761904716491699,0,0,0,0,61910.49530029297,127612.71014404297,192.33709716796875,100,0,335872,33210380288,8589930496,1915146240,0
200,1737286233382,2100,1982,1500,1363,1959,1532,1445,1398,1339,1500,1434,1469,100,0,0,0,0,0,0,0,4.761904716491699,0,0,0,0,61911.884704589844,127613.27099609375,192.33709716796875,100.41841125488281,0,335872,33210380288,8589930496,1915146240,0
200,1737286233582,2100,1498,1500,1500,1985,1762,1356,1479,1379,1483,1455,1499,100,1.6949152946472168,0,1.6528924703598022,0.8333333730697632,0.8333333730697632,0,0.8264462351799011,0.8264462351799011,0.8333333730697632,0.8333333730697632,1.6528924703598022,0,61913.25421142578,127613.89392089844,192.33709716796875,100.41841125488281,0,335872,33210380288,8589930496,1915146240,0
200,1737286233782,2099,2054,1361,1248,1705,1981,1404,1500,1448,1444,1206,1465,100,0,0,0,0,0,0,0,0,0,0,0,0,61914.65576171875,127614.53527832031,192.33709716796875,100,0,335872,33210380288,8589930496,1915146240,0
200,1737286233983,2099,2047,1455,1463,1912,1973,1388,1375,1398,1363,1471,1258,100,0,0,0,0,0,0,0,0,0,0,0,0,61916.03778076172,127615.16735839844,192.33709716796875,100.41841125488281,0,335872,33210380288,8589930496,1915146240,0
200,1737286234183,2100,1870,1409,1449,1925,1508,1439,1484,1402,1404,400,1454,100,0,0,0,0,0,4.761904716491699,0,0,0,0,0,0,61917.42272949219,127615.79870605469,192.33709716796875,100,0,335872,33210380288,8589930496,1915146240,0
200,1737286234383,2100,1746,1243,1298,1866,1854,1422,1252,1427,1311,1428,1280,100,0,0,0,0,0,0,0,0,0,0,0,0,61918.79913330078,127616.427734375,192.33709716796875,100.84033203125,0,335872,33210380288,8589930496,1915146240,0
200,1737286234583,2100,2100,1499,1450,2100,2100,1499,1478,1468,1421,400,1395,100,0,4.761904716491699,0,0,0,0,0,0,0,0,0,0,61920.1767578125,127616.83142089844,192.33709716796875,100,0,335872,33210380288,8589930496,1915146240,0
200,1737286234783,2100,1494,1046,1500,400,1861,1243,400,1380,400,1183,1500,100,0,0,0,0,0,0,0,0,0,0,0,0,61921.69366455078,127617.30963134766,192.33709716796875,100.41841125488281,0,335872,33210380288,8589930496,1915146240,0
199,1737286234984,2100,2020,400,400,1796,1321,1428,1500,1480,1435,400,400,100,0,0,0,0,0,0,0,0,0,0,0,0,61923.38781738281,127617.90087890625,192.33709716796875,100,0,335872,33210380288,8589930496,1915146240,0
199,1737286235184,2100,2100,1362,1424,1982,1905,1500,1484,1448,1480,1383,1361,100,0,0,0,0,0,0,0,0,0,0,0,0,61925.025390625,127618.44757080078,192.33709716796875,100.41841125488281,0,335872,33210380288,8589930496,1915146240,0
200,1737286235384,2099,2000,1472,1472,2024,2099,1351,1499,1275,1500,400,1382,100,0,0,0,0,0,0,0,0,0,0,0,0,61926.599060058594,127618.97845458984,192.33709716796875,100.84033203125,0,335872,33210380288,8589930496,1915146240,0
200,1737286235584,2100,485,400,400,1418,1738,1307,400,1228,1388,400,400,100,0,0,0,0,0,0,0,5,0,0,0,0,61927.99298095703,127619.37377929688,192.3377685546875,100,0,335872,33210380288,8589930496,1915146240,0
200,1737286235784,2100,1884,1448,1448,2100,1939,1395,1380,1408,1465,400,1395,100,0,0,0,0,0,0,0,5,0,0,0,0,61929.43957519531,127619.79498291016,192.3377685546875,50.31446838378906,0,335872,33210380288,8589930496,1915146240,0
200,1737286235984,2100,2100,1500,1500,1776,2001,1476,1416,1479,1466,1500,1499,100,0,0,0,0,0,0,0,5,0,0,0,0,61930.8115234375,127620.18548583984,192.3377685546875,100,0,335872,33210380288,8589930496,1915146240,0
200,1737286236185,2100,2065,1409,1500,1897,1952,1467,1479,1435,1500,1229,1405,100,2.5316455364227295,0,0,2.4691357612609863,0,1.25,0,0,1.2345678806304932,0,1.2345678806304932,0,61932.185791015625,127620.60382080078,192.3377685546875,100,0,335872,33210380288,8589930496,1915146240,0
200,1737286236385,2100,2061,1453,1473,1849,2100,1378,1380,1381,1347,1382,1449,100,0,0,0,0,5,0,0,0,0,0,0,0,61933.56805419922,127621.23114013672,192.3377685546875,100.41841125488281,0,335872,33210380288,8589930496,1915146240,0
200,1737286236585,2100,1737,1418,1394,1922,1875,1244,1253,1257,1267,1426,1433,100,0,0,0,0,0,0,4.761904716491699,0,0,0,0,0,61934.974609375,127621.87414550781,192.3377685546875,100.41841125488281,0,335872,33210380288,8589930496,1915146240,0
200,1737286236785,2100,1905,1431,1334,1895,1443,1184,1163,1281,1213,400,1439,100,0,4.761904716491699,0,0,0,0,5,0,0,0,0,0,61936.364501953125,127622.50750732422,192.3377685546875,100.41841125488281,0,335872,33210380288,8589930496,1915146240,0
200,1737286236985,2100,1802,1235,1257,1552,1817,1198,1316,1318,1364,1063,1392,100,0,0,0,0,0,0,0,0,0,0,0,0,61937.74871826172,127623.14025878906,192.3377685546875,100.41841125488281,0,335872,33210380288,8589930496,1915146240,0
200,1737286237185,2100,2002,1422,1430,1975,2100,1302,1413,400,1425,1351,1427,100,0,0,0,0,0,0,0,0,4.761904716491699,0,0,0,61939.13165283203,127623.76971435547,192.3377685546875,100.41841125488281,0,335872,33210380288,8589930496,1915146240,0
200,1737286237385,2100,2049,1274,1330,2100,1976,1398,1463,1423,1458,1323,1268,100,0,0,0,0,0,0,0,0,0,0,0,0,61940.50622558594,127624.30529785156,192.3377685546875,100.41841125488281,0,335872,33210380288,8589930496,1915142144,0
200,1737286237586,2100,1944,1453,1429,1687,2100,1384,1458,1455,1466,400,1422,100,0,0,0,0,0,0,0,0,0,0,0,0,61941.927978515625,127624.72009277344,192.3377685546875,100,0,335872,33210380288,8589930496,1915142144,0
200,1737286237786,2100,686,1500,400,400,400,1499,1188,400,1500,1481,1480,100,0,0,0,0,0,0,0,0,0,0,0,0,61943.53729248047,127625.24188232422,192.3377685546875,100,0,335872,33210380288,8589930496,1915142144,0
199,1737286237986,2100,1664,1500,1447,1974,2100,1457,1420,1438,1483,1499,1315,100,5,0,4.761904716491699,0,0,0,0,0,0,0,0,0,61945.20935058594,127625.82214355469,192.3377685546875,100.84033203125,0,335872,33210380288,8589930496,1915142144,0
200,1737286238186,2099,1962,1400,1440,1987,1630,1390,1439,1392,1434,1398,1455,100,5,0,4.761904716491699,0,0,0,0,0,0,0,0,0,61946.91748046875,127626.40692138672,192.3377685546875,99.58505249023438,0,335872,33210380288,8589930496,1915142144,0
200,1737286238386,2100,1968,1421,1478,2099,1986,1439,1476,1479,1483,1422,1366,100,0,0,0,0,0,0,0,4.761904716491699,0,5,4.761904716491699,0,61948.34307861328,127626.84368896484,192.3377685546875,100.84033203125,0,335872,33210380288,8589930496,1915142144,0
200,1737286238586,2100,1969,1416,1458,1929,1984,1442,1429,1471,1467,1363,1340,100,0,0,0,0,0,0,0,4.761904716491699,0,5,4.761904716491699,0,61949.727966308594,127627.23663330078,192.3377685546875,50.10437774658203,0,335872,33210380288,8589930496,1915142144,0
200,1737286238787,2099,2048,1500,1432,1620,1762,1419,1343,1423,1364,400,400,100,0,0,0,0,0,0,0,4.761904716491699,0,5,4.761904716491699,0,61951.211364746094,127627.67742919922,192.3377685546875,100.41841125488281,0,335872,33210380288,8589930496,1915142144,0
200,1737286238987,2100,2100,1477,1499,2100,400,1464,1092,400,1438,1483,1499,100,0,0,0,0,0,0,0,4.761904716491699,0,5,4.761904716491699,0,61952.54187011719,127628.04516601563,192.3377685546875,100.84033203125,0,335872,33210380288,8589930496,1915142144,0
200,1737286239187,2100,1730,1484,400,2100,400,1219,1422,400,400,1414,1378,100,0,0,1,1,0,0,0,0,0,0,0,0,61953.933837890625,127628.57141113281,192.3377685546875,100.84033203125,0,335872,33210380288,8589930496,1915142144,0
200,1737286239387,2100,1563,1499,1470,1977,1940,1499,1479,1476,1470,1414,1432,100,5,0,0,4.761904716491699,0,4.761904716491699,0,0,5,0,0,0,61955.320068359375,127629.2046508789,192.3377685546875,100,0,335872,33210380288,8589930496,1915142144,0
200,1737286239587,2100,2037,400,1433,2100,2002,1433,1434,400,1432,1420,1484,100,5,0,0,4.761904716491699,0,4.761904716491699,0,0,5,0,0,0,61956.69934082031,127629.83221435547,192.3377685546875,99.58505249023438,0,335872,33210380288,8589930496,1915142144,0
200,1737286239788,2100,2054,1490,1421,1970,1900,1464,1500,1464,1466,1337,1442,100,5,0,0,4.761904716491699,0,4.761904716491699,0,0,5,0,0,0,61958.09118652344,127630.46533203125,192.3377685546875,50.420166015625,0,335872,33210380288,8589930496,1915142144,0
200,1737286239988,2100,2100,1388,1410,1868,1979,1379,1362,1379,1394,400,1376,100,5,0,0,4.761904716491699,0,4.761904716491699,0,0,5,0,0,0,61959.489990234375,127631.10321044922,192.3377685546875,99.58505249023438,0,335872,33210380288,8589930496,1915142144,0
200,1737286240188,2100,2100,1461,1439,1995,1888,1449,1260,1499,1500,1358,1435,100,5,0,0,4.761904716491699,0,4.761904716491699,0,0,5,0,0,0,61960.874938964844,127631.73016357422,192.3377685546875,100.84033203125,0,335872,33210380288,8589930496,1915142144,0
200,1737286240388,2099,2100,1478,1445,2100,2099,1500,1440,1384,1404,1500,1408,100,0,1,0,0,0.9900990128517151,0,0.9900990128517151,1,0,0,0,0,61962.25616455078,127632.16772460938,192.3377685546875,100.84033203125,0,335872,33210380288,8589930496,1915142144,0
200,1737286240588,2100,1760,1499,1499,2100,1906,1499,1500,1500,1499,1339,1455,100,0,4.761904716491699,0,0,0,4.761904716491699,4.761904716491699,0,0,4.761904716491699,0,0,61963.742431640625,127632.61755371094,192.3377685546875,105.8823471069336,0,335872,33210380288,8589930496,1915142144,0
200,1737286240788,2099,2064,1427,1403,1859,1955,1471,1385,1438,1425,1406,1451,100,0,0,0,0,0,0,0,0,0,0,0,0,61965.423400878906,127633.18713378906,192.3377685546875,99.58505249023438,0,335872,33210380288,8589930496,1915142144,0
200,1737286240989,2100,2100,1143,1357,400,1419,1140,1262,1270,1288,1368,1366,100,0,0,0,0,0,0,0,0,0,0,0,0,61967.08416748047,127633.75378417969,192.3377685546875,100,0,335872,33210380288,8589930496,1915142144,0
200,1737286241189,2099,2099,1328,1473,1881,2100,1500,1500,1499,1473,1434,1471,100,0,0,0,0,0,0,0,0,0,0,0,0,61968.728759765625,127634.32025146484,192.3377685546875,100.41841125488281,0,335872,33210380288,8589930496,1915142144,0
200,1737286241389,2100,2100,1500,1499,2100,2100,1421,1500,1500,1500,1499,1500,100,0,0,0,0,4.761904716491699,0,0,0,0,0,0,0,61970.100158691406,127634.70587158203,192.3377685546875,100.84033203125,0,335872,33210380288,8589930496,1915142144,0
200,1737286241589,2100,1781,1456,1480,2100,2100,1426,1398,1385,1410,1430,1479,100,0,0,0,0,0,0,0,0,0,4.761904716491699,0,0,61971.51531982422,127635.11389160156,192.3377685546875,100,0,335872,33210380288,8589930496,1915142144,0
200,1737286241789,2100,2050,1378,1290,2099,1550,1446,1348,1455,1425,1356,1266,100,0,0,0,0,0,0,0,0,0,0,4.761904716491699,0,61972.919921875,127635.5180053711,192.3377685546875,100.41841125488281,0,335872,33210380288,8589930496,1915142144,0
200,1737286241990,2100,2025,1349,1343,2010,2100,1345,1344,1390,1379,1252,1351,100,0,0,0,0,0,0,0,0,0,0,4.761904716491699,0,61974.28759765625,127635.90295410156,192.3377685546875,100.41841125488281,0,335872,33210380288,8589930496,1915142144,0
200,1737286242190,2099,1725,1317,1384,1934,1715,1439,1412,1412,1417,1029,1318,100,5,0,0,4.761904716491699,0,0,0,0,0,0,0,0,61975.67822265625,127636.52899169922,192.3377685546875,100.41841125488281,0,335872,33210380288,8589930496,1915142144,0
200,1737286242390,2099,1956,1453,1459,1950,1891,1305,1133,1351,1447,1454,1458,100,4.761904716491699,0,4.761904716491699,0,0,0,0,4.761904716491699,4.761904716491699,0,0,0,61977.07019042969,127637.16424560547,192.3377685546875,100,0,335872,33210380288,8589930496,1915142144,0
200,1737286242590,2099,1699,1259,1476,1867,1866,400,1390,1403,1402,1313,1331,100,0,0,0,0,0,0,0,0,0,0,0,0,61978.457763671875,127637.79711914063,192.3377685546875,100.41841125488281,0,335872,33210380288,8589930496,1915142144,0
200,1737286242790,2100,2036,1500,1228,1818,1770,1436,1363,1428,1434,1261,1410,100,0,4.761904716491699,0,0,0,0,0,0,0,0,0,0,61979.845703125,127638.43029785156,192.3377685546875,100.84033203125,0,335872,33210380288,8589930496,1915142144,0
200,1737286242990,2100,1816,1439,1346,1717,2099,1500,1500,1461,1500,400,1437,100,0,0,0,0,0,0,4.761904716491699,0,4.761904716491699,0,4.761904716491699,0,61981.23895263672,127639.06372070313,192.3377685546875,99.1735610961914,0,335872,33210380288,8589930496,1915142144,0
200,1737286243191,2100,509,1279,1350,1808,1734,1462,1499,1409,1414,400,1254,100,0,0,4.761904716491699,0,0,0,0,0,0,0,0,0,61982.60711669922,127639.61572265625,192.3377685546875,100.41841125488281,0,335872,33210380288,8589930496,1915142144,0
200,1737286243391,2100,1732,1417,1479,1920,1944,1499,1500,1499,1499,1420,1441,100,0,0,0,4.761904716491699,0,0,4.761904716491699,0,0,0,0,0,61984.017150878906,127640.02600097656,192.3377685546875,100,0,335872,33210380288,8589930496,1915142144,0
200,1737286243591,2099,1935,1463,1486,2100,1881,1499,1458,1500,1500,1403,1427,100,0,0,0,4.761904716491699,0,0,4.761904716491699,0,0,0,0,0,61985.60217285156,127640.53790283203,192.3377685546875,100,0,335872,33210380288,8589930496,1915142144,0
200,1737286243791,2100,1960,1462,1386,1987,2100,1435,1381,1398,1499,1348,1421,100,0,0,0,0,4.761904716491699,4.761904716491699,0,0,0,0,0,0,61987.27716064453,127641.12042236328,192.3377685546875,100.41841125488281,0,335872,33210380288,8589930496,1915142144,0
200,1737286243991,2099,2100,1466,1475,1956,1964,1412,1465,1443,1451,1499,1429,100,0,0,0,0,0,0,0,0,0,0,0,0,61988.980224609375,127641.70153808594,192.3377685546875,100.84033203125,0,335872,33210380288,8589930496,1915142144,0
200,1737286244191,2100,1809,1254,1203,1323,1756,1407,1446,1454,1444,1213,1435,100,0,0,0,0,0,4.761904716491699,0,0,0,0,0,0,61990.44763183594,127642.15893554688,192.3377685546875,100.41841125488281,0,335872,33210380288,8589930496,1915142144,0
200,1737286244392,2100,1400,1391,1300,1666,2099,1395,1382,1430,1426,1352,1372,100,0,0,0,4.761904716491699,4.761904716491699,0,0,0,0,0,0,0,61991.8408203125,127642.55969238281,192.3377685546875,100,0,335872,33210380288,8589930496,1915142144,0
199,1737286244592,2100,1981,1450,1438,1947,1901,1467,1394,1353,1454,1447,1457,100,0,0,0,4.761904716491699,4.761904716491699,0,0,0,0,0,0,0,61993.319885253906,127642.99951171875,192.3377685546875,100.41841125488281,0,335872,33210380288,8589930496,1915142144,0
199,1737286244792,2099,522,400,1011,1742,1955,1246,1038,888,1059,400,1266,100,0,0,0,0,0,0,0,0,0,0,0,0,61994.64392089844,127643.36364746094,192.3377685546875,100.41841125488281,0,335872,33210380288,8589930496,1915142144,0
200,1737286244992,2099,2040,400,400,1864,400,400,1404,1395,1499,400,400,100,0,0,0,0,0,0,0,4.761904716491699,0,0,0,0,61996.035705566406,127643.8677368164,192.3377685546875,100.41841125488281,0,335872,33210380288,8589930496,1915142144,0
200,1737286245192,2100,1586,1312,1341,1683,1717,1379,1274,1391,1410,1260,1319,100,0,0,0,0,0,0,0,4.761904716491699,0,0,0,0,61997.427185058594,127644.49853515625,192.3377685546875,101.26582336425781,0,335872,33210380288,8589930496,1915142144,0
200,1737286245392,2100,1966,1397,1458,1639,2021,1415,1431,1388,1419,1499,1458,100,0,0,0,0,0,0,0,4.761904716491699,0,0,0,0,61998.82928466797,127645.1362915039,192.3377685546875,49.896053314208984,0,335872,33210380288,8589930496,1915142144,0
200,1737286245592,2100,1808,1389,1396,1946,1980,1500,1473,1473,1482,400,1407,100,0,0,0,0,0,0,0,4.761904716491699,0,0,0,0,62000.200134277344,127645.75793457031,192.3377685546875,100.41841125488281,0,335872,33210380288,8589930496,1915142144,0
200,1737286245793,2099,2048,400,1367,2099,1986,1391,1447,1370,1400,400,1473,100,0,0,0,0,0,0,0,4.761904716491699,0,0,0,0,62001.58221435547,127646.38885498047,192.3377685546875,100.41841125488281,0,335872,33210380288,8589930496,1915142144,0
200,1737286245993,2100,2094,1487,1470,1891,1973,400,1469,1419,1448,1403,1470,100,1.2658227682113647,0,0,0,0,0,0,1.25,1.25,1.2345678806304932,1.25,0,62002.97961425781,127647.0278930664,192.3377685546875,100.84033203125,0,335872,33210380288,8589930496,1915142144,0
200,1737286246193,2100,1450,1406,1403,1837,1912,1449,1436,1260,1500,1249,1337,100,0,0,0,0,0,0,0,0,0,0,0,0,62004.354919433594,127647.48077392578,192.3377685546875,100.41841125488281,0,335872,33210380288,8589930496,1915142144,0
200,1737286246393,2100,1761,1287,1464,1853,1852,1499,1469,1472,1476,400,1328,100,0,0,0,0,0,0,0,0,4.761904716491699,0,0,0,62005.833984375,127647.92785644531,192.3377685546875,100,0,335872,33210380288,8589930496,1915142144,0
200,1737286246593,2100,1911,1368,1499,2003,2001,1499,1500,1500,1499,1419,1418,100,0,0,0,0,0,0,0,0,4.761904716491699,0,0,0,62007.498291015625,127648.48913574219,192.3377685546875,100,0,335872,33210380288,8589930496,1915142144,0
200,1737286246793,2100,2100,1145,1179,400,1727,1500,1425,1374,1324,400,1173,100,0,0,0,0,4.761904716491699,0,0,0,0,0,0,0,62009.150451660156,127649.05059814453,192.3377685546875,100,0,335872,33210380288,8589930496,1915142144,0
200,1737286246994,2100,509,1437,400,1758,1969,883,400,902,400,1500,1440,100,0,4.761904716491699,0,4.761904716491699,0,4.761904716491699,0,0,0,0,0,0,62010.85046386719,127649.6401977539,192.3377685546875,100.41841125488281,0,335872,33210380288,8589930496,1915142144,0
200,1737286247194,2099,2027,1377,1365,1866,2003,1459,1447,1432,1430,1315,1426,100,0,4.761904716491699,0,4.761904716491699,0,4.761904716491699,0,0,0,0,0,0,62012.21691894531,127650.02453613281,192.3377685546875,100.41841125488281,0,335872,33210380288,8589930496,1915142144,0
200,1737286247394,2100,2100,400,1438,1830,1962,1478,1422,1454,1438,400,400,100,0,4.761904716491699,0,4.761904716491699,0,4.761904716491699,0,0,0,0,0,0,62013.63397216797,127650.42944335938,192.3377685546875,50.10437774658203,0,335872,33210380288,8589930496,1915129856,0
200,1737286247594,2099,1934,1437,1435,2099,2100,1476,1500,1499,1478,1441,1500,100,0,4.761904716491699,0,4.761904716491699,0,4.761904716491699,0,0,0,0,0,0,62015.04229736328,127650.83599853516,192.3377685546875,100,0,335872,33210380288,8589930496,1915129856,0
200,1737286247794,2100,1277,1425,1222,1950,2100,1397,1357,1466,1479,1291,1326,100,0,4.761904716491699,0,4.761904716491699,0,4.761904716491699,0,0,0,0,0,0,62016.40393066406,127651.21356201172,192.3377685546875,100.84033203125,0,335872,33210380288,8589930496,1915129856,0
200,1737286247995,2100,2100,1474,1469,1898,1996,1380,1387,1382,1390,1441,1437,100,0,4.761904716491699,0,4.761904716491699,0,4.761904716491699,0,0,0,0,0,0,62017.796325683594,127651.82342529297,192.3377685546875,100.84033203125,0,335872,33210380288,8589930496,1915129856,0
200,1737286248195,2099,2006,1333,1471,1875,1950,1305,1381,1342,1445,1390,1454,100,0,4.761904716491699,0,4.761904716491699,0,4.761904716491699,0,0,0,0,0,0,62019.188537597656,127652.45324707031,192.3377685546875,50.10437774658203,0,335872,33210380288,8589930496,1915129856,0
199,1737286248395,2100,1681,1500,1467,1313,1775,1249,1219,1297,1244,1433,1361,100,0,4.761904716491699,0,4.761904716491699,0,4.761904716491699,0,0,0,0,0,0,62020.56719970703,127653.09094238281,192.3377685546875,100,0,335872,33210380288,8589930496,1915129856,0
200,1737286248595,2100,617,400,933,1429,972,400,1224,1398,400,400,840,100,0,4.761904716491699,0,4.761904716491699,0,4.761904716491699,0,0,0,0,0,0,62021.940856933594,127653.7183227539,192.3377685546875,100.41841125488281,0,335872,33210380288,8589930496,1915129856,0
200,1737286248795,2100,1987,1438,1383,2100,2100,1352,1395,1421,1466,1281,1413,100,0,4.761904716491699,0,4.761904716491699,0,4.761904716491699,0,0,0,0,0,0,62023.32604980469,127654.35382080078,192.3377685546875,99.58505249023438,0,335872,33210380288,8589930496,1915129856,0
200,1737286248995,2099,1551,1184,400,1835,1906,1432,1499,1500,1499,1289,1323,100,0,4.761904716491699,0,4.761904716491699,0,4.761904716491699,0,0,0,0,0,0,62024.6953125,127654.9330444336,192.3377685546875,100.41841125488281,0,335872,33210380288,8589930496,1915129856,0
200,1737286249196,2100,555,400,1302,400,1678,400,1454,1500,1446,400,1316,100,0,4.761904716491699,0,4.761904716491699,0,4.761904716491699,0,0,0,0,0,0,62026.093811035156,127655.33483886719,192.3377685546875,100.41841125488281,0,335872,33210380288,8589930496,1915129856,0
200,1737286249396,2100,1940,1429,1420,1475,1943,1456,1234,1451,1390,1150,1360,100,0,4.761904716491699,0,4.761904716491699,0,4.761904716491699,0,0,0,0,0,0,62027.65612792969,127655.83581542969,192.3377685546875,100,0,335872,33210380288,8589930496,1915129856,0
200,1737286249596,2100,1842,1274,1388,1910,1785,1328,1384,1256,1377,1310,1473,100,0,4.761904716491699,0,4.761904716491699,0,4.761904716491699,0,0,0,0,0,0,62029.34100341797,127656.42669677734,192.3377685546875,99.58505249023438,0,335872,33210380288,8589930496,1915129856,0
200,1737286249796,2100,1999,1408,1500,2099,1975,1500,1381,1388,1500,1456,1500,100,0,4.761904716491699,0,4.761904716491699,0,4.761904716491699,0,0,0,0,0,0,62031.020080566406,127656.9945678711,192.3377685546875,100.41841125488281,0,335872,33210380288,8589930496,1915129856,0
200,1737286249996,2100,2100,1478,1499,1785,1979,1499,1420,1500,1399,862,1470,100,0,4.761904716491699,0,4.761904716491699,0,4.761904716491699,0,0,0,0,0,0,62032.50793457031,127657.47033691406,192.3377685546875,100,0,335872,33210380288,8589930496,1915129856,0
200,1737286250196,2100,1408,1306,1255,787,1699,1469,1439,1474,1442,1436,1386,100,0,4.761904716491699,0,4.761904716491699,0,4.761904716491699,0,0,0,0,0,0,62033.898193359375,127657.87036132813,192.3377685546875,100.41841125488281,0,335872,33210380288,8589930496,1915129856,0
200,1737286250397,2100,2100,1360,1425,2100,2100,1462,1500,1477,1458,1352,400,100,0,4.761904716491699,0,4.761904716491699,0,4.761904716491699,0,0,0,0,0,0,62035.35888671875,127658.29956054688,192.3377685546875,100.41841125488281,0,335872,33210380288,8589930496,1915129856,0
200,1737286250597,2100,1847,1218,1197,1894,400,1322,1458,1411,1452,400,1339,100,0,4.761904716491699,0,4.761904716491699,0,4.761904716491699,0,0,0,0,0,0,62036.702575683594,127658.67724609375,192.3377685546875,100.41841125488281,0,335872,33210380288,8589930496,1915129856,0
200,1737286250797,2100,2084,1499,1424,2100,2100,1500,1267,1476,1500,1381,1476,100,0,0,0,0,0,0,0,0,0,0,0,0,62038.085021972656,127659.15515136719,192.3377685546875,100.84033203125,0,335872,33210380288,8589930496,1915129856,0
200,1737286250997,2099,1730,1275,1305,1745,1849,1291,1466,1386,1396,400,1279,100,0,0,0,0,0,0,0,0,0,0,0,0,62039.472412109375,127659.79180908203,192.3377685546875,100,0,335872,33210380288,8589930496,1915129856,0
200,1737286251197,2100,2099,1374,1437,2100,1847,1500,1499,1499,1500,1342,1465,100,0,4.761904716491699,0,4.761904716491699,0,0,0,0,0,0,4.761904716491699,0,62040.855895996094,127660.42407226563,192.3377685546875,100.41841125488281,0,335872,33210380288,8589930496,1915129856,0
200,1737286251397,2100,2100,1436,1425,1802,1584,1383,1499,1469,1464,1314,1405,100,0,4.761904716491699,0,4.761904716491699,0,0,0,0,0,0,4.761904716491699,0,62042.23620605469,127661.05303955078,192.3377685546875,100,0,335872,33210380288,8589930496,1915129856,0
200,1737286251598,2100,2100,1476,1462,1956,1897,1433,1281,1400,1474,400,1459,100,0,4.761904716491699,0,0,0,0,0,0,4.761904716491699,0,0,0,62043.61657714844,127661.68658447266,192.3377685546875,99.58505249023438,0,335872,33210380288,8589930496,1915129856,0
200,1737286251798,2099,2044,1404,1358,1957,1901,1321,1410,1347,1369,1387,1175,100,0,4.761904716491699,0,0,0,0,0,0,4.761904716491699,0,0,0,62044.9921875,127662.31451416016,192.3377685546875,50.209205627441406,0,335872,33210380288,8589930496,1915129856,0
200,1737286251998,2100,1742,1447,1484,1679,2100,1499,1499,1500,1499,1377,1431,100,0,4.761904716491699,0,0,0,0,0,0,4.761904716491699,0,0,0,62046.370056152344,127662.80267333984,192.3377685546875,99.1735610961914,0,335872,33210380288,8589930496,1915129856,0
200,1737286252198,2100,1751,1462,1499,1766,1726,1499,1478,1479,1487,1427,1460,100,1.2658227682113647,0,0,0,1.2345678806304932,0,1.2345678806304932,1.25,0,0,0,0,62047.79766845703,127663.224609375,192.3377685546875,99.1735610961914,0,335872,33210380288,8589930496,1915129856,0
200,1737286252398,2100,1037,1345,1394,1965,695,1499,1434,1446,1441,1348,1304,100,0,0,0,0,0,0,0,4.761904716491699,0,0,0,0,62049.44219970703,127663.77056884766,192.3377685546875,100.84033203125,0,335872,33210380288,8589930496,1915129856,0
200,1737286252599,2100,505,1400,400,1301,773,1420,1459,1454,1387,1408,400,100,0,0,0,0,0,0,0,0,0,0,0,0,62051.11151123047,127664.3510131836,192.3377685546875,100.41841125488281,0,335872,33210380288,8589930496,1915129856,0
200,1737286252799,2100,1030,400,400,1350,1935,1445,1321,1440,1317,400,400,100,0,0,4.761904716491699,4.761904716491699,0,0,0,0,0,0,0,0,62052.84521484375,127664.96325683594,192.3377685546875,100,0,335872,33210380288,8589930496,1915129856,0
200,1737286252999,2099,1974,1469,1445,1601,1455,1481,1403,1403,1476,1404,1474,100,0,0,0,0,0,0,0,0,0,0,0,0,62054.18212890625,127665.33532714844,192.3377685546875,100.41841125488281,0,335872,33210380288,8589930496,1915129856,0
200,1737286253199,2099,2100,1469,1484,1984,2100,1500,1500,1499,1499,1457,1499,100,0,0,0,0,0,0,0,0,0,0,0,0,62055.58221435547,127665.7396850586,192.3377685546875,99.58505249023438,0,335872,33210380288,8589930496,1915129856,0
162,1737286253437,2100,1883,1480,1474,1887,1821,1499,1500,1500,1499,400,1480,100,0,0,0,0,0,0,0,0,0,0,0,0,62057.26104736328,127666.22717285156,192.3377685546875,55.17241287231445,0,335872,33210380288,8589930496,1915129856,0
200,1737286253600,2100,2011,1183,400,1470,1005,1232,1461,1433,1443,400,400,100,0,0,0,0,0,0,0,0,0,0,0,0,62058.355407714844,127666.5307006836,192.3377685546875,36.78160858154297,0,335872,33210380288,8589930496,1915129856,0
199,1737286253800,2100,1998,1296,1258,1782,1792,1466,1300,1393,1412,1055,1290,100,0,0,0,0,0,0,0,0,0,0,0,0,62059.73474121094,127667.10559082031,192.3377685546875,55.299537658691406,0,335872,33210380288,8589930496,1915129856,0
200,1737286254000,2100,1980,1262,1321,1662,1841,1432,1359,1460,1415,1250,1281,100,0,0,0,0,0,0,0,0,0,0,0,0,62061.12274169922,127667.73999023438,192.3377685546875,100.84033203125,0,335872,33210380288,8589930496,1915129856,0
200,1737286254200,2100,1206,400,938,1757,1257,1399,922,1423,1421,857,400,100,0,0,0,0,0,0,0,0,0,0,0,0,62062.501953125,127668.37042236328,192.3377685546875,100,0,335872,33210380288,8589930496,1915129856,0
200,1737286254400,2100,2100,1395,1412,2099,1989,1062,1452,1477,1440,400,400,100,0,0,0,0,0,0,0,0,0,0,0,0,62063.89501953125,127669.0111694336,192.3377685546875,100,0,335872,33210380288,8589930496,1915129856,0
200,1737286254600,2100,1948,1500,1499,1954,2099,1500,1499,1500,1499,1435,1500,100,0,0,0,0,0,0,0,0,0,0,0,0,62065.27117919922,127669.63958740234,192.3377685546875,100,0,335872,33210380288,8589930496,1915129856,0
200,1737286254801,2100,2047,1460,1416,1976,1927,1416,1335,1340,1457,1469,1499,100,0,0,0,0,0,0,0,0,0,0,0,0,62066.64074707031,127670.25067138672,192.3377685546875,100,0,335872,33210380288,8589930496,1915129856,0
199,1737286255001,2100,485,400,400,1915,1527,1419,1436,1382,1364,1048,1257,100,0,0,0,0,0,0,0,0,0,0,0,0,62068.027770996094,127670.64794921875,192.3377685546875,105.8823471069336,0,335872,33210380288,8589930496,1915129856,0
200,1737286255201,2100,2100,1374,1363,1743,1895,1500,1500,1500,1500,1348,1417,100,0,0,0,0,0,0,0,0,0,0,0,0,62069.565185546875,127671.13269042969,192.3377685546875,100,0,335872,33210380288,8589930496,1915129856,0
199,1737286255401,2100,522,789,400,1670,1894,1340,1286,1371,1435,400,400,100,0,0,0,0,0,0,0,0,0,0,0,0,62071.25427246094,127671.72399902344,192.3377685546875,100,0,335872,33210380288,8589930496,1915129856,0
199,1737286255601,2099,1977,1414,1469,2100,2100,1429,1477,1482,1500,1449,1471,100,0,0,0,0,0,0,0,0,0,0,0,0,62072.92138671875,127672.28411865234,192.3377685546875,100.84033203125,0,335872,33210380288,8589930496,1915129856,0
200,1737286255801,2099,1840,1132,1220,1664,1545,1499,1376,1500,1479,1232,1237,100,0,0,0,0,0,0,0,0,0,4.761904716491699,0,0,62074.47344970703,127672.79779052734,192.3377685546875,100.41841125488281,0,335872,33210380288,8589930496,1915129856,0
200,1737286256001,2099,1522,1355,1338,1927,1660,1500,1500,1500,1461,1443,1323,100,0,0,0,5,4.761904716491699,0,0,0,0,0,0,0,62075.851989746094,127673.19122314453,192.3377685546875,100.41841125488281,0,335872,33210380288,8589930496,1915129856,0
200,1737286256201,2100,2100,1226,1288,2100,1947,1455,1458,1285,1460,1310,1330,100,0,0,0,5,4.761904716491699,0,0,0,0,0,0,0,62077.29821777344,127673.61901855469,192.3377685546875,100,0,335872,33210380288,8589930496,1915129856,0
200,1737286256402,2100,2035,1500,1442,1965,1735,1114,400,935,400,1453,1500,100,0,4.761904716491699,0,0,0,4.761904716491699,0,0,0,0,0,0,62078.645568847656,127674.00091552734,192.3377685546875,100.84033203125,0,335872,33210380288,8589930496,1915129856,0
200,1737286256602,2100,2015,1418,1423,1943,1954,1355,1325,1340,1315,1339,1398,100,0,0,0,0,0,0,0,0,0,0,0,0,62080.01989746094,127674.44024658203,192.3377685546875,100,0,335872,33210380288,8589930496,1915129856,0
200,1737286256802,2100,1831,1469,1412,2012,2100,1500,400,1412,1444,1337,1391,100,0,0,0,0,0,0,0,0,0,0,0,0,62081.40252685547,127675.07318115234,192.3377685546875,50.10437774658203,0,335872,33210380288,8589930496,1915129856,0
200,1737286257002,2100,2015,1446,1447,1834,1710,1379,1410,1488,1400,400,1405,100,0,0,0,0,0,0,0,0,0,0,0,0,62082.78271484375,127675.70324707031,192.3377685546875,50.10437774658203,0,335872,33210380288,8589930496,1915129856,0
200,1737286257202,2100,1568,1499,1329,1123,1812,1249,1264,1285,1473,400,1287,100,0,0,0,0,0,0,0,0,0,0,0,0,62084.15637207031,127676.3296508789,192.3377685546875,50.209205627441406,0,335872,33210380288,8589930496,1915129856,0
200,1737286257402,2100,524,400,400,1602,1546,400,470,400,400,473,400,100,0,0,0,0,0,0,0,0,0,0,0,0,62085.53955078125,127676.96228027344,192.3377685546875,100.84033203125,0,335872,33210380288,8589930496,1915129856,0
200,1737286257602,2100,1658,1468,1457,1959,1979,1429,1468,1482,1483,1430,1447,100,0,0,0,0,0,0,0,0,0,0,0,0,62086.92919921875,127677.59881591797,192.3377685546875,99.1735610961914,0,335872,33210380288,8589930496,1915129856,0
200,1737286257803,2100,2100,400,1128,1832,400,1376,1324,1442,1447,1145,1222,100,0,0,0,0,0,0,0,0,0,0,0,0,62088.296875,127678.10137939453,192.3377685546875,100.41841125488281,0,335872,33210380288,8589930496,1915129856,0
200,1737286258003,2100,604,400,400,760,400,1445,1333,1251,1311,809,400,100,0,0,0,0,0,0,0,0,0,0,0,0,62089.73449707031,127678.53009033203,192.33837890625,100.41841125488281,0,335872,33210380288,8589930496,1915129856,0
200,1737286258203,2100,1681,1461,1420,2099,1719,1446,1500,1478,1483,1451,1459,100,0,0,0,0,0,0,0,0,0,0,0,0,62091.37109375,127679.06799316406,192.33837890625,100.41841125488281,0,335872,33210380288,8589930496,1915129856,0
200,1737286258403,2100,1823,1439,1499,1995,2100,1499,1435,1444,1500,1499,1500,100,0,0,0,0,0,0,0,0,0,0,0,0,62093.03308105469,127679.64031982422,192.33837890625,100,0,335872,33210380288,8589930496,1915129856,0
200,1737286258603,2100,1985,1380,1384,2100,1659,1369,1398,1418,1500,1231,1270,100,0,0,0,0,0,0,0,0,0,0,0,0,62094.76153564453,127680.24432373047,192.33837890625,100.41841125488281,0,335872,33210380288,8589930496,1915129856,0
200,1737286258804,2100,532,1150,1178,2100,1578,1457,400,1478,1334,400,1086,100,0,0,0,0,0,0,0,0,0,0,0,0,62096.15588378906,127680.64923095703,192.33837890625,100.41841125488281,0,335872,33210380288,8589930496,1915129856,0
200,1737286259004,2100,1851,1457,1436,2100,2100,1500,1432,1336,1499,400,1471,100,0,0,0,0,0,0,0,0,0,0,0,0,62097.55419921875,127681.0482788086,192.33837890625,99.58505249023438,0,335872,33210380288,8589930496,1915129856,0
200,1737286259204,2100,2100,400,400,1867,1656,1499,1500,1438,1442,400,1466,100,0,0,0,0,0,0,0,0,0,0,0,0,62099.014709472656,127681.48260498047,192.33837890625,99.58505249023438,0,335872,33210380288,8589930496,1915129856,0
200,1737286259404,2100,1928,1413,1424,1953,1925,1450,1499,1500,1500,1387,1421,100,0.7299270033836365,0.3584229350090027,0.7142857313156128,0.7142857313156128,0.7142857313156128,0.7142857313156128,0.7142857313156128,0.7142857313156128,0.7142857313156128,0.3584229350090027,0.7142857313156128,0,62100.34259033203,127681.84576416016,192.33837890625,100,0,335872,33210380288,8589930496,1915121664,0
200,1737286259604,2100,2100,1474,1485,2100,1970,1500,1421,1402,1413,1499,1480,100,0,0,0,0,0,0,0,0,0,0,0,0,62101.735595703125,127682.39990234375,192.33837890625,100.84033203125,0,335872,33210380288,8589930496,1915121664,0
200,1737286259804,2099,2099,1467,1440,1971,2100,1453,570,1487,1475,473,1445,100,0,0,0,0,0,0,0,0,0,0,0,0,62103.11846923828,127683.02862548828,192.33837890625,50.209205627441406,0,335872,33210380288,8589930496,1915121664,0
200,1737286260004,2100,2051,1475,1466,1850,2001,1409,1461,1410,1420,1450,1466,100,0,0,0,0,0,0,0,0,0,0,0,0,62104.50769042969,127683.66131591797,192.33837890625,100.84033203125,0,335872,33210380288,8589930496,1915121664,0
200,1737286260205,2100,2056,1405,1401,1853,2100,1378,1417,1378,1407,1391,1405,100,1.2820513248443604,1.2345678806304932,0,1.25,0,0,0,0,0,0,0,0,62105.885803222656,127684.28881835938,192.33837890625,100.84033203125,0,335872,33210380288,8589930496,1915121664,0
200,1737286260405,2100,1948,1423,1433,1734,1741,1430,1382,1339,1335,1463,1461,100,0,0,4.761904716491699,0,0,0,0,0,5,0,0,0,62107.27038574219,127684.91632080078,192.33837890625,100.41841125488281,0,335872,33210380288,8589930496,1915121664,0
200,1737286260605,2099,1809,1446,1500,1829,1913,1423,1323,1442,1441,1245,1427,100,0,0,0,0,0,0,0,0,0,0,0,0,62108.6826171875,127685.56030273438,192.33837890625,99.58505249023438,0,335872,33210380288,8589930496,1915121664,0
200,1737286260805,2100,2017,1447,1395,1836,2099,1500,1417,1454,1439,1340,1348,100,0,0,0,0,0,0,0,0,0,0,0,0,62110.06396484375,127685.9663696289,192.33837890625,100.41841125488281,0,335872,33210380288,8589930496,1915121664,0
200,1737286261005,2100,498,1423,1384,1933,1878,1500,1500,1499,1500,1238,1283,100,0,0,0,0,5,4.761904716491699,0,0,0,0,0,0,62111.577209472656,127686.43585205078,192.33837890625,99.58505249023438,0,335872,33210380288,8589930496,1915121664,0
200,1737286261205,2099,1956,1438,1210,1730,1931,1464,1463,1474,1460,1221,1278,100,0,0,0,0,0,0,0,0,0,0,0,0,62113.291564941406,127687.03302001953,192.33837890625,100.41841125488281,0,335872,33210380288,8589930496,1915121664,0
200,1737286261406,2100,462,400,400,1172,1874,1462,1456,1500,1437,400,400,100,5,0,0,0,0,0,0,0,0,0,0,0,62114.9365234375,127687.58374023438,192.33837890625,100,0,335872,33210380288,8589930496,1915121664,0
200,1737286261606,2100,2100,1376,1482,1881,2070,1500,1455,1499,1500,1478,400,100,0,0,0,0,0,0,0,4.761904716491699,0,0,0,0,62116.53515625,127688.1206665039,192.33837890625,100.84033203125,0,335872,33210380288,8589930496,1915121664,0
200,1737286261806,2100,1883,1417,1306,1882,1445,1265,1315,1415,1093,1131,1470,100,0,0,0,0,0,0,0,4.761904716491699,0,0,0,0,62117.91442871094,127688.50927734375,192.33837890625,100,0,335872,33210380288,8589930496,1915121664,0
200,1737286262006,2100,2099,1499,1500,1956,1834,1466,1443,1500,1308,1332,1473,100,0,0,0,0,0,0,0,4.761904716491699,0,0,0,0,62119.347900390625,127688.9263305664,192.33837890625,50,0,335872,33210380288,8589930496,1915121664,0
200,1737286262206,2100,2100,1405,1461,2100,1889,1376,1457,1384,1425,1364,1390,100,0,0,0,0,0,0,0,4.761904716491699,0,0,0,0,62120.71649169922,127689.3159790039,192.33837890625,50,0,335872,33210380288,8589930496,1915121664,0
200,1737286262406,2099,2100,1455,1461,1959,1951,1407,1409,1414,1408,1347,1397,100,0,0,0,0,0,0,0,4.761904716491699,0,0,0,0,62122.09912109375,127689.73223876953,192.33837890625,100.41841125488281,0,335872,33210380288,8589930496,1915121664,0
200,1737286262607,2100,2042,1408,1415,1897,1897,1323,1392,1332,1371,1216,1409,100,0,0,0,4.761904716491699,0,0,0,0,0,0,0,0,62123.504455566406,127690.37316894531,192.33837890625,100.84033203125,0,335872,33210380288,8589930496,1915121664,0
200,1737286262807,2100,1861,1445,1375,1873,1888,1324,1237,1323,1269,1415,1314,100,0,0,0,0,0,0,0,0,0,0,0,0,62124.895263671875,127691.00457763672,192.33837890625,100,0,335872,33210380288,8589930496,1915121664,0
200,1737286263007,2100,1473,1376,1500,1357,1859,1152,1153,1201,1044,1431,400,100,0,0,0,0,4.761904716491699,0,0,0,0,0,0,0,62126.29766845703,127691.64544677734,192.33837890625,100.84033203125,0,335872,33210380288,8589930496,1915121664,0
200,1737286263207,2099,2100,1458,1460,2100,2068,1500,1461,1457,1462,1467,1404,100,0,0,0,0,0,0,0,0,0,0,0,0,62127.68664550781,127692.27703857422,192.33837890625,100.41841125488281,0,335872,33210380288,8589930496,1915121664,0
200,1737286263407,2100,1723,1402,1418,1950,1984,1499,1478,1473,1481,400,400,100,0,0,0,0,0,0,0,0,0,0,0,0,62129.074951171875,127692.90576171875,192.33837890625,100,0,335872,33210380288,8589930496,1915121664,0
200,1737286263608,2100,2025,1147,400,2099,1860,1260,1332,1376,1411,945,400,100,0,0,0,0,0,0,0,0,0,0,0,0,62130.45568847656,127693.4326171875,192.33837890625,100.84033203125,0,335872,33210380288,8589930496,1915121664,0
200,1737286263808,2100,1862,1499,1487,2100,2099,1468,1499,1342,1500,1436,1374,100,0,0,4.761904716491699,4.761904716491699,0,0,0,0,0,0,0,0,62131.88525390625,127693.85260009766,192.33837890625,100,0,335872,33210380288,8589930496,1915121664,0
200,1737286264008,2100,2100,1476,1482,2100,1979,1487,1480,1500,1500,1500,1499,100,4.761904716491699,0,0,0,0,0,0,0,0,0,0,0,62133.50830078125,127694.38452148438,192.33837890625,100.41841125488281,0,335872,33210380288,8589930496,1915121664,0
199,1737286264208,2100,1717,1401,1357,1831,1935,1462,1474,1450,1482,1285,1360,100,0,0,0,0,0,0,0,0,0,0,4.761904716491699,0,62135.17266845703,127694.95703125,192.33837890625,100.41841125488281,0,335872,33210380288,8589930496,1915121664,0
200,1737286264408,2099,1809,1231,1350,1515,1226,1448,1390,1435,1396,1397,1289,100,0,4.761904716491699,0,0,0,0,0,0,0,0,0,0,62136.89404296875,127695.55267333984,192.33837890625,100.41841125488281,0,335872,33210380288,8589930496,1915121664,0
199,1737286264609,2100,2027,450,1497,1267,1801,1443,1452,1455,1458,1208,920,100,0,4.761904716491699,0,0,0,0,0,0,0,0,0,0,62138.31219482422,127695.97784423828,192.33837890625,100,0,335872,33210380288,8589930496,1915121664,0
199,1737286264809,2100,2100,1443,400,2100,2026,1439,1404,1430,1464,1308,1445,100,5,0,0,0,4.761904716491699,0,0,0,0,0,0,0,62139.70617675781,127696.37744140625,192.33837890625,100.84033203125,0,335872,33210380288,8589930496,1915121664,0
200,1737286265009,2099,2059,1415,1465,2100,2100,1440,1499,1447,1500,1384,1418,100,5,0,0,0,4.761904716491699,0,0,0,0,0,0,0,62141.202087402344,127696.82873535156,192.33837890625,99.58505249023438,0,335872,33210380288,8589930496,1915121664,0
200,1737286265209,2100,1191,1411,1438,2100,1947,1500,1499,1375,1500,1400,1473,100,0,0,0,0,0,0,0,0,0,0,0,0,62142.52899169922,127697.18469238281,192.33837890625,100,0,335872,33210380288,8589930496,1915121664,0
200,1737286265409,2100,1682,1335,1500,1955,1962,1392,1413,1499,1500,1324,1326,100,0,0,0,0,0,0,0,0,0,0,0,0,62143.91467285156,127697.71685791016,192.33837890625,50.10437774658203,0,335872,33210380288,8589930496,1915121664,0
200,1737286265609,2100,1599,1500,1476,1938,1576,1323,1405,1360,1402,1475,1475,100,0,0,1.6666667461395264,0,0,1.6666667461395264,1.6666667461395264,0,1.6393442153930664,0,0,0,62145.314514160156,127698.35498046875,192.33837890625,50.10437774658203,0,335872,33210380288,8589930496,1915121664,0
200,1737286265810,2100,1984,1442,400,1935,1939,1483,1399,1451,1499,1410,1439,100,0,0,0,0,0,0,0,0,4.761904716491699,0,0,0,62146.703125,127698.99005126953,192.33837890625,100.84033203125,0,335872,33210380288,8589930496,1915121664,0
200,1737286266010,2100,2055,1431,1462,1907,1933,1411,1450,1463,1468,1346,1427,100,0,0,0,0,0,0,0,0,4.761904716491699,0,0,0,62148.094177246094,127699.62353515625,192.33837890625,100.84033203125,0,335872,33210380288,8589930496,1915121664,0
199,1737286266210,2100,1956,1336,1446,1901,1872,1183,1446,1448,1458,400,1385,100,0,0,0,0,0,0,0,0,4.761904716491699,0,0,0,62149.48358154297,127700.25366210938,192.33837890625,50.10437774658203,0,335872,33210380288,8589930496,1915121664,0
200,1737286266410,2099,2022,1499,1423,1820,1921,1193,1280,1275,1279,1336,1444,100,0,0,0,0,0,0,0,0,4.761904716491699,0,0,0,62150.87536621094,127700.88702392578,192.33837890625,100.41841125488281,0,335872,33210380288,8589930496,1915121664,0
199,1737286266610,2100,1834,1414,1356,1999,2099,1362,1500,1432,1480,1382,1350,100,0,0,0,0,0,0,0,0,4.761904716491699,0,0,0,62152.25897216797,127701.32586669922,192.33837890625,100.41841125488281,0,335872,33210380288,8589930496,1915121664,0
199,1737286266810,2100,1993,1388,1319,2100,2100,1499,1500,1499,1499,400,1301,100,0,0,0,0,0,0,0,0,4.761904716491699,0,0,0,62153.743225097656,127701.77740478516,192.33837890625,99.58505249023438,0,335872,33210380288,8589930496,1915121664,0
200,1737286267010,2100,2003,1177,1158,400,2099,1332,400,1314,1347,400,1181,100,0,0,0,0,0,0,0,0,4.761904716491699,0,0,0,62155.429748535156,127702.35235595703,192.33837890625,100.84033203125,0,335872,33210380288,8589930496,1915121664,0
200,1737286267211,2099,1603,400,1042,1607,1983,1433,400,1459,1465,1022,400,100,0,0,0,0,0,0,0,0,4.761904716491699,0,0,0,62157.08172607422,127702.91455078125,192.33837890625,100,0,335872,33210380288,8589930496,1915121664,0
200,1737286267411,2100,2038,400,400,1968,1931,1271,1395,1372,1262,701,400,100,0,0,0,0,0,0,0,0,4.761904716491699,0,0,0,62158.721923828125,127703.47467041016,192.33837890625,100.41841125488281,0,335872,33210380288,8589930496,1915121664,0
199,1737286267611,2100,2100,1463,400,1844,1816,1465,1500,1417,1477,1452,1483,100,0,0,0,0,0,0,0,0,4.761904716491699,0,0,0,62160.104248046875,127703.8656616211,192.33837890625,100.41841125488281,0,335872,33210380288,8589930496,1915121664,0
200,1737286267811,2100,2027,400,400,1703,1904,1361,1040,400,400,400,400,100,0,0,0,0,0,0,0,0,4.761904716491699,0,0,0,62161.51495361328,127704.27038574219,192.33837890625,100.41841125488281,0,335872,33210380288,8589930496,1915121664,0
200,1737286268011,2100,2099,400,1500,2100,2100,1499,1447,1480,1499,819,400,100,0,0,0,0,0,0,0,0,0,0,0,0,62162.925354003906,127704.68048095703,192.33837890625,100.41841125488281,0,335872,33210380288,8589930496,1915121664,0
200,1737286268211,2100,2100,400,1410,2099,2100,1458,1500,1476,1469,1290,1377,100,0,0,0,0,0,0,0,0,4.761904716491699,0,0,0,62164.28887939453,127705.06243896484,192.33837890625,99.58505249023438,0,335872,33210380288,8589930496,1915121664,0
200,1737286268411,2099,1993,1405,1414,1946,2100,1477,1424,1427,1426,400,1378,100,0,0,0,0,0,0,0,0,4.761904716491699,0,0,0,62165.662841796875,127705.68139648438,192.33837890625,100.41841125488281,0,335872,33210380288,8589930496,1915121664,0
200,1737286268612,2100,2038,1417,1460,1895,1920,1499,1500,1449,1460,400,1446,100,0,0,0,0,0,0,0,0,4.761904716491699,0,0,0,62167.06231689453,127706.32043457031,192.33837890625,50.209205627441406,0,335872,33210380288,8589930496,1915121664,0
200,1737286268812,2099,2054,1378,1401,1958,1912,1379,1375,1446,1376,1412,1464,100,0,0,0,0,0,0,0,0,4.761904716491699,0,0,0,62168.45666503906,127706.95227050781,192.33837890625,50.209205627441406,0,335872,33210380288,8589930496,1915121664,0
200,1737286269012,2099,1830,1382,1389,1811,1776,1360,1389,1433,1309,1351,1373,100,1.6949152946472168,0,1.6393442153930664,0,0,0,0,0,0,0,0,0,62169.840270996094,127707.58129882813,192.33837890625,100.41841125488281,0,335872,33210380288,8589930496,1915121664,0
200,1737286269212,2100,1459,1221,1289,1841,1829,1122,1338,1337,845,1428,1250,100,0,0,0,0,0,0,0,0,0,0,0,0,62171.23229980469,127708.21704101563,192.33837890625,100.41841125488281,0,335872,33210380288,8589930496,1915121664,0
200,1737286269412,2100,1868,1393,1453,1956,2092,1336,1317,1341,1306,400,1439,100,0,4.761904716491699,0,0,0,0,5,0,0,0,0,0,62172.611877441406,127708.77825927734,192.33837890625,100.41841125488281,0,335872,33210380288,8589930496,1915121664,0
200,1737286269612,2100,1743,1344,1368,1786,1509,1445,1461,1418,1404,1284,1394,100,5,0,0,4.761904716491699,0,0,0,0,0,0,0,0,62174.03283691406,127709.18865966797,192.33837890625,99.58505249023438,0,335872,33210380288,8589930496,1915121664,0
200,1737286269813,2099,1615,1330,1305,1737,2100,1348,1299,1369,1407,400,1245,100,0,0,4.761904716491699,0,4.761904716491699,0,0,0,0,0,0,0,62175.606689453125,127709.69549560547,192.33837890625,100,0,335872,33210380288,8589930496,1915121664,0
200,1737286270013,2099,1669,1476,1388,1860,2100,1500,1499,1500,1500,1263,1500,100,0,0,0,4.761904716491699,0,0,0,0,4.761904716491699,0,4.761904716491699,0,62177.2802734375,127710.27624511719,192.33837890625,100.84033203125,0,335872,33210380288,8589930496,1915121664,0
200,1737286270213,2100,1763,1422,1346,1908,1889,1480,1436,1480,1500,1421,1453,100,0,0,0,0,0,0,0,0,0,0,0,0,62178.97833251953,127710.85046386719,192.33837890625,104.5643081665039,0,335872,33210380288,8589930496,1915121664,0
200,1737286270413,2099,1931,1500,1458,1858,1987,1381,1458,1446,1472,1499,1273,100,0,0,0,0,0,0,0,4.761904716491699,0,0,0,0,62180.447326660156,127711.3115234375,192.33837890625,100,0,335872,33210380288,8589930496,1915121664,0
200,1737286270613,2100,2099,1367,1379,1893,2100,1379,1351,1368,1350,1337,1368,100,0,0,0,0,0,0,0,4.761904716491699,0,0,0,0,62181.82873535156,127711.70721435547,192.33905029296875,95.39749145507813,0,335872,33210380288,8589930496,1915121664,0
200,1737286270813,2100,1997,863,400,1520,400,1386,1348,1454,1411,400,776,100,0,0,0,0,0,0,0,4.761904716491699,0,0,0,0,62183.3193359375,127712.15545654297,192.33905029296875,52.71966552734375,0,335872,33210380288,8589930496,1915121664,0
200,1737286271014,2099,2034,1446,1404,2100,1962,1403,1384,1459,1354,1375,1499,100,0,0,0,0,0,0,0,4.761904716491699,0,0,0,0,62184.634216308594,127712.52087402344,192.33905029296875,50.209205627441406,0,335872,33210380288,8589930496,1915121664,0
200,1737286271214,2100,1714,1317,1452,1926,1940,1403,1387,1432,1334,1366,1263,100,0,0,0,0,0,0,0,0,0,0,0,0,62186.015625,127713.01959228516,192.33905029296875,100.41841125488281,0,335872,33210380288,8589930496,1915121664,0
200,1737286271414,2099,1754,1387,1380,1778,1505,1409,1368,1367,1208,1170,1469,100,0,0,0,0,0,0,4.761904716491699,0,0,4.761904716491699,0,0,62187.39953613281,127713.65167236328,192.33905029296875,100.41841125488281,0,335872,33210380288,8589930496,1915121664,0
200,1737286271614,2100,1977,1284,1406,1988,1875,1406,1479,1412,1474,1341,1326,100,0,0,4.761904716491699,0,4.761904716491699,4.761904716491699,0,0,4.761904716491699,0,0,0,62188.781982421875,127714.2808227539,192.33905029296875,100,0,335872,33210380288,8589930496,1915121664,0
200,1737286271814,2100,1690,1500,910,1691,1274,400,1157,1343,1091,988,1192,100,0,0,4.761904716491699,0,4.761904716491699,4.761904716491699,0,0,4.761904716491699,0,0,0,62190.161560058594,127714.91149902344,192.33905029296875,100,0,335872,33210380288,8589930496,1915121664,0
200,1737286272014,2100,2054,1456,1477,1892,1938,1448,1446,1477,1471,1411,1479,100,0,0,4.761904716491699,0,4.761904716491699,4.761904716491699,0,0,4.761904716491699,0,0,0,62191.543701171875,127715.54266357422,192.33905029296875,50.10437774658203,0,335872,33210380288,8589930496,1915121664,0
200,1737286272215,2100,2051,1438,1499,1802,1938,1294,1444,1425,1356,834,400,100,0,0,4.761904716491699,0,4.761904716491699,4.761904716491699,0,0,4.761904716491699,0,0,0,62192.934143066406,127716.17608642578,192.33905029296875,100,0,335872,33210380288,8589930496,1915121664,0
200,1737286272415,2100,2100,1398,1412,2100,462,1439,1499,1369,1500,400,1276,100,0,0,4.761904716491699,0,4.761904716491699,4.761904716491699,0,0,4.761904716491699,0,0,0,62194.31115722656,127716.63732910156,192.33905029296875,100.84033203125,0,335872,33210380288,8589930496,1915121664,0
200,1737286272615,2100,1985,1347,1371,1921,1901,1460,1109,1499,1499,1343,1437,100,0,0,4.761904716491699,0,4.761904716491699,4.761904716491699,0,0,4.761904716491699,0,0,0,62195.76190185547,127717.07250976563,192.33905029296875,100,0,335872,33210380288,8589930496,1915121664,0
200,1737286272815,2099,2099,1347,1351,1961,1947,1500,1464,1500,1499,1499,1412,100,0,0,4.761904716491699,0,4.761904716491699,4.761904716491699,0,0,4.761904716491699,0,0,0,62197.423583984375,127717.63134765625,192.33905029296875,99.58505249023438,0,335872,33210380288,8589930496,1915121664,0
199,1737286273015,2100,2002,1386,1374,1892,1964,1476,1444,1468,1470,1267,1335,100,1.4492753744125366,0.7092198133468628,0,0.7142857313156128,0.7142857313156128,0.7142857313156128,0.7142857313156128,0,0.7142857313156128,0.7142857313156128,0.7142857313156128,0,62199.08544921875,127718.20275878906,192.33905029296875,99.58505249023438,0,335872,33210380288,8589930496,1915121664,0
200,1737286273216,2099,2100,1500,1357,1907,1948,1368,1402,1385,1468,400,1499,100,1.4492753744125366,0.7092198133468628,0,0.7142857313156128,0.7142857313156128,0.7142857313156128,0.7142857313156128,0,0.7142857313156128,0.7142857313156128,0.7142857313156128,0,62200.76086425781,127718.78509521484,192.33905029296875,100.41841125488281,0,335872,33210380288,8589930496,1915121664,0
200,1737286273416,2100,1900,1364,1420,1970,1973,1416,1448,1390,1293,1296,1335,100,0,0,0,4.761904716491699,0,0,0,0,0,0,0,0,62202.1259765625,127719.16790771484,192.33905029296875,100,0,335872,33210380288,8589930496,1915121664,0
200,1737286273616,2100,1779,1326,1360,1912,1912,1155,1102,1115,1219,1380,1355,100,0,0,0,0,0,0,0,4.761904716491699,0,0,0,0,62203.537170410156,127719.57678222656,192.33905029296875,100.84033203125,0,335872,33210380288,8589930496,1915121664,0
200,1737286273816,2100,2099,1469,1499,1995,1973,1472,1500,1500,1500,400,1462,100,0,0,0,0,0,0,0,0,0,0,0,0,62204.945556640625,127719.9867553711,192.33905029296875,100.41841125488281,0,335872,33210380288,8589930496,1915121664,0
200,1737286274016,2099,2100,1500,1500,1968,1983,1499,1499,1455,1499,1200,1481,100,0,0,0,0,0,0,0,0,0,0,0,0,62206.288818359375,127720.35943603516,192.33905029296875,99.58505249023438,0,335872,33210380288,8589930496,1915121664,0
200,1737286274216,2100,1943,1358,1477,1982,1754,1482,1464,1473,1436,1313,1458,100,0,4.761904716491699,0,0,0,0,0,4.761904716491699,0,0,0,0,62207.676208496094,127720.966796875,192.33905029296875,100.41841125488281,0,335872,33210380288,8589930496,1915121664,0
200,1737286274417,2100,2100,400,400,1686,784,1365,1431,1452,400,400,400,100,0,4.761904716491699,0,0,0,0,0,4.761904716491699,0,0,0,0,62209.057861328125,127721.59747314453,192.33905029296875,50.10437774658203,0,335872,33210380288,8589930496,1915121664,0
200,1737286274617,2100,543,661,459,1235,1793,1369,1193,1367,1443,400,400,100,3.3333334922790527,0,1.6393442153930664,1.6393442153930664,1.6666667461395264,1.6666667461395264,0,0,0,0,1.6393442153930664,0,62210.43975830078,127722.22790527344,192.33905029296875,50.10437774658203,0,335872,33210380288,8589930496,1915121664,0
200,1737286274817,2100,528,400,1010,1905,1671,1252,1348,1434,1319,1007,400,100,0,0,0,0,0,0,0,0,0,0,0,0,62211.82861328125,127722.86682128906,192.33905029296875,100.41841125488281,0,335872,33210380288,8589930496,1915121664,0
200,1737286275017,2100,1665,1426,1415,1801,1846,1296,1360,1428,1372,400,400,100,0,0,0,0,0,0,0,0,0,0,0,0,62213.205627441406,127723.4946899414,192.33905029296875,100.41841125488281,0,335872,33210380288,8589930496,1915121664,0
200,1737286275217,2100,2100,1462,1461,2099,2100,1500,1500,1499,1500,1464,1479,100,0,4.761904716491699,0,0,4.761904716491699,0,4.761904716491699,0,0,0,0,0,62214.566955566406,127724.08215332031,192.33905029296875,100,0,335872,33210380288,8589930496,1915121664,0
200,1737286275417,2100,1274,1364,1455,1888,1914,1436,1443,1377,400,1247,1326,100,0,0,0,0,0,4.761904716491699,0,0,0,4.761904716491699,0,0,62215.967834472656,127724.48681640625,192.33905029296875,99.58505249023438,0,335872,33210380288,8589930496,1915117568,0
200,1737286275618,2100,1586,1499,1338,400,1970,1426,1462,1365,1444,1091,1499,100,0,0,0,0,0,0,4.761904716491699,0,0,0,0,0,62217.515686035156,127724.98468017578,192.33905029296875,100.41841125488281,0,335872,33210380288,8589930496,1915117568,0
199,1737286275818,2100,1871,1410,1464,1763,1953,1497,1341,1360,1462,1431,1271,100,0,0,0,0,0,0,4.761904716491699,0,0,0,0,0,62219.199951171875,127725.5737915039,192.33905029296875,100.41841125488281,0,335872,33210380288,8589930496,1915117568,0
200,1737286276018,2099,2100,1489,1455,2100,1911,1499,1499,1500,1499,400,1441,100,0,0,0,0,0,0,0,0,0,0,0,0,62220.874084472656,127726.12725830078,192.33905029296875,100,0,335872,33210380288,8589930496,1915117568,0
199,1737286276218,2099,1657,1469,1474,2099,1901,1500,1499,1499,1454,400,1500,100,0,0,0,0,0,0,0,0,0,0,0,0,62222.38104248047,127726.619140625,192.33905029296875,100,0,335872,33210380288,8589930496,1915117568,0
200,1737286276418,2100,1983,1427,1347,1874,2099,1377,1481,1472,1499,1377,1500,100,0,0,0,5,0,0,0,0,0,0,4.761904716491699,0,62223.75762939453,127727.00872802734,192.33905029296875,100.84033203125,0,335872,33210380288,8589930496,1915117568,0
200,1737286276618,2100,2040,1499,1470,2099,1890,1332,1356,1361,1293,400,1432,100,0,0,4.761904716491699,0,4.761904716491699,0,0,4.761904716491699,0,0,0,0,62225.204345703125,127727.43231201172,192.33905029296875,99.58505249023438,0,335872,33210380288,8589930496,1915117568,0
200,1737286276819,2100,681,1436,1342,400,400,1063,1316,1220,1084,1500,1473,100,0,0,0,0,0,0,0,0,4.761904716491699,0,0,0,62226.55535888672,127727.81518554688,192.33905029296875,100.41841125488281,0,335872,33210380288,8589930496,1915117568,0
200,1737286277019,2100,2099,1469,1445,1979,1885,1422,1416,1478,1436,1413,1446,100,0,0,0,0,0,0,0,0,4.761904716491699,0,0,0,62227.91662597656,127728.26727294922,192.33905029296875,100.41841125488281,0,335872,33210380288,8589930496,1915117568,0
200,1737286277219,2100,1989,1442,1468,1898,1939,1389,1389,1458,1470,400,1370,100,0,0,0,0,0,0,0,0,4.761904716491699,0,0,0,62229.305603027344,127728.90399169922,192.33905029296875,50.10437774658203,0,335872,33210380288,8589930496,1915117568,0
200,1737286277419,2100,1770,1400,1417,1876,1766,1281,1456,1369,1454,1301,1362,100,0,0,0,0,0,0,0,0,4.761904716491699,0,0,0,62230.681701660156,127729.53240966797,192.33905029296875,100,0,335872,33210380288,8589930496,1915117568,0
200,1737286277619,2100,1667,1394,400,1657,1814,400,1268,1341,528,400,1305,100,0,0,0,0,0,0,0,0,4.761904716491699,0,0,0,62232.054931640625,127730.158203125,192.33905029296875,100.41841125488281,0,335872,33210380288,8589930496,1915117568,0
200,1737286277819,2100,1215,400,400,1705,1664,815,845,784,1453,549,400,100,0,0,0,0,0,0,0,0,4.761904716491699,0,0,0,62233.44757080078,127730.78894042969,192.33905029296875,100.41841125488281,0,335872,33210380288,8589930496,1915117568,0
200,1737286278019,2100,2099,1500,1475,1854,2006,1472,1402,1418,1480,400,1500,100,0,0,0,0,0,0,0,0,4.761904716491699,0,0,0,62234.82586669922,127731.4281616211,192.33905029296875,100,0,335872,33210380288,8589930496,1915117568,0
200,1737286278220,2100,2024,1220,1197,1368,1830,1423,1464,1457,1456,1390,1328,100,0,0,0,0,0,0,0,0,4.761904716491699,0,0,0,62236.183349609375,127731.90789794922,192.33905029296875,100.41841125488281,0,335872,33210380288,8589930496,1915117568,0
200,1737286278420,2099,2062,1464,1471,2024,2100,1499,1443,1439,1500,400,1124,100,0,0,0,0,0,0,0,0,4.761904716491699,0,0,0,62237.62969970703,127732.34002685547,192.33905029296875,100,0,335872,33210380288,8589930496,1915117568,0
200,1737286278620,2099,2100,1292,1326,1927,1985,1380,1432,1465,1398,1294,1248,100,0,0,0,0,0,0,0,0,4.761904716491699,0,0,0,62239.286682128906,127732.89599609375,192.33905029296875,100.41841125488281,0,335872,33210380288,8589930496,1915117568,0
200,1737286278820,2100,2005,1450,1390,2100,2100,1430,1433,1499,1499,483,1464,100,0,0,0,0,0,0,0,0,4.761904716491699,0,0,0,62240.938720703125,127733.46795654297,192.33905029296875,100,0,335872,33210380288,8589930496,1915117568,0
200,1737286279020,2099,2021,1452,1456,2099,2004,1430,1378,1354,1370,1224,1372,100,0,0,0,0,0,0,0,0,4.761904716491699,0,0,0,62242.67156982422,127734.0830078125,192.33905029296875,100,0,335872,33210380288,8589930496,1915117568,0
200,1737286279221,2100,1967,1405,1457,1958,1992,1188,1219,1256,1218,1408,1427,100,0,0,0,0,0,0,0,0,4.761904716491699,0,0,0,62244.01678466797,127734.4580078125,192.33905029296875,100.41841125488281,0,335872,33210380288,8589930496,1915117568,0
199,1737286279421,2100,508,400,400,1975,400,1395,1383,1381,1418,870,400,100,0,0,0,0,0,0,0,0,4.761904716491699,0,0,0,62245.399169921875,127734.8511352539,192.33905029296875,100.84033203125,0,335872,33210380288,8589930496,1915117568,0
200,1737286279621,2100,2055,1202,1475,2100,2080,1499,1499,1500,1500,1405,1477,100,0,0,0,0,0,0,0,0,4.761904716491699,0,0,0,62246.845275878906,127735.27661132813,192.33905029296875,100,0,335872,33210380288,8589930496,1915117568,0
200,1737286279821,2100,1965,1446,1361,1872,1942,1500,1500,1452,1499,1341,1402,100,0,0,0,0,0,0,0,0,4.761904716491699,0,0,0,62248.18786621094,127735.65283203125,192.33905029296875,100.84033203125,0,335872,33210380288,8589930496,1915117568,0
200,1737286280021,2100,1770,1406,1389,1789,1866,1499,1457,1500,1499,400,400,100,0,0,0,0,0,0,0,0,4.761904716491699,0,0,0,62249.559631347656,127736.22082519531,192.33905029296875,100,0,335872,33210380288,8589930496,1915117568,0
200,1737286280221,2100,1890,1180,1424,2100,1745,1500,1499,1500,1499,1345,1346,100,0.9036144018173218,0.5882353186607361,0.29498523473739624,0.5882353186607361,0.5899704694747925,0.8823530077934265,0.5882353186607361,0.5882353186607361,0.5882353186607361,0.29411765933036804,0.29498523473739624,0,62250.94885253906,127736.85662841797,192.33905029296875,100,0,335872,33210380288,8589930496,1915117568,0
199,1737286280422,2100,1885,1499,1499,1883,1864,1471,1499,1499,1500,1500,1234,100,0,0,0,0,0,0,0,0,4.761904716491699,0,0,0,62252.33874511719,127737.49310302734,192.33905029296875,100.41841125488281,0,335872,33210380288,8589930496,1915080704,0
200,1737286280622,2100,1255,400,400,757,1801,400,1381,1451,1459,1432,400,100,0,0,0,0,0,0,0,0,4.761904716491699,0,0,0,62253.721618652344,127738.12371826172,192.33978271484375,99.58505249023438,0,335872,33210380288,8589930496,1915080704,0
200,1737286280822,2100,1894,1402,1453,1951,1827,1415,1355,1461,1419,1321,1402,100,0,0,0,0,0,0,0,0,4.761904716491699,0,0,0,62255.10791015625,127738.75506591797,192.33978271484375,50.31446838378906,0,335872,33210380288,8589930496,1915080704,0
200,1737286281022,2100,1950,1499,1475,2011,2100,1467,1481,1482,1448,1362,1390,100,0,0,0,0,0,0,0,0,4.761904716491699,0,0,0,62256.49279785156,127739.38397216797,192.33978271484375,100.84033203125,0,335872,33210380288,8589930496,1915080704,0
200,1737286281222,2100,1974,1471,1499,2015,1950,1500,1443,1484,1476,1394,1467,100,0,0,0,0,0,0,0,0,4.761904716491699,0,0,0,62257.892639160156,127739.79187011719,192.33978271484375,99.58505249023438,0,335872,33210380288,8589930496,1915080704,0
200,1737286281422,2100,1993,1252,1348,1643,1967,1464,1371,1462,1456,1252,1257,100,0,0,0,0,0,0,0,0,4.761904716491699,0,0,0,62259.40594482422,127740.2611694336,192.33978271484375,99.58505249023438,0,335872,33210380288,8589930496,1915080704,0
200,1737286281622,2100,2100,1462,1443,1939,2099,1315,1374,1375,1390,1176,1407,100,1.0309277772903442,0,0,1,1,0,1,1,0,1,0,0,62261.115234375,127740.86004638672,192.33978271484375,100.41841125488281,0,335872,33210380288,8589930496,1915080704,0
200,1737286281823,2100,2091,1455,400,2099,2100,1500,1500,1500,1500,1355,400,100,0,0,0,5,0,5,0,0,0,0,0,0,62262.76580810547,127741.4105834961,192.33978271484375,100.41841125488281,0,335872,33210380288,8589930496,1915080704,0
200,1737286282023,2100,1870,1396,1407,1749,1964,1142,1142,1132,1238,1330,1421,100,0,0,0,5,0,5,0,0,0,0,0,0,62264.330810546875,127741.9310913086,192.33978271484375,100,0,335872,33210380288,8589930496,1915080704,0
200,1737286282223,2100,1818,1437,1374,2100,1976,1411,1478,1499,1500,1388,1499,100,0,0,0,5,0,5,0,0,0,0,0,0,62265.72082519531,127742.32556152344,192.33978271484375,50.10437774658203,0,335872,33210380288,8589930496,1915080704,0
200,1737286282423,2100,1957,1425,1410,1831,1565,1416,1425,1479,1419,1396,1410,100,0,0,0,5,0,5,0,0,0,0,0,0,62267.173828125,127742.75280761719,192.33978271484375,100,0,335872,33210380288,8589930496,1915080704,0
200,1737286282623,2100,2100,1476,1457,2100,2100,1500,1435,1500,1428,1421,1453,100,0,0,0,5,0,5,0,0,0,0,0,0,62268.537109375,127743.1304321289,192.33978271484375,100,0,335872,33210380288,8589930496,1915080704,0
200,1737286282823,2100,2051,1318,1251,1926,1889,1359,1448,1450,1395,1207,1276,100,0,4.761904716491699,0,0,0,0,0,0,0,5,4.761904716491699,0,62269.913818359375,127743.56591796875,192.33978271484375,100.41841125488281,0,335872,33210380288,8589930496,1915080704,0
200,1737286283024,2099,2058,1472,1442,1888,2100,1386,1399,1402,1459,400,1474,100,0,4.761904716491699,0,0,0,0,0,0,0,5,4.761904716491699,0,62271.30145263672,127744.19427490234,192.33978271484375,100.41841125488281,0,335872,33210380288,8589930496,1915080704,0
200,1737286283224,2100,1871,1173,1296,1707,1916,1396,1455,1414,1448,1413,1422,100,0,0,0,0,0,0,0,0,0,0,0,0,62272.685485839844,127744.82403564453,192.33978271484375,100.84033203125,0,335872,33210380288,8589930496,1915080704,0
200,1737286283424,2100,2013,1363,1429,1704,1877,1446,1351,1383,1407,400,1453,100,4.761904716491699,0,0,0,0,0,0,0,0,0,0,0,62274.06823730469,127745.45422363281,192.33978271484375,100.84033203125,0,335872,33210380288,8589930496,1915080704,0
200,1737286283624,2100,2028,1342,1451,1876,1785,1279,1282,1311,1326,400,1499,100,4.761904716491699,0,0,0,0,0,0,0,0,0,0,0,62275.457946777344,127746.08532714844,192.33978271484375,50.10437774658203,0,335872,33210380288,8589930496,1915080704,0
200,1737286283824,2099,1862,1500,1500,2099,1808,1450,1380,1455,1446,1499,1475,100,4.761904716491699,0,0,0,0,0,0,0,0,0,0,0,62276.838928222656,127746.71545410156,192.33978271484375,100.41841125488281,0,335872,33210380288,8589930496,1915080704,0
200,1737286284024,2100,1563,1411,1396,1960,1867,1457,1499,1475,1477,1276,1444,100,4.761904716491699,0,0,0,0,0,0,0,0,0,0,0,62278.21026611328,127747.24908447266,192.33978271484375,99.58505249023438,0,335872,33210380288,8589930496,1915080704,0
200,1737286284224,2100,1667,1293,1463,1929,1968,1467,1408,1456,1458,1370,1476,100,4.761904716491699,0,0,0,0,0,0,0,0,0,0,0,62279.606872558594,127747.64337158203,192.33978271484375,99.58505249023438,0,335872,33210380288,8589930496,1915080704,0
200,1737286284425,2100,491,400,400,1446,1968,1426,1463,1338,1500,854,1022,100,4.761904716491699,0,0,0,0,0,0,0,0,0,0,0,62281.23815917969,127748.17767333984,192.33978271484375,50.209205627441406,0,335872,33210380288,8589930496,1915080704,0
200,1737286284625,2100,1923,1457,400,2054,2100,1499,1463,1499,1500,1429,1349,100,4.761904716491699,0,0,0,0,0,0,0,0,0,0,0,62282.91247558594,127748.75610351563,192.33978271484375,99.1735610961914,0,335872,33210380288,8589930496,1915080704,0
200,1737286284825,2100,2100,1465,1438,1993,2100,1474,1403,1499,1431,1361,1428,100,4.761904716491699,0,0,0,0,0,0,0,0,0,0,0,62284.627685546875,127749.34313964844,192.33978271484375,100.41841125488281,0,335872,33210380288,8589930496,1915080704,0
200,1737286285025,2099,2100,1477,1439,2099,2007,1397,1458,1449,1499,1500,400,100,4.761904716491699,0,0,0,0,0,0,0,0,0,0,0,62286.058044433594,127749.77526855469,192.33978271484375,100,0,335872,33210380288,8589930496,1915080704,0
200,1737286285225,2100,2021,1305,1394,1539,1974,1382,1363,1439,1493,1239,1335,100,4.761904716491699,0,0,0,0,0,0,0,0,0,0,0,62287.43957519531,127750.1636352539,192.33978271484375,105.4393310546875,0,335872,33210380288,8589930496,1915080704,0
162,1737286285463,2100,1917,1500,1479,2100,1848,1352,1405,1410,1466,1499,1478,100,4.761904716491699,0,0,0,0,0,0,0,0,0,0,0,62289.162048339844,127750.66827392578,192.33978271484375,97.52649688720703,0,335872,33210380288,8589930496,1915080704,0
200,1737286285626,2099,1976,400,1425,2100,2100,1499,1500,1499,1499,1348,1417,100,4.761904716491699,0,0,0,0,0,0,0,0,0,0,0,62290.25439453125,127750.97338867188,192.33978271484375,72.08480072021484,0,335872,33210380288,8589930496,1915080704,0
200,1737286285826,2100,1942,1478,1453,1884,2100,1430,1442,1434,1472,1330,1450,100,4.761904716491699,0,0,0,0,0,0,0,0,0,0,0,62291.63293457031,127751.49700927734,192.33978271484375,55.17241287231445,0,335872,33210380288,8589930496,1915080704,0
200,1737286286026,2100,1757,793,807,400,1768,833,816,1127,1368,808,979,100,4.761904716491699,0,0,0,0,0,0,0,0,0,0,0,62293.01971435547,127752.13006591797,192.33978271484375,55.17241287231445,0,335872,33210380288,8589930496,1915080704,0
200,1737286286226,2099,552,400,400,1421,420,1064,1456,902,1068,400,691,100,4.761904716491699,0,0,0,0,0,0,0,0,0,0,0,62294.40899658203,127752.76281738281,192.33978271484375,50.31446838378906,0,335872,33210380288,8589930496,1915080704,0
200,1737286286426,2100,1973,1389,400,2055,1976,1498,1429,1477,1475,1394,1430,100,4.761904716491699,0,0,0,0,0,0,0,0,0,0,0,62295.78338623047,127753.38659667969,192.33978271484375,99.1735610961914,0,335872,33210380288,8589930496,1915080704,0
200,1737286286627,2100,2058,1396,1442,1804,1781,1320,1332,1325,1345,1359,400,100,4.761904716491699,0,0,0,0,0,0,0,0,0,0,0,62297.17297363281,127754.0181274414,192.33978271484375,100.84033203125,0,335872,33210380288,8589930496,1915080704,0
200,1737286286827,2100,2041,1429,1417,1835,1898,1276,1340,1399,1431,1365,1443,100,4.761904716491699,0,0,0,0,0,0,0,0,0,0,0,62298.55291748047,127754.64685058594,192.33978271484375,100.84033203125,0,335872,33210380288,8589930496,1915080704,0
200,1737286287027,2100,1781,400,1218,1813,1485,400,400,400,400,400,400,100,4.761904716491699,0,0,0,0,0,0,0,0,0,0,0,62299.94140625,127755.0806274414,192.33978271484375,50.10437774658203,0,335872,33210380288,8589930496,1915080704,0
200,1737286287227,2099,2028,1186,1463,2100,1780,1471,1444,1470,1435,400,1447,100,4.761904716491699,0,0,0,0,0,0,0,0,0,0,0,62301.426818847656,127755.53369140625,192.33978271484375,100.41841125488281,0,335872,33210380288,8589930496,1915080704,0
200,1737286287427,2099,1982,1414,1398,1555,1973,1366,1466,1338,1422,400,1299,100,4.761904716491699,0,0,0,0,0,0,0,0,0,0,0,62303.12322998047,127756.10919189453,192.33978271484375,99.58505249023438,0,335872,33210380288,8589930496,1915080704,0
200,1737286287628,2100,1995,1446,1429,2100,1582,859,883,400,1037,400,1430,100,0.46620047092437744,0.2277904450893402,0.45454543828964233,0.9070295095443726,0.6818181872367859,0.45454543828964233,0.6818181872367859,0.4555808901786804,0.9070295095443726,0.45454543828964233,0.45454543828964233,0,62304.77282714844,127756.6713256836,192.33978271484375,99.58505249023438,0,335872,33210380288,8589930496,1915080704,0
200,1737286287828,2100,1884,1435,1451,1892,2100,1432,1500,1500,1378,1446,1477,100,0,0,0,0,0,0,0,0,0,0,0,0,62306.41064453125,127757.23291015625,192.33978271484375,100.84033203125,0,335872,33210380288,8589930496,1915080704,0
200,1737286288028,2100,1692,1436,1499,1828,1845,1500,1500,1500,1499,400,400,100,4.761904716491699,0,0,0,4.761904716491699,0,0,4.761904716491699,0,0,0,0,62307.780212402344,127757.61560058594,192.33978271484375,100,0,335872,33210380288,8589930496,1915080704,0
200,1737286288228,2100,2100,1471,1477,1917,2016,1459,1438,1500,1454,1279,1486,100,4.761904716491699,0,0,0,4.761904716491699,0,0,4.761904716491699,0,0,0,0,62309.193603515625,127758.02575683594,192.33978271484375,100,0,335872,33210380288,8589930496,1915080704,0
200,1737286288428,2100,1953,1433,1453,1712,1836,1406,1411,1455,1455,1203,1295,100,4.761904716491699,0,0,0,4.761904716491699,0,0,4.761904716491699,0,0,0,0,62310.59698486328,127758.43048095703,192.33978271484375,50.209205627441406,0,335872,33210380288,8589930496,1915080704,0
200,1737286288629,2100,1953,1400,1414,2099,2002,1466,1416,1476,1465,1353,1210,100,0,3.22580623626709,0,0,0,1.6393442153930664,0,0,0,0,0,0,62311.96905517578,127758.82244873047,192.33978271484375,50.209205627441406,0,335872,33210380288,8589930496,1915080704,0
200,1737286288829,2100,2099,1499,400,1989,1891,1464,1453,1409,1500,400,1475,100,0,3.22580623626709,0,0,0,1.6393442153930664,0,0,0,0,0,0,62313.35858154297,127759.45556640625,192.33978271484375,100.84033203125,0,335872,33210380288,8589930496,1915080704,0
199,1737286289029,2100,1830,1430,1424,1770,1916,1425,1446,1365,1416,1292,1376,100,0,0,4.761904716491699,0,0,0,0,0,0,0,0,0,62314.7470703125,127760.08447265625,192.33978271484375,100.41841125488281,0,335872,33210380288,8589930496,1915080704,0
200,1737286289229,2100,2022,1499,1455,1837,1932,1316,1302,1318,1286,1292,1448,100,0,0,4.761904716491699,0,0,0,0,0,0,0,0,0,62316.14178466797,127760.7191772461,192.33978271484375,100,0,335872,33210380288,8589930496,1915080704,0
200,1737286289429,2100,1958,1411,1406,2100,2100,400,1476,1282,1475,1392,1366,100,0,0,0,0,0,0,0,0,0,0,0,0,62317.54504394531,127761.36053466797,192.33978271484375,100,0,335872,33210380288,8589930496,1915080704,0
200,1737286289629,2100,1759,1271,1166,1802,1645,1422,1396,1081,1178,970,971,100,0,0,0,0,0,0,0,0,0,0,0,0,62318.911560058594,127761.98071289063,192.33978271484375,100.84033203125,0,335872,33210380288,8589930496,1915080704,0
200,1737286289829,2099,2100,1199,1266,1861,1975,1252,1404,1440,1499,1310,1271,100,0,0,0,0,0,0,0,0,0,0,0,0,62320.29284667969,127762.5463256836,192.33978271484375,50,0,335872,33210380288,8589930496,1915080704,0
200,1737286290030,2099,2038,1475,1441,1906,2000,1314,1402,1402,1403,1449,1409,100,0,0,0,0,0,0,0,0,0,0,0,0,62321.71105957031,127762.95806884766,192.33978271484375,100.41841125488281,0,335872,33210380288,8589930496,1915080704,0
199,1737286290230,2100,468,400,400,1161,1423,1473,1443,1303,1402,832,991,100,0,0,0,0,0,0,0,0,0,0,0,0,62323.283447265625,127763.46350097656,192.33978271484375,100.84033203125,0,335872,33210380288,8589930496,1915080704,0
200,1737286290430,2100,1857,1257,1369,1684,400,1226,1011,1162,952,1434,1448,100,0,0,0,0,0,0,0,0,0,0,0,0,62324.95379638672,127764.0435180664,192.33978271484375,100.84033203125,0,335872,33210380288,8589930496,1915080704,0
200,1737286290630,2100,2099,400,1354,1890,2100,1015,1499,1427,1478,400,1412,100,0,0,0,0,0,0,0,0,0,0,0,0,62326.66857910156,127764.6284790039,192.33978271484375,99.58505249023438,0,335872,33210380288,8589930496,1915080704,0
200,1737286290830,2100,2100,1416,1405,1760,2100,1499,1365,1500,1500,1290,1427,100,5,0,0,0,0,0,0,4.761904716491699,0,0,0,0,62328.15026855469,127765.09399414063,192.33978271484375,100.84033203125,0,335872,33210380288,8589930496,1915080704,0
199,1737286291030,2100,499,400,400,1923,1579,1500,1427,1429,1395,860,400,100,0,0,0,0,0,0,4.761904716491699,4.761904716491699,4.761904716491699,0,0,0,62329.533752441406,127765.48986816406,192.33978271484375,100,0,335872,33210380288,8589930496,1915080704,0
200,1737286291230,2100,2100,1435,1365,1655,1957,1467,1474,1394,1409,1261,1450,100,0,0,0,0,0,0,4.761904716491699,4.761904716491699,4.761904716491699,0,0,0,62331.017028808594,127765.93115234375,192.33978271484375,100,0,335872,33210380288,8589930496,1915080704,0
199,1737286291431,2100,547,400,400,1854,400,1389,1500,1462,1437,1154,879,100,0,0,0,0,0,0,4.761904716491699,4.761904716491699,4.761904716491699,0,0,0,62332.343688964844,127766.29370117188,192.33978271484375,50.209205627441406,0,335872,33210380288,8589930496,1915080704,0
200,1737286291631,2100,2055,1499,1475,2017,2100,1500,1499,1499,1426,1480,1500,100,0,0,0,0,0,0,4.761904716491699,4.761904716491699,4.761904716491699,0,0,0,62333.73272705078,127766.79571533203,192.33978271484375,100.41841125488281,0,335872,33210380288,8589930496,1915080704,0
200,1737286291831,2100,1818,1414,1283,1406,1553,1392,1340,1425,1334,1188,1390,100,0,0,0,0,0,0,4.761904716491699,4.761904716491699,4.761904716491699,0,0,0,62335.11456298828,127767.42266845703,192.33978271484375,100.41841125488281,0,335872,33210380288,8589930496,1915080704,0
199,1737286292031,2100,2100,1478,1499,2100,2100,1483,1483,1483,1483,1499,1478,100,0,0,0,4.761904716491699,0,0,0,0,0,0,0,0,62336.51354980469,127768.05578613281,192.33978271484375,100.41841125488281,0,335872,33210380288,8589930496,1915080704,0
200,1737286292231,2100,536,400,400,1563,436,400,400,400,400,400,400,100,0,0,0,4.761904716491699,0,0,0,0,0,0,0,0,62337.887939453125,127768.68676757813,192.33978271484375,100,0,335872,33210380288,8589930496,1915080704,0
200,1737286292431,2100,2037,1401,1413,1980,1915,1413,1398,1458,1464,1401,1352,100,0,0,0,0,0,0,0,0,0,0,0,0,62339.27258300781,127769.31628417969,192.33978271484375,100,0,335872,33210380288,8589930496,1915080704,0
199,1737286292632,2100,2100,400,1444,1987,1938,1357,1379,1372,1342,1403,1438,100,0,0,0,0,0,0,0,0,0,0,0,0,62340.674560546875,127769.94647216797,192.33978271484375,100.41841125488281,0,335872,33210380288,8589930496,1915080704,0
199,1737286292832,2100,2014,400,1416,1897,1903,1500,1500,1500,400,1499,1457,100,0,0,0,0,0,0,0,0,0,0,0,0,62342.035583496094,127770.40606689453,192.33978271484375,100.84033203125,0,335872,33210380288,8589930496,1915080704,0
199,1737286293032,2100,2020,400,400,1942,1807,1138,400,400,400,927,819,100,0,0,0,0,0,0,0,0,0,0,0,0,62343.49560546875,127770.84753417969,192.34039306640625,100.41841125488281,0,335872,33210380288,8589930496,1915080704,0
200,1737286293232,2100,2099,1500,1499,1910,1864,1439,1431,1456,1414,1500,1424,100,0,0,0,0,0,0,0,0,0,0,0,0,62345.162109375,127771.4077758789,192.34039306640625,50.10437774658203,0,335872,33210380288,8589930496,1915080704,0
199,1737286293432,2100,2003,1470,1471,1967,1972,1383,1385,1429,1343,1477,1474,100,0,0,0,0,0,0,0,0,0,0,0,0,62346.83380126953,127771.98797607422,192.34039306640625,100.41841125488281,0,335872,33210380288,8589930496,1915080704,0
200,1737286293632,2100,2019,1493,1455,2100,1946,1417,1396,1500,1391,1267,1456,100,0,0,0,0,0,0,0,0,0,0,0,0,62348.50457763672,127772.56762695313,192.34039306640625,100.41841125488281,0,335872,33210380288,8589930496,1915080704,0
200,1737286293832,2100,2049,1446,1405,1555,1487,1312,1274,1443,1445,400,1460,100,0,5,0,0,0,0,0,0,0,0,0,0,62349.870056152344,127772.9545288086,192.34039306640625,100.41841125488281,0,335872,33210380288,8589930496,1915080704,0
200,1737286294033,2099,1538,400,975,1133,400,1414,1313,1330,1348,400,1272,100,0,0,0,0,0,0,0,4.761904716491699,0,0,4.761904716491699,0,62351.285888671875,127773.36633300781,192.34039306640625,100.41841125488281,0,335872,33210380288,8589930496,1915080704,0
200,1737286294233,2100,2046,1403,1445,2100,2100,1500,1499,1377,1500,1440,1430,100,0,0,0,0,0,0,0,0,0,0,0,0,62352.69122314453,127773.77239990234,192.34039306640625,100,0,335872,33210380288,8589930496,1915080704,0
200,1737286294433,2100,2029,400,795,1877,2100,1500,1499,1500,1500,1400,400,100,0,0,0,0,0,0,0,0,0,0,0,0,62354.035888671875,127774.14965820313,192.34039306640625,100.41841125488281,0,335872,33210380288,8589930496,1915080704,0
200,1737286294633,2099,1480,1423,1423,1770,1692,1175,1234,1235,1052,1130,1362,100,0,0,0,0,0,0,0,0,0,0,0,0,62355.420959472656,127774.7578125,192.34039306640625,100.41841125488281,0,335872,33210380288,8589930496,1915080704,0
200,1737286294833,2100,1794,1500,1482,1969,2099,1500,1347,1466,1433,1296,1499,100,0,0,0,0,0,0,0,0,0,0,0,0,62356.80487060547,127775.38836669922,192.34039306640625,50.209205627441406,0,335872,33210380288,8589930496,1915080704,0
200,1737286295033,2099,2100,1372,1426,1591,1837,1432,1392,1451,1407,1407,1429,100,0,0,0,0,0,0,0,0,0,0,0,0,62358.18377685547,127776.0126953125,192.34039306640625,100,0,335872,33210380288,8589930496,1915080704,0
200,1737286295234,2100,1746,1427,1455,1645,1821,1333,1299,1336,1263,854,1499,100,0,0,0,0,0,0,0,0,0,0,0,0,62359.56689453125,127776.6460571289,192.34039306640625,100.84033203125,0,335872,33210380288,8589930496,1915080704,0
200,1737286295434,2100,2052,1457,1458,1986,1943,1459,1459,1459,1409,400,400,100,0,0,0,0,0,0,0,0,0,0,0,0,62360.93798828125,127777.27227783203,192.34039306640625,100.84033203125,0,335872,33210380288,8589930496,1915080704,0
200,1737286295634,2100,1837,1346,1413,1753,1872,1301,1317,1256,1273,1431,1403,100,0,0,0,0,0,0,0,0,0,0,0,0,62362.321838378906,127777.88598632813,192.34039306640625,100,0,335872,33210380288,8589930496,1915080704,0
199,1737286295834,2099,1997,1457,1391,1840,1704,1499,1373,1469,1478,1442,1465,100,0,0,0,0,4.761904716491699,0,0,0,0,4.761904716491699,0,0,62363.71081542969,127778.28485107422,192.34039306640625,100.84033203125,0,335872,33210380288,8589930496,1915080704,0
200,1737286296034,2100,1970,1386,1476,2100,2100,1471,1471,1499,1468,1467,1334,100,5,0,0,0,0,4.761904716491699,0,0,0,0,0,0,62365.25897216797,127778.77612304688,192.34039306640625,99.58505249023438,0,335872,33210380288,8589930496,1915080704,0
200,1737286296234,2100,2035,1157,400,1504,1883,400,400,400,1465,1029,1090,100,0,4.761904716491699,0,0,0,0,0,0,0,0,0,0,62366.9580078125,127779.3745727539,192.34039306640625,100.41841125488281,0,335872,33210380288,8589930496,1915080704,0
200,1737286296435,2100,2040,1479,1499,2028,2100,1343,1500,1500,1500,1500,1417,100,0,0,0,0,0,4.761904716491699,0,0,0,0,0,0,62368.63049316406,127779.93450927734,192.34039306640625,100,0,335872,33210380288,8589930496,1915080704,0
200,1737286296635,2100,1739,400,1253,400,1918,400,1095,1125,1019,1449,400,100,0,0,0,0,0,4.761904716491699,0,0,0,0,0,0,62370.16552734375,127780.43963623047,192.34039306640625,100.41841125488281,0,335872,33210380288,8589930496,1915080704,0
200,1737286296835,2100,2100,400,1380,2100,2099,1417,1341,1427,1400,1412,1442,100,0,0,0,0,0,0,0,0,0,0,0,0,62371.54895019531,127780.83129882813,192.34039306640625,99.58505249023438,0,335872,33210380288,8589930496,1915080704,0
200,1737286297035,2100,2099,1487,1474,2100,2100,1407,1413,1419,1419,400,1482,100,0,0,0,0,0,0,0,4.761904716491699,4.761904716491699,0,0,0,62372.99835205078,127781.26318359375,192.34039306640625,100.84033203125,0,335872,33210380288,8589930496,1915080704,0
200,1737286297235,2100,2100,1446,1457,1901,2010,1470,1457,1439,1480,400,1434,100,0,0,0,0,0,0,0,0,0,0,0,0,62374.356201171875,127781.64965820313,192.34039306640625,100.41841125488281,0,335872,33210380288,8589930496,1915080704,0
200,1737286297436,2100,2040,1410,1470,1839,2100,1403,1371,1372,1363,1386,1409,100,0,0,0,0,5,0,0,0,0,0,0,0,62375.72344970703,127782.09313964844,192.34039306640625,100,0,335872,33210380288,8589930496,1915080704,0
199,1737286297636,2099,1990,1409,1470,1953,1954,1424,1417,1436,1361,1332,1449,100,0,0,0,0,5,0,0,0,0,0,0,0,62377.10363769531,127782.72497558594,192.34039306640625,100.84033203125,0,335872,33210380288,8589930496,1915080704,0
200,1737286297836,2100,2053,1443,1363,1937,1974,1369,1264,1333,1332,400,1442,100,0,0,0,0,5,0,0,0,0,0,0,0,62378.488220214844,127783.3589477539,192.34039306640625,50.10437774658203,0,335872,33210380288,8589930496,1915080704,0
200,1737286298036,2100,1820,1428,1419,1622,1885,1386,1363,1421,1459,400,1398,100,0,0,0,0,5,0,0,0,0,0,0,0,62379.88073730469,127784.00061035156,192.34039306640625,100.84033203125,0,335872,33210380288,8589930496,1915080704,0
200,1737286298236,2100,1707,1379,1342,1857,1793,1198,1375,1259,1259,960,1317,100,0,1.25,0,0,0,0,0,0,0,0,0,0,62381.259765625,127784.63262939453,192.34039306640625,100.84033203125,0,335872,33210380288,8589930496,1915080704,0
200,1737286298436,2100,1790,1162,1267,1129,1518,1123,1423,1257,1220,829,1221,100,0,0,4.761904716491699,4.761904716491699,0,0,0,0,0,0,5,0,62382.64129638672,127785.2626953125,192.34039306640625,100,0,335872,33210380288,8589930496,1915080704,0
200,1737286298636,2099,1555,883,400,1914,1843,1499,1327,1342,1378,884,400,100,4.761904716491699,0,0,0,4.761904716491699,0,0,0,0,0,4.761904716491699,0,62384.00421142578,127785.76458740234,192.34039306640625,100.41841125488281,0,335872,33210380288,8589930496,1915080704,0
200,1737286298837,2100,1944,1388,986,1825,1420,1438,1435,1456,1287,1340,1261,100,5,0,0,0,0,0,0,0,0,0,0,0,62385.44519042969,127786.19323730469,192.34039306640625,99.1735610961914,0,335872,33210380288,8589930496,1915080704,0
200,1737286299037,2100,1913,1499,1338,1885,1906,1316,1303,1240,1299,1418,1439,100,5,0,0,0,0,0,0,0,0,0,0,0,62387.071350097656,127786.732421875,192.34039306640625,100.41841125488281,0,335872,33210380288,8589930496,1915080704,0
200,1737286299237,2100,1995,1457,1469,1873,2100,1479,1430,1474,1482,1399,1410,100,0,0,0,0,0,0,0,0,0,0,0,0,62388.736572265625,127787.3101196289,192.34039306640625,100.41841125488281,0,335872,33210380288,8589930496,1915080704,0
200,1737286299437,2099,2100,1446,1451,1889,2100,1500,1478,1080,1500,1346,1456,100,0,0,0,0,0,0,0,0,0,0,0,0,62390.460205078125,127787.91345214844,192.34039306640625,100,0,335872,33210380288,8589930496,1915080704,0
200,1737286299637,2100,2100,1474,1448,2100,2099,1433,1440,1498,1475,1500,1447,100,0,0,0,0,0,0,0,0,0,0,0,0,62391.83612060547,127788.31311035156,192.34039306640625,100.84033203125,0,335872,33210380288,8589930496,1915080704,0
200,1737286299837,2099,2056,1378,1207,400,1656,1457,1361,1438,400,1178,1336,100,0,0,0,0,0,0,0,0,0,5,0,0,62393.22784423828,127788.7123413086,192.34039306640625,100,0,335872,33210380288,8589930496,1915080704,0
200,1737286300038,2100,1777,1268,1112,1402,400,1500,1458,1406,1461,1140,1100,100,0,0,0,0,0,0,0,0,0,4.761904716491699,0,0,62394.69415283203,127789.1517944336,192.34039306640625,100.84033203125,0,335872,33210380288,8589930496,1915080704,0
200,1737286300238,2100,2099,1464,1319,1889,2100,1407,1500,1499,1499,400,1469,100,0,0,0,0,4.761904716491699,0,4.761904716491699,0,0,0,0,0,62396.01837158203,127789.51953125,192.34039306640625,100,0,335872,33210380288,8589930496,1915080704,0
200,1737286300438,2099,1044,400,400,400,1842,1499,400,1344,1376,1400,400,100,0,0,0,0,4.761904716491699,0,4.761904716491699,0,0,0,0,0,62397.40350341797,127790.07501220703,192.34039306640625,100,0,335872,33210380288,8589930496,1915072512,0
200,1737286300638,2100,1413,1252,1332,1796,1779,1360,1372,1138,1193,400,1288,100,0,0,0,0,0,4.761904716491699,0,4.761904716491699,5,0,0,0,62398.773681640625,127790.69757080078,192.34039306640625,100,0,335872,33210380288,8589930496,1915072512,0
200,1737286300838,2099,591,400,400,1558,1465,400,400,400,400,1032,400,100,0,0,0,0,0,4.761904716491699,0,4.761904716491699,5,0,0,0,62400.17742919922,127791.33312988281,192.34039306640625,50.420166015625,0,335872,33210380288,8589930496,1915072512,0
200,1737286301039,2100,2047,1391,1447,1757,1791,1369,1271,1360,1373,1500,1382,100,0,0,0,0,0,4.761904716491699,0,4.761904716491699,5,0,0,0,62401.557067871094,127791.97729492188,192.34039306640625,100,0,335872,33210380288,8589930496,1915072512,0
200,1737286301239,2099,2054,1379,1364,1983,1799,1419,1427,1399,1418,1256,1401,100,0,0,0,0,0,4.761904716491699,0,4.761904716491699,5,0,0,0,62402.93798828125,127792.6098022461,192.34039306640625,100,0,335872,33210380288,8589930496,1915072512,0
200,1737286301439,2100,1850,1363,1313,1752,1752,1428,1425,1499,1499,1371,1447,100,0,0,0,0,0,4.761904716491699,0,4.761904716491699,5,0,0,0,62404.31066894531,127793.23657226563,192.34039306640625,50.209205627441406,0,335872,33210380288,8589930496,1915072512,0
200,1737286301639,2100,2100,1479,1362,1988,1971,1500,1473,1479,1479,400,1414,100,0,0,0,0,0,4.761904716491699,0,4.761904716491699,5,0,0,0,62405.692443847656,127793.64001464844,192.34039306640625,100,0,335872,33210380288,8589930496,1915072512,0
200,1737286301839,2099,1728,1499,1400,1942,2099,1443,1360,1499,1485,400,1428,100,0,0,0,0,0,4.761904716491699,0,4.761904716491699,5,0,0,0,62407.21398925781,127794.1185913086,192.34039306640625,105.4393310546875,0,335872,33210380288,8589930496,1915072512,0
200,1737286302039,2099,2046,1434,1374,1905,2100,1500,1473,1348,1470,1401,1419,100,0,0,0,0,0,4.761904716491699,0,4.761904716491699,5,0,0,0,62408.917541503906,127794.71575927734,192.34039306640625,95.39749145507813,0,335872,33210380288,8589930496,1915072512,0
200,1737286302239,2100,1686,866,400,1999,2099,1259,1383,1438,1445,400,400,100,0,0,0,0,0,4.761904716491699,0,4.761904716491699,5,0,0,0,62410.548583984375,127795.25793457031,192.34039306640625,52.71966552734375,0,335872,33210380288,8589930496,1915072512,0
200,1737286302440,2099,1869,400,1028,400,1449,1460,1397,1393,1449,1196,400,100,1.0204081535339355,0.9950248599052429,1,0.9950248599052429,0.9950248599052429,0,0,0.5025125741958618,0,0,0.5,0,62412.129150390625,127795.78924560547,192.34039306640625,50.209205627441406,0,335872,33210380288,8589930496,1915072512,0
200,1737286302640,2100,2046,1500,1414,1970,1760,1351,400,1499,1500,1500,1500,100,0,0,0,0,0,4.761904716491699,0,0,4.761904716491699,0,0,0,62413.5283203125,127796.18737792969,192.34039306640625,100,0,335872,33210380288,8589930496,1915072512,0
200,1737286302840,2100,1847,1457,1499,1877,1956,1442,1334,1500,1435,1500,1354,100,0,0,0,0,0,5,0,0,4.761904716491699,0,0,0,62414.981384277344,127796.61596679688,192.34039306640625,100,0,335872,33210380288,8589930496,1915072512,0
200,1737286303040,2100,2008,1333,1413,1501,1805,1384,1478,1500,1481,1337,1372,100,0,0,0,0,0,0,4.761904716491699,0,0,0,0,0,62416.34240722656,127797.00329589844,192.341064453125,100.41841125488281,0,335872,33210380288,8589930496,1915072512,0
200,1737286303240,2099,1763,1309,1356,1980,1695,1499,1448,1475,1455,1363,1308,100,0,0,0,0,0,0,0,0,0,0,0,0,62417.71276855469,127797.4194946289,192.341064453125,100,0,335872,33210380288,8589930496,1915072512,0
200,1737286303440,2100,2007,1396,400,1928,1979,1455,1421,1395,1469,1348,1396,100,0,0,0,0,0,0,0,0,0,0,0,0,62419.077575683594,127798.03448486328,192.341064453125,100.41841125488281,0,335872,33210380288,8589930496,1915072512,0
200,1737286303641,2099,2060,1478,1459,1980,1932,1467,1423,1400,1465,400,1468,100,0,0,0,0,0,0,0,0,0,0,0,0,62420.476135253906,127798.67651367188,192.341064453125,50.31446838378906,0,335872,33210380288,8589930496,1915072512,0
200,1737286303841,2100,1891,1365,1340,1610,1931,1371,1323,1414,1456,1372,1377,100,0,0,0,0,0,0,0,0,0,0,0,0,62421.86267089844,127799.3071899414,192.341064453125,100.41841125488281,0,335872,33210380288,8589930496,1915072512,0
200,1737286304041,2099,1800,1418,1417,1821,1913,1399,1288,1432,1434,1289,1189,100,0,0,0,0,0,0,0,0,0,0,0,0,62423.245361328125,127799.93774414063,192.341064453125,100,0,335872,33210380288,8589930496,1915072512,0
200,1737286304241,2099,2099,1458,1500,2100,2100,1442,1416,1499,1410,400,1460,100,0,0,0,0,0,0,0,0,0,0,0,0,62424.64227294922,127800.56427001953,192.341064453125,100.41841125488281,0,335872,33210380288,8589930496,1915072512,0
200,1737286304441,2099,1867,400,400,1947,1958,1499,1499,1500,1500,1317,1384,100,0,0,0,0,0,0,0,0,0,0,0,0,62425.996826171875,127801.10137939453,192.341064453125,100.41841125488281,0,335872,33210380288,8589930496,1915072512,0
200,1737286304641,2100,1977,1323,1386,1947,1814,1479,1441,1474,1499,1400,1360,100,0,0,0,0,0,0,0,0,0,0,0,0,62427.43634033203,127801.52349853516,192.341064453125,100,0,335872,33210380288,8589930496,1915072512,0
200,1737286304842,2100,2052,1385,1349,1673,2100,1437,1309,1447,1378,1304,1382,100,0,0,0,0,0,0,0,0,0,0,0,0,62429.03985595703,127802.0458984375,192.341064453125,100.41841125488281,0,335872,33210380288,8589930496,1915072512,0
200,1737286305042,2100,473,400,828,1750,400,1425,1249,1437,1427,914,932,100,0,0,0,0,0,0,0,0,0,0,0,0,62430.710693359375,127802.62585449219,192.341064453125,100.41841125488281,0,335872,33210380288,8589930496,1915072512,0
199,1737286305242,2099,1702,1384,1305,1943,1859,1276,1253,1210,1282,400,1366,100,0,0,0,0,0,0,0,0,0,0,0,0,62432.420166015625,127803.21325683594,192.341064453125,100.84033203125,0,335872,33210380288,8589930496,1915072512,0
200,1737286305442,2100,2100,1499,400,1858,1400,1395,400,400,1334,1497,1500,100,0,0,0,0,0,0,0,0,0,0,0,0,62433.86065673828,127803.65197753906,192.341064453125,100,0,335872,33210380288,8589930496,1915072512,0
200,1737286305642,2100,2099,1425,1435,2100,2100,1435,1441,1373,1460,400,1376,100,0,0,0,0,0,0,0,0,0,0,0,0,62435.25848388672,127804.04681396484,192.341064453125,100.41841125488281,0,335872,33210380288,8589930496,1915072512,0
200,1737286305842,2100,1933,1274,1361,2099,1926,1500,1385,1481,1481,1403,1427,100,0,0,0,0,0,0,0,0,0,0,0,0,62436.746032714844,127804.4976196289,192.341064453125,100,0,335872,33210380288,8589930496,1915072512,0
200,1737286306042,2100,2100,1406,1473,1770,1977,1315,1282,1248,1311,400,1467,100,0,0,0,0,0,0,0,0,0,0,0,0,62438.05895996094,127804.85461425781,192.341064453125,100,0,335872,33210380288,8589930496,1915072512,0
200,1737286306243,2100,2038,1153,1358,1679,2100,1416,1453,1459,1463,1215,1076,100,0,0,0,0,0,0,0,0,0,0,0,0,62439.45861816406,127805.3822631836,192.341064453125,100.41841125488281,0,335872,33210380288,8589930496,1915072512,0
200,1737286306443,2100,487,400,400,1300,1660,400,1457,1426,1448,400,400,100,0,0,0,0,0,0,0,0,0,0,0,0,62440.841796875,127806.01330566406,192.341064453125,100,0,335872,33210380288,8589930496,1915072512,0
199,1737286306643,2100,1906,1477,1468,1896,1817,1500,1500,1500,1499,1124,1447,100,0,0,0,0,0,0,0,0,0,0,0,0,62442.22277832031,127806.64038085938,192.341064453125,100.41841125488281,0,335872,33210380288,8589930496,1915072512,0
200,1737286306843,2100,2064,1463,400,1879,2099,1499,1499,1499,1440,1396,1500,100,0.8522727489471436,0.5540165901184082,0.27855151891708374,0.5571030378341675,0.5571030378341675,0.5571030378341675,0.2793295979499817,0.5571030378341675,0.2793295979499817,0.27855151891708374,0.5555555820465088,0,62443.60693359375,127807.2719116211,192.341064453125,100.41841125488281,0,335872,33210380288,8589930496,1915072512,0
200,1737286307043,2100,1834,1367,1497,1733,1422,1168,1185,1300,1213,400,1338,100,0.8522727489471436,0.5540165901184082,0.27855151891708374,0.5571030378341675,0.5571030378341675,0.5571030378341675,0.2793295979499817,0.5571030378341675,0.2793295979499817,0.27855151891708374,0.5555555820465088,0,62444.9921875,127807.90417480469,192.341064453125,100.41841125488281,0,335872,33210380288,8589930496,1915072512,0
199,1737286307243,2100,2048,1479,1483,1975,2099,1423,1429,1455,1481,1474,1469,100,0.8522727489471436,0.5540165901184082,0.27855151891708374,0.5571030378341675,0.5571030378341675,0.5571030378341675,0.2793295979499817,0.5571030378341675,0.2793295979499817,0.27855151891708374,0.5555555820465088,0,62446.37341308594,127808.53344726563,192.341064453125,50.31446838378906,0,335872,33210380288,8589930496,1915072512,0
200,1737286307443,2100,1999,1453,1325,1917,1999,1453,1383,1400,1393,1439,1455,100,0.8522727489471436,0.5540165901184082,0.27855151891708374,0.5571030378341675,0.5571030378341675,0.5571030378341675,0.2793295979499817,0.5571030378341675,0.2793295979499817,0.27855151891708374,0.5555555820465088,0,62447.759704589844,127808.9672241211,192.341064453125,99.58505249023438,0,335872,33210380288,8589930496,1915072512,0
200,1737286307644,2100,2054,1394,1286,1914,2100,1433,1374,1348,1434,1049,1215,100,0.8522727489471436,0.5540165901184082,0.27855151891708374,0.5571030378341675,0.5571030378341675,0.5571030378341675,0.2793295979499817,0.5571030378341675,0.2793295979499817,0.27855151891708374,0.5555555820465088,0,62449.24548339844,127809.4287109375,192.341064453125,100.41841125488281,0,335872,33210380288,8589930496,1915072512,0
199,1737286307844,2100,1738,1500,1295,1938,1889,1439,1073,1381,1465,1462,1266,100,0.8522727489471436,0.5540165901184082,0.27855151891708374,0.5571030378341675,0.5571030378341675,0.5571030378341675,0.2793295979499817,0.5571030378341675,0.2793295979499817,0.27855151891708374,0.5555555820465088,0,62450.94171142578,127810.0048828125,192.341064453125,100,0,335872,33210380288,8589930496,1915072512,0
200,1737286308044,2100,2020,400,400,1865,1805,1242,1255,1106,1270,400,400,100,0.8522727489471436,0.5540165901184082,0.27855151891708374,0.5571030378341675,0.5571030378341675,0.5571030378341675,0.2793295979499817,0.5571030378341675,0.2793295979499817,0.27855151891708374,0.5555555820465088,0,62452.599060058594,127810.5668334961,192.341064453125,100.41841125488281,0,335872,33210380288,8589930496,1915072512,0
200,1737286308244,2100,1950,1500,1500,1824,1850,1500,1500,400,1500,1499,1499,100,0.8522727489471436,0.5540165901184082,0.27855151891708374,0.5571030378341675,0.5571030378341675,0.5571030378341675,0.2793295979499817,0.5571030378341675,0.2793295979499817,0.27855151891708374,0.5555555820465088,0,62454.24151611328,127811.12658691406,192.341064453125,100,0,335872,33210380288,8589930496,1915072512,0
200,1737286308444,2100,1808,1415,1464,2100,1962,1499,1357,1469,1471,1464,1500,100,0.8522727489471436,0.5540165901184082,0.27855151891708374,0.5571030378341675,0.5571030378341675,0.5571030378341675,0.2793295979499817,0.5571030378341675,0.2793295979499817,0.27855151891708374,0.5555555820465088,0,62455.61456298828,127811.50988769531,192.341064453125,100,0,335872,33210380288,8589930496,1915072512,0
200,1737286308644,2100,2040,1420,1403,2099,2004,1413,1371,1366,1364,1436,1472,100,0.5681818127632141,0.5555555820465088,0.5555555820465088,1.1049723625183105,0.5555555820465088,0.5555555820465088,1.1049723625183105,0.5555555820465088,0.5555555820465088,1.1049723625183105,0.5555555820465088,0,62457.041259765625,127811.92449951172,192.341064453125,100,0,335872,33210380288,8589930496,1915072512,0
200,1737286308845,2100,2032,1301,1230,400,1424,1356,1031,1148,400,1275,1250,100,0,0,0,0,0,0,0,0,0,0,4.761904716491699,0,62458.453186035156,127812.33404541016,192.341064453125,100.41841125488281,0,335872,33210380288,8589930496,1915072512,0
200,1737286309045,2100,1764,1470,1347,400,400,864,697,400,400,1395,1454,100,0,0,0,0,0,0,0,0,0,0,0,0,62459.81396484375,127812.71691894531,192.341064453125,100,0,335872,33210380288,8589930496,1915072512,0
199,1737286309245,2100,1912,1251,1403,1715,1703,1399,1380,1453,1454,400,1320,100,0,0,0,0,0,0,0,0,0,0,0,0,62461.20782470703,127813.34674072266,192.341064453125,100.41841125488281,0,335872,33210380288,8589930496,1915072512,0
200,1737286309445,2099,1933,1428,1422,1806,1870,1418,1429,1299,1425,1346,1428,100,0,0,0,0,4.761904716491699,0,0,0,4.761904716491699,0,0,0,62462.58526611328,127813.97186279297,192.341064453125,100,0,335872,33210380288,8589930496,1915072512,0
200,1737286309645,2100,1743,1450,1464,1945,2100,1431,1475,1477,1482,1417,1454,100,0,0,0,0,4.761904716491699,0,0,0,4.761904716491699,0,0,0,62463.98809814453,127814.61010742188,192.341064453125,50.209205627441406,0,335872,33210380288,8589930496,1915072512,0
200,1737286309845,2100,2055,400,1418,1971,2100,1480,1410,1449,1500,1299,1305,100,0,0,0,0,4.761904716491699,0,0,0,4.761904716491699,0,0,0,62465.381896972656,127815.23956298828,192.341064453125,50.209205627441406,0,335872,33210380288,8589930496,1915072512,0
200,1737286310046,2100,2100,1425,1391,1913,1923,1308,1463,1424,1421,400,1436,100,0,0,4.761904716491699,0,0,0,0,0,0,0,0,0,62466.77502441406,127815.87463378906,192.341064453125,100,0,335872,33210380288,8589930496,1915072512,0
200,1737286310246,2100,464,1378,400,1940,1958,400,747,400,775,1404,1197,100,0,0,0,0,0,0,4.761904716491699,0,0,0,0,0,62468.15576171875,127816.45080566406,192.341064453125,100.41841125488281,0,335872,33210380288,8589930496,1915072512,0
200,1737286310446,2099,1923,1404,1442,1936,1803,1427,1452,1359,1415,1225,1406,100,0,0,0,0,0,0,4.761904716491699,0,0,0,0,0,62469.55017089844,127816.84851074219,192.341064453125,100.41841125488281,0,335872,33210380288,8589930496,1915072512,0
199,1737286310646,2100,1918,1431,1417,1878,2100,1499,1335,1330,1330,1469,1434,100,0,0,0,0,0,0,4.761904716491699,0,0,0,0,0,62471.13134765625,127817.35626220703,192.341064453125,50,0,335872,33210380288,8589930496,1915072512,0
200,1737286310846,2100,2012,1464,1473,1952,1954,1447,1431,1499,1500,1377,1464,100,0,1.6666667461395264,0,1.6666667461395264,1.6666667461395264,1.6393442153930664,0,3.278688430786133,0,0,0,0,62472.81396484375,127817.94256591797,192.341064453125,50,0,335872,33210380288,8589930496,1915072512,0
200,1737286311046,2099,2100,1466,1434,2100,1903,1373,1355,1368,1369,1405,1463,100,0,4.761904716491699,4.761904716491699,4.761904716491699,0,0,0,0,0,0,4.761904716491699,0,62474.50274658203,127818.50866699219,192.341064453125,100.84033203125,0,335872,33210380288,8589930496,1915072512,0
200,1737286311247,2100,1743,1500,1499,2100,1934,1344,1381,1386,1387,1451,1449,100,0,0,0,0,0,0,0,0,5,0,0,0,62475.99011230469,127818.98504638672,192.341064453125,100,0,335872,33210380288,8589930496,1915072512,0
200,1737286311447,2100,2100,400,400,1694,400,1362,1416,1354,1493,1091,1379,100,0,0,0,0,0,0,0,0,0,0,0,0,62477.388732910156,127819.38800048828,192.341064453125,100.41841125488281,0,335872,33210380288,8589930496,1915072512,0
199,1737286311647,2099,1895,1475,1400,1738,1894,1326,1414,1410,1432,1091,1404,100,0,0,0,0,0,0,4.761904716491699,0,0,0,0,0,62478.84912109375,127819.81677246094,192.341064453125,100.84033203125,0,335872,33210380288,8589930496,1915072512,0
199,1737286311847,2100,2100,1444,1473,2100,2099,1404,1382,1447,1436,1149,1499,100,0,0,0,0,4.761904716491699,4.761904716491699,0,0,0,0,0,0,62480.18084716797,127820.18884277344,192.341064453125,99.58505249023438,0,335872,33210380288,8589930496,1915072512,0
199,1737286312047,2100,2068,400,1350,1908,2100,1499,1499,1499,1213,1385,1435,100,5,0,0,0,0,0,0,0,0,0,0,0,62481.567138671875,127820.67376708984,192.341064453125,100,0,335872,33210380288,8589930496,1915072512,0
200,1737286312247,2100,2100,1467,1475,1975,1958,400,1500,1389,1472,1444,1415,100,4.761904716491699,0,0,0,0,0,0,0,0,0,0,0,62482.970642089844,127821.3130493164,192.341064453125,100.41841125488281,0,335872,33210380288,8589930496,1915072512,0
200,1737286312447,2099,530,851,967,400,400,1437,400,400,1042,489,1056,100,4.761904716491699,0,0,0,0,0,0,0,0,0,0,0,62484.356994628906,127821.94439697266,192.341064453125,100.41841125488281,0,335872,33210380288,8589930496,1915072512,0
200,1737286312647,2100,1889,1482,1435,1979,1961,1500,1454,1484,1471,1040,1430,100,0,0,0,0,0,0,0,0,0,0,0,0,62485.74328613281,127822.57635498047,192.341064453125,100.84033203125,0,335872,33210380288,8589930496,1915072512,0
200,1737286312848,2100,2100,1377,1424,1922,1899,1435,1320,1471,1356,400,1385,100,0,0,0,0,0,0,5,0,0,0,0,0,62487.12170410156,127823.20263671875,192.341064453125,99.58505249023438,0,335872,33210380288,8589930496,1915072512,0
199,1737286313048,2100,1871,1355,1420,1727,1851,1465,1402,1469,1459,400,1424,100,0,0,0,0,0,0,5,0,0,0,0,0,62488.51013183594,127823.83081054688,192.341064453125,100.84033203125,0,335872,33210380288,8589930496,1915072512,0
199,1737286313248,2100,2009,1452,1438,2100,1901,1431,1500,1500,1477,1340,1337,100,0,0,0,5,4.761904716491699,0,0,4.761904716491699,0,0,0,0,62489.90301513672,127824.30993652344,192.341064453125,100,0,335872,33210380288,8589930496,1915072512,0
200,1737286313448,2099,1999,400,1156,400,1706,1136,400,400,400,400,966,100,0,0,0,5,4.761904716491699,0,0,4.761904716491699,0,0,0,0,62491.356689453125,127824.73565673828,192.341064453125,100.41841125488281,0,335872,33210380288,8589930496,1915072512,0
200,1737286313648,2100,1747,1309,1271,2100,1896,1438,1281,1468,1452,1386,1416,100,0,0,0,0,0,4.761904716491699,0,0,0,0,0,0,62493.020751953125,127825.29718017578,192.341064453125,100.41841125488281,0,335872,33210380288,8589930496,1915072512,0
200,1737286313848,2100,2100,1251,1300,2002,1839,1446,1415,1494,1462,1351,1414,100,0,0,0,0,0,0,0,0,4.761904716491699,0,5,0,62494.6865234375,127825.8724975586,192.341064453125,100,0,335872,33210380288,8589930496,1915072512,0
200,1737286314048,2100,1937,1307,1415,400,400,1348,1437,1420,1471,1402,1454,100,0,0,0,0,0,0,0,0,4.761904716491699,0,5,0,62496.389221191406,127826.46478271484,192.341064453125,100.41841125488281,0,335872,33210380288,8589930496,1915072512,0
200,1737286314249,2100,1930,1293,1436,1485,1881,1366,1430,1085,944,1379,1445,100,0,0,0,0,0,0,0,0,0,0,0,0,62497.73699951172,127826.83953857422,192.341064453125,100.41841125488281,0,335872,33210380288,8589930496,1915072512,0
200,1737286314449,2100,2100,1464,1478,2100,2100,1500,1500,1500,1500,1409,1331,100,0,0,0,0,0,0,0,0,0,0,0,0,62499.148376464844,127827.24694824219,192.341064453125,100,0,335872,33210380288,8589930496,1915072512,0
200,1737286314649,2100,2100,1425,400,1892,2100,1499,1500,1500,1500,1278,1428,100,0,0,0,0,0,0,0,0,4.761904716491699,0,0,0,62500.57751464844,127827.66284179688,192.341064453125,100.84033203125,0,335872,33210380288,8589930496,1915072512,0
199,1737286314849,2100,2063,1466,1500,2100,2008,1434,1415,1500,1484,1500,1499,100,0,0,0,4.761904716491699,0,0,0,0,0,0,0,0,62501.93420410156,127828.0424194336,192.341064453125,100.41841125488281,0,335872,33210380288,8589930496,1915072512,0
200,1737286315049,2100,2013,1500,1500,2100,1901,1455,1500,1500,1454,1222,1500,100,0,0,0,4.761904716491699,0,0,0,0,0,0,0,0,62503.30633544922,127828.62506103516,192.341064453125,99.58505249023438,0,335872,33210380288,8589930496,1915072512,0
200,1737286315249,2100,2100,1472,1406,1969,1993,1426,1468,1468,1493,1349,1393,100,0,0,0,4.761904716491699,0,0,0,0,0,0,0,0,62504.70031738281,127829.25762939453,192.341064453125,50.31446838378906,0,335872,33210380288,8589930496,1915072512,0
200,1737286315450,2099,2054,1477,1430,1963,2100,1381,1393,1395,1429,1418,400,100,0,0,0,4.761904716491699,0,0,0,0,0,0,0,0,62506.0869140625,127829.88854980469,192.341064453125,100.41841125488281,0,335872,33210380288,8589930496,1915056128,0
200,1737286315650,2100,1985,1434,1390,1965,1888,1165,1441,1423,1448,1418,1423,100,0,0,0,4.761904716491699,0,0,0,0,0,0,0,0,62507.484802246094,127830.5322265625,192.34173583984375,100.41841125488281,0,335872,33210380288,8589930496,1915056128,0
200,1737286315850,2099,1661,1421,1212,1802,1658,1456,1453,1374,1445,1281,1443,100,0,0,0,4.761904716491699,0,0,0,0,0,0,0,0,62508.85498046875,127831.15411376953,192.34173583984375,100,0,335872,33210380288,8589930496,1915056128,0
200,1737286316050,2100,2100,1499,1384,1783,2034,1437,1499,1499,1473,1360,1387,100,0,0,0,4.761904716491699,0,0,0,0,0,0,0,0,62510.237731933594,127831.75463867188,192.34173583984375,99.58505249023438,0,335872,33210380288,8589930496,1915056128,0
200,1737286316250,2100,2005,1499,1475,2100,1802,1484,1500,1475,1475,1499,1396,100,0,0,0,4.761904716491699,0,0,0,0,0,0,0,0,62511.62072753906,127832.14935302734,192.34173583984375,99.58505249023438,0,335872,33210380288,8589930496,1915056128,0
200,1737286316450,2100,2100,1395,1468,2100,2100,1285,1252,1273,1365,1499,1406,100,4.761904716491699,0,0,4.761904716491699,0,0,0,0,0,0,0,0,62513.17077636719,127832.64819335938,192.34173583984375,100.41841125488281,0,335872,33210380288,8589930496,1915056128,0
200,1737286316650,2099,2100,1206,1491,1960,1937,1270,1260,1320,1283,1384,1402,100,4.761904716491699,0,0,4.761904716491699,0,0,0,0,0,0,0,0,62514.852783203125,127833.234375,192.34173583984375,100.41841125488281,0,335872,33210380288,8589930496,1915056128,0
200,1737286316851,2100,2047,1243,1312,1930,2100,1378,1264,1343,1426,1236,1233,100,0,0,4.761904716491699,0,0,0,0,0,0,0,4.761904716491699,0,62516.526916503906,127833.7982788086,192.34173583984375,100.41841125488281,0,335872,33210380288,8589930496,1915056128,0
200,1737286317051,2100,2099,1369,1499,1865,1841,1449,1329,1354,1431,1116,1381,100,0,0,0,0,0,0,0,0,0,0,0,0,62518.046325683594,127834.2973022461,192.34173583984375,100,0,335872,33210380288,8589930496,1915056128,0
200,1737286317251,2100,2041,1446,1481,1918,2100,1500,1500,1500,1499,1443,400,100,0,0,0,0,4.761904716491699,0,0,0,0,0,0,0,62519.42175292969,127834.68896484375,192.34173583984375,100.41841125488281,0,335872,33210380288,8589930496,1915056128,0
200,1737286317451,2100,1796,1403,1338,1977,1755,1465,1500,1446,1462,1364,1500,100,0,4.761904716491699,0,0,4.761904716491699,0,0,0,0,0,0,0,62520.88995361328,127835.12829589844,192.34173583984375,105.4393310546875,0,335872,33210380288,8589930496,1915056128,0
200,1737286317651,2100,2046,1426,1499,2099,1968,1415,1458,1350,1462,1467,1455,100,0,4.761904716491699,0,0,4.761904716491699,0,0,0,0,0,0,0,62522.24133300781,127835.51141357422,192.34173583984375,95.39749145507813,0,335872,33210380288,8589930496,1915056128,0
200,1737286317852,2100,2027,1211,1222,1902,1639,1483,1337,1455,1499,1249,1232,100,0,0,0,0,0,4.761904716491699,0,0,0,0,0,0,62523.622619628906,127835.97265625,192.34173583984375,104.99999237060547,0,335872,33210380288,8589930496,1915056128,0
199,1737286318052,2100,1988,1236,1381,1739,1525,1455,1449,1465,1370,985,1290,100,0,0,0,0,0,0,4.761904716491699,4.761904716491699,0,0,0,0,62525.004821777344,127836.60412597656,192.34173583984375,100.84033203125,0,335872,33210380288,8589930496,1915056128,0
200,1737286318252,2100,2044,1382,1471,1936,1889,1367,1424,1327,1407,1412,1461,100,0,0,0,0,0,0,4.761904716491699,4.761904716491699,0,0,0,0,62526.367736816406,127837.22198486328,192.34173583984375,99.58505249023438,0,335872,33210380288,8589930496,1915056128,0
200,1737286318452,2100,1636,1278,1341,1899,1714,1312,1455,1288,1384,400,1297,100,0,0,0,0,0,0,4.761904716491699,4.761904716491699,0,0,0,0,62527.762268066406,127837.86303710938,192.34173583984375,47.69874572753906,0,335872,33210380288,8589930496,1915023360,0
200,1737286318652,2100,1789,1279,1283,2100,1696,1500,1424,1458,1436,400,1376,100,0,0,0,0,0,0,4.761904716491699,4.761904716491699,0,0,0,0,62529.14294433594,127838.4935913086,192.34173583984375,104.13223266601563,0,335872,33210380288,8589930496,1915023360,0
200,1737286318852,2100,460,400,400,1671,1546,1251,1376,990,888,400,603,100,0,0,0,0,0,0,4.761904716491699,4.761904716491699,0,0,0,0,62530.51629638672,127839.12036132813,192.34173583984375,94.21488189697266,0,335872,33210380288,8589930496,1915023360,0
200,1737286319053,2100,542,400,400,400,1522,1458,1500,1435,1463,975,1408,100,0,0,0,0,0,0,4.761904716491699,4.761904716491699,0,0,0,0,62531.88916015625,127839.62145996094,192.34173583984375,52.71966552734375,0,335872,33210380288,8589930496,1915023360,0
200,1737286319253,2100,2055,1296,1416,1914,1977,1365,1413,1331,1210,1433,1007,100,0,0,0,0,0,0,4.761904716491699,4.761904716491699,0,0,0,0,62533.33142089844,127840.04388427734,192.34173583984375,50.209205627441406,0,335872,33210380288,8589930496,1915023360,0
200,1737286319453,2100,1810,1454,1476,1631,1869,1499,1500,1449,1449,1464,1499,100,0,0,0,0,0,0,4.761904716491699,4.761904716491699,0,0,0,0,62534.96228027344,127840.58752441406,192.34173583984375,50.10437774658203,0,335872,33210380288,8589930496,1915023360,0
200,1737286319653,2100,2010,1479,1400,2100,2100,1500,1499,1468,1483,1479,1481,100,0,0,0,0,0,0,4.761904716491699,4.761904716491699,0,0,0,0,62536.62512207031,127841.16339111328,192.34173583984375,50.10437774658203,0,335872,33210380288,8589930496,1915023360,0
200,1737286319853,2100,2100,1470,1499,2100,2100,1500,1500,1500,1450,1450,1433,100,0,0,0,0,0,0,4.761904716491699,4.761904716491699,0,0,0,0,62538.34600830078,127841.76824951172,192.34173583984375,50.10437774658203,0,335872,33210380288,8589930496,1915023360,0
200,1737286320053,2100,1971,1291,1381,1580,1979,1180,1398,1440,1438,400,400,100,0,0,0,0,0,0,4.761904716491699,4.761904716491699,0,0,0,0,62539.71075439453,127842.15991210938,192.34173583984375,99.58505249023438,0,335872,33210380288,8589930496,1915023360,0
200,1737286320254,2100,1971,1461,1459,2100,2021,1499,1447,1499,1499,1478,1471,100,0,0,0,0,0,0,4.761904716491699,4.761904716491699,0,0,0,0,62541.103576660156,127842.56066894531,192.34173583984375,100.41841125488281,0,335872,33210380288,8589930496,1915023360,0
200,1737286320454,2100,1971,400,400,1480,400,1380,1446,1447,1444,400,1099,100,0,0,0,0,0,0,4.761904716491699,4.761904716491699,0,0,0,0,62542.54931640625,127842.9868774414,192.34173583984375,100.41841125488281,0,335872,33210380288,8589930496,1915023360,0
200,1737286320654,2100,1640,1349,1399,1679,1882,1167,1195,1213,1275,400,1319,100,0,0,0,0,0,0,4.761904716491699,4.761904716491699,0,0,0,0,62543.87878417969,127843.35443115234,192.34173583984375,50.31446838378906,0,335872,33210380288,8589930496,1915023360,0
200,1737286320854,2100,2100,1176,1500,1991,2100,400,1291,1458,1423,400,1500,100,0,0,0,0,0,0,4.761904716491699,4.761904716491699,0,0,0,0,62545.26037597656,127843.9189453125,192.34173583984375,100,0,335872,33210380288,8589930496,1915023360,0
200,1737286321054,2100,2100,1499,1481,2100,2069,1475,1466,1500,1485,1309,400,100,0,0,0,0,0,0,4.761904716491699,4.761904716491699,0,0,0,0,62546.647521972656,127844.55297851563,192.34173583984375,100.41841125488281,0,335872,33210380288,8589930496,1915023360,0
200,1737286321255,2100,2037,1409,1445,1953,1908,1459,1500,1478,1474,400,400,100,0,0,0,0,0,0,4.761904716491699,4.761904716491699,0,0,0,0,62548.024963378906,127845.18170166016,192.34173583984375,100.41841125488281,0,335872,33210380288,8589930496,1915023360,0
200,1737286321455,2100,512,1268,400,1758,400,1298,1378,400,1441,1274,400,100,0,0,0,0,0,0,4.761904716491699,4.761904716491699,0,0,0,0,62549.41442871094,127845.8187866211,192.34173583984375,100.41841125488281,0,335872,33210380288,8589930496,1915023360,0
199,1737286321655,2100,1689,1360,1251,1480,1767,400,1433,1394,1431,1441,1340,100,0.8522727489471436,0.27855151891708374,0.5555555820465088,0.8333333730697632,0.5555555820465088,0.5555555820465088,0.5555555820465088,0.27855151891708374,0.5555555820465088,0.27855151891708374,0.5540165901184082,0,62550.789794921875,127846.4458618164,192.34173583984375,100.41841125488281,0,335872,33210380288,8589930496,1915023360,0
200,1737286321855,2099,2026,1500,1333,1925,1792,1263,951,1274,1258,400,1389,100,0.8522727489471436,0.27855151891708374,0.5555555820465088,0.8333333730697632,0.5555555820465088,0.5555555820465088,0.5555555820465088,0.27855151891708374,0.5555555820465088,0.27855151891708374,0.5540165901184082,0,62552.154052734375,127847.06103515625,192.34173583984375,100,0,335872,33210380288,8589930496,1915023360,0
200,1737286322055,2100,1996,1457,1447,1993,2100,1499,1499,1499,1499,1143,1436,100,0,4.761904716491699,0,4.761904716491699,0,0,0,4.761904716491699,0,0,0,0,62553.548767089844,127847.4682006836,192.34173583984375,100.41841125488281,0,335872,33210380288,8589930496,1915023360,0
200,1737286322255,2100,1743,1355,1349,1836,1909,1499,1467,1473,1340,1136,1091,100,0,4.761904716491699,4.761904716491699,0,4.761904716491699,0,0,0,0,0,0,0,62555.05944824219,127847.93957519531,192.34173583984375,99.1735610961914,0,335872,33210380288,8589930496,1915023360,0
200,1737286322456,2100,1342,1233,1264,1457,1896,1454,1417,1466,1472,1158,1209,100,0,0,0,0,0,0,0,0,0,0,0,0,62556.768127441406,127848.54327392578,192.34173583984375,100.84033203125,0,335872,33210380288,8589930496,1915023360,0
200,1737286322656,2100,1854,400,400,400,1827,1254,1248,1313,1282,400,400,100,0,0,0,0,0,0,0,0,0,0,0,0,62558.42614746094,127849.09826660156,192.34173583984375,100,0,335872,33210380288,8589930496,1915023360,0
200,1737286322856,2100,1884,1451,1463,1860,1982,1500,1499,1499,1499,1358,1441,100,0,0,0,0,0,9.090909004211426,4.761904716491699,0,0,0,0,0,62559.983642578125,127849.61596679688,192.34173583984375,100.41841125488281,0,335872,33210380288,8589930496,1915023360,0
200,1737286323056,2099,1843,1478,1478,2099,1858,1496,1474,1483,1474,1499,1444,100,0,0,0,0,0,0,0,0,0,0,0,0,62561.34832763672,127850.00219726563,192.34173583984375,99.58505249023438,0,335872,33210380288,8589930496,1915023360,0
200,1737286323256,2100,1950,1472,1478,2014,2100,1383,1389,1431,1352,1393,1402,100,0,0,0,0,0,0,0,0,0,0,0,0,62562.794982910156,127850.42578125,192.34173583984375,100.84033203125,0,335872,33210380288,8589930496,1915023360,0
200,1737286323456,2100,1851,1499,1308,1875,1746,1432,1460,1445,1443,1107,1315,100,0,0,0,0,0,0,0,0,0,0,0,0,62564.164306640625,127850.8178100586,192.34173583984375,100,0,335872,33210380288,8589930496,1915023360,0
200,1737286323657,2100,2062,1500,1379,1931,2100,1290,1333,1320,1348,1478,1469,100,0,0,0,0,0,0,0,0,0,0,0,0,62565.53643798828,127851.2484741211,192.34173583984375,100.41841125488281,0,335872,33210380288,8589930496,1915023360,0
200,1737286323857,2100,1836,1429,1404,1960,1862,1446,1348,1471,1449,1431,1427,100,0,0,0,0,0,0,0,0,0,0,0,0,62566.915100097656,127851.87536621094,192.34173583984375,50.31446838378906,0,335872,33210380288,8589930496,1915023360,0
200,1737286324057,2099,1788,1499,400,1810,1917,1432,1330,1427,1404,1352,1448,100,0,0,0,0,0,0,0,0,0,0,0,0,62568.311767578125,127852.5160522461,192.34173583984375,100.41841125488281,0,335872,33210380288,8589930496,1915023360,0
200,1737286324257,2100,2100,1500,1500,2099,2100,1500,1472,1474,1485,1058,1500,100,0,0,0,0,0,0,0,0,0,0,0,0,62569.70812988281,127853.15423583984,192.34173583984375,100.41841125488281,0,335872,33210380288,8589930496,1915023360,0
200,1737286324457,2100,1979,1464,1468,2007,2099,1459,400,400,400,1496,1482,100,0,0,0,0,0,0,0,0,0,0,0,0,62571.09240722656,127853.78869628906,192.34173583984375,100.84033203125,0,335872,33210380288,8589930496,1915023360,0
200,1737286324658,2100,2054,1463,1382,1940,1948,1251,1475,1500,1475,400,1399,100,0,0,0,0,0,0,0,0,0,0,0,0,62572.47644042969,127854.421875,192.34173583984375,99.1735610961914,0,335872,33210380288,8589930496,1915023360,0
199,1737286324858,2100,2100,400,1395,2026,2100,1500,400,1500,1500,1410,1362,100,0,0,0,0,0,0,0,0,0,0,0,0,62573.849853515625,127854.95245361328,192.34173583984375,100.84033203125,0,335872,33210380288,8589930496,1915023360,0
200,1737286325058,2100,2100,1485,1499,1930,2035,1500,1500,1499,1500,1500,1500,100,0,0,0,0,0,0,0,0,0,0,0,0,62575.262145996094,127855.36169433594,192.34173583984375,100,0,335872,33210380288,8589930496,1915023360,0
200,1737286325258,2100,1922,1405,1449,1835,2063,1453,1499,1483,1500,1400,1421,100,0,0,0,0,0,0,0,0,0,0,0,0,62576.873962402344,127855.896484375,192.34173583984375,100,0,335872,33210380288,8589930496,1915023360,0
200,1737286325458,2100,2100,1500,400,2100,2099,1499,1424,1386,1357,1431,1458,100,0,0,0,0,0,0,0,0,0,0,0,0,62578.55078125,127856.48193359375,192.34173583984375,100,0,335872,33210380288,8589930496,1915023360,0
200,1737286325658,2100,2007,1499,1500,1652,1793,1499,1499,1459,1478,1393,1499,100,0,0,0,0,5,0,4.761904716491699,0,0,0,0,0,62580.27160644531,127857.07751464844,192.3424072265625,100.41841125488281,0,335872,33210380288,8589930496,1915023360,0
200,1737286325858,2100,2011,1499,1342,1975,1592,1221,1237,1205,1262,1418,1435,100,0,0,4.761904716491699,0,0,0,0,0,0,0,5,0,62581.684509277344,127857.49475097656,192.3424072265625,100.41841125488281,0,335872,33210380288,8589930496,1915023360,0
200,1737286326059,2100,1593,1161,1283,400,1683,1386,1433,876,1441,1131,1250,100,0,5,0,0,0,4.761904716491699,0,0,0,0,0,0,62583.07897949219,127857.89764404297,192.3424072265625,100.41841125488281,0,335872,33210380288,8589930496,1915023360,0
200,1737286326259,2100,2054,1309,1417,1886,1927,1348,1419,1298,1341,400,1073,100,0,5,0,0,0,4.761904716491699,0,0,0,0,0,0,62584.55419921875,127858.33605957031,192.3424072265625,100.41841125488281,0,335872,33210380288,8589930496,1915023360,0
200,1737286326459,2100,2011,1468,1471,2099,2071,1499,1499,1500,1499,400,400,100,4.761904716491699,0,0,0,0,0,0,4.761904716491699,0,0,0,0,62585.877380371094,127858.69653320313,192.3424072265625,100,0,335872,33210380288,8589930496,1915023360,0
200,1737286326659,2099,1970,1500,1472,2099,1977,400,1500,1500,1476,1500,400,100,0,0,0,0,0,0,0,0,0,0,0,0,62587.276794433594,127859.23724365234,192.3424072265625,100,0,335872,33210380288,8589930496,1915023360,0
200,1737286326859,2099,1537,1048,946,1018,400,1418,842,661,769,400,1467,100,0,0,0,0,0,0,0,0,0,0,0,0,62588.64923095703,127859.85949707031,192.3424072265625,100.84033203125,0,335872,33210380288,8589930496,1915023360,0
200,1737286327059,2100,2002,1415,1458,2100,1954,1425,1473,1480,1470,1443,1449,100,0,0,0,4.761904716491699,0,0,0,0,0,0,0,0,62590.04559326172,127860.4970703125,192.3424072265625,100.41841125488281,0,335872,33210380288,8589930496,1915023360,0
200,1737286327260,2100,2044,1450,1471,1902,1851,1500,1473,1443,1465,1392,1449,100,0,0,0,0,0,4.761904716491699,0,0,0,0,0,0,62591.428161621094,127861.1279296875,192.3424072265625,99.58505249023438,0,335872,33210380288,8589930496,1915023360,0
200,1737286327460,2100,2099,1292,1467,1746,1945,1379,1470,1333,1460,1458,1460,100,0,0,0,0,0,4.761904716491699,0,0,0,0,0,0,62592.809326171875,127861.7593383789,192.3424072265625,100.84033203125,0,335872,33210380288,8589930496,1915023360,0
200,1737286327660,2100,1813,1384,1452,1932,1908,1312,1348,1318,1361,400,1500,100,0,0,0,0,0,0,0,0,0,0,0,0,62594.19451904297,127862.38977050781,192.3424072265625,100,0,335872,33210380288,8589930496,1915023360,0
200,1737286327860,2100,2100,1499,1431,1987,1966,1387,1314,1361,1398,1418,1463,100,4.761904716491699,0,0,0,0,0,0,0,0,0,0,0,62595.56768798828,127862.81280517578,192.3424072265625,100.84033203125,0,335872,33210380288,8589930496,1915023360,0
200,1737286328060,2100,1433,1423,1401,2000,1979,1439,1500,1499,1499,1403,1500,100,0,0,0,0,0,0,0,0,0,0,0,0,62597.06530761719,127863.27392578125,192.3424072265625,99.58505249023438,0,335872,33210380288,8589930496,1915023360,0
200,1737286328260,2100,2043,1329,1380,2100,2100,1187,1258,1276,1287,1375,1324,100,0,0,0,0,4.761904716491699,0,0,0,0,0,0,0,62598.755310058594,127863.84899902344,192.3424072265625,100.41841125488281,0,335872,33210380288,8589930496,1915023360,0
200,1737286328461,2099,1936,1159,994,1923,1538,1451,1450,1387,1432,969,1064,100,0,0,0,0,0,0,0,0,0,0,0,0,62600.412658691406,127864.41369628906,192.3424072265625,100,0,335872,33210380288,8589930496,1915023360,0
200,1737286328661,2099,1980,1405,400,2099,1900,1499,1500,1500,1499,1425,1465,100,0,0,0,0,0,0,4.761904716491699,0,4.761904716491699,0,4.761904716491699,0,62602.034912109375,127864.96417236328,192.3424072265625,100.41841125488281,0,335872,33210380288,8589930496,1915023360,0
200,1737286328861,2100,1907,1434,1495,2099,2100,1500,1138,1500,1500,698,1408,100,0,0,0,0,0,0,0,0,0,0,0,0,62603.41369628906,127865.3521118164,192.3424072265625,100,0,335872,33210380288,8589930496,1915023360,0
200,1737286329061,2100,1719,1467,1481,1762,2100,1446,1499,1431,1448,1490,1500,100,0,0,0,4.761904716491699,0,0,0,0,0,0,0,0,62604.83044433594,127865.76348876953,192.3424072265625,100.84033203125,0,335872,33210380288,8589930496,1915023360,0
200,1737286329261,2100,1971,1499,1420,2100,2100,1500,1500,1499,1500,1483,1458,100,0,0,0,0,0,4.761904716491699,5,0,4.761904716491699,0,0,0,62606.230224609375,127866.1646118164,192.3424072265625,100.84033203125,0,335872,33210380288,8589930496,1915023360,0
200,1737286329461,2099,466,400,400,400,1967,1324,1370,1413,1441,400,400,100,0,0,0,0,0,0,0,0,0,0,0,0,62607.616638183594,127866.56567382813,192.3424072265625,100,0,335872,33210380288,8589930496,1915023360,0
200,1737286329662,2100,538,655,400,400,2100,1346,1244,1216,1461,400,400,100,0,0,0,0,0,0,0,0,0,0,0,0,62608.999267578125,127867.19348144531,192.3424072265625,100.41841125488281,0,335872,33210380288,8589930496,1915023360,0
200,1737286329862,2100,1204,400,400,1603,400,1384,400,1441,1432,400,400,100,0,4.761904716491699,0,0,0,0,0,0,0,0,0,0,62610.364318847656,127867.8051147461,192.3424072265625,100,0,335872,33210380288,8589930496,1915023360,0
200,1737286330062,2100,1855,1376,1477,1717,1933,1295,1305,1303,1308,1353,1267,100,0,0,0,0,4.761904716491699,5,0,9.090909004211426,0,4.761904716491699,0,0,62611.747009277344,127868.43591308594,192.3424072265625,100,0,335872,33210380288,8589930496,1915023360,0
200,1737286330262,2100,1284,866,1079,400,1279,1368,400,400,400,1246,1010,100,0,0,0,0,4.761904716491699,5,0,9.090909004211426,0,4.761904716491699,0,0,62613.13409423828,127869.06610107422,192.3424072265625,50.10437774658203,0,335872,33210380288,8589930496,1915023360,0
200,1737286330462,2100,1740,400,1436,2100,2051,1440,1479,1466,1456,400,1401,100,0,0,0,0,4.761904716491699,5,0,9.090909004211426,0,4.761904716491699,0,0,62614.516845703125,127869.69036865234,192.3424072265625,100,0,335872,33210380288,8589930496,1915023360,0
200,1737286330662,2099,2100,1392,1424,2082,1890,1427,1354,1356,1282,400,631,100,0,0,0,0,4.761904716491699,5,0,9.090909004211426,0,4.761904716491699,0,0,62615.884521484375,127870.24987792969,192.3424072265625,100.41841125488281,0,335872,33210380288,8589930496,1915023360,0
199,1737286330863,2100,492,1175,1172,400,1517,400,1499,1400,1456,1062,1439,100,0,0,0,0,4.761904716491699,5,0,9.090909004211426,0,4.761904716491699,0,0,62617.314208984375,127870.66680908203,192.3424072265625,100,0,335872,33210380288,8589930496,1915023360,0
199,1737286331063,2100,2028,1452,1500,1903,1867,1344,1452,1463,1421,1101,1454,100,0,0,0,0,4.761904716491699,5,0,9.090909004211426,0,4.761904716491699,0,0,62618.89318847656,127871.17388916016,192.3424072265625,100,0,335872,33210380288,8589930496,1915023360,0
200,1737286331263,2099,1941,1474,400,1988,2100,1452,1499,1500,1499,1278,1361,100,4.761904716491699,0,4.761904716491699,0,0,0,4.761904716491699,0,0,0,0,0,62620.56640625,127871.75701904297,192.3424072265625,100,0,335872,33210380288,8589930496,1915023360,0
200,1737286331463,2100,1564,400,1477,1889,1847,1493,1392,1245,1156,1023,1368,100,4.761904716491699,0,4.761904716491699,0,0,0,4.761904716491699,0,0,0,0,0,62622.25848388672,127872.3305053711,192.3424072265625,100.84033203125,0,335872,33210380288,8589930496,1915023360,0
200,1737286331663,2100,1882,1436,1415,1910,1825,1500,1500,1475,1472,1261,1384,100,0,0,0,0,0,4.761904716491699,0,0,0,0,0,0,62623.73327636719,127872.79461669922,192.3424072265625,100,0,335872,33210380288,8589930496,1915023360,0
200,1737286331863,2100,546,1267,1373,2099,2002,1132,698,985,1388,1287,1248,100,0,0,0,0,0,0,0,0,4.761904716491699,0,0,0,62625.12976074219,127873.1962890625,192.3424072265625,100,0,335872,33210380288,8589930496,1915023360,0
200,1737286332063,2100,1815,1499,1451,1932,2076,1388,1371,1409,1378,1394,1472,100,0,0,0,0,0,0,0,0,4.761904716491699,0,0,0,62626.60272216797,127873.63116455078,192.3424072265625,100.84033203125,0,335872,33210380288,8589930496,1915023360,0
200,1737286332264,2100,2043,1407,1375,2099,1735,1267,1396,1350,1286,1431,1499,100,0,0,0,0,0,0,0,0,4.761904716491699,0,0,0,62627.92266845703,127873.98944091797,192.3424072265625,49.896053314208984,0,335872,33210380288,8589930496,1915023360,0
200,1737286332464,2099,570,400,400,1722,400,1283,1354,1341,1315,1418,1182,100,0,0,0,0,0,0,0,0,4.761904716491699,0,0,0,62629.31494140625,127874.48901367188,192.3424072265625,100.84033203125,0,335872,33210380288,8589930496,1915023360,0
200,1737286332664,2099,2100,1499,1428,1808,400,1360,400,400,400,1500,1499,100,0,0,0,0,0,0,0,0,4.761904716491699,0,0,0,62630.69451904297,127875.12103271484,192.3424072265625,100.41841125488281,0,335872,33210380288,8589930496,1915023360,0
200,1737286332864,2100,2023,1425,1334,1891,1706,1013,400,1196,1343,1150,1451,100,0,0,0,0,0,0,0,0,4.761904716491699,0,0,0,62632.08514404297,127875.75592041016,192.3424072265625,100.41841125488281,0,335872,33210380288,8589930496,1915023360,0
200,1737286333064,2100,1405,1260,1201,1369,1786,1182,1170,1381,1384,1419,1237,100,0,0,0,1,0,0,0,0.9900990128517151,1,0,1.9607844352722168,0,62633.46112060547,127876.3818359375,192.3424072265625,100,0,335872,33210380288,8589930496,1915023360,0
200,1737286333264,2099,499,400,400,1546,400,400,442,400,400,400,400,100,0,0,4.761904716491699,0,0,4.761904716491699,0,0,0,0,0,0,62634.843322753906,127877.01135253906,192.3424072265625,100,0,335872,33210380288,8589930496,1915023360,0
200,1737286333464,2100,1981,1457,1489,2009,2077,1439,1466,1466,1439,1257,1403,100,0,0,0,0,0,0,0,0,0,0,0,0,62636.228271484375,127877.64221191406,192.3424072265625,100.41841125488281,0,335872,33210380288,8589930496,1915023360,0
200,1737286333665,2100,2043,1235,1410,1915,1968,1447,1434,1403,1336,400,1406,100,0,0,0,0,5,0,4.761904716491699,0,0,0,0,0,62637.609130859375,127878.10919189453,192.3424072265625,104.99999237060547,0,335872,33210380288,8589930496,1915023360,0
200,1737286333865,2100,2100,1459,1455,2100,2099,1398,1379,1392,1411,1500,1500,100,0,0,0,0,0,0,0,0,0,0,0,0,62639.07666015625,127878.54998779297,192.3424072265625,100,0,335872,33210380288,8589930496,1915023360,0
200,1737286334065,2100,1982,1466,1471,2100,2004,1419,1384,1323,1436,1500,1362,100,0,0,0,4.761904716491699,0,0,0,0,0,0,0,0,62640.726013183594,127879.09826660156,192.3424072265625,99.58505249023438,0,335872,33210380288,8589930496,1915023360,0
200,1737286334265,2100,1915,1414,1499,1705,1644,1412,1399,1448,1473,1393,1453,100,5,0,0,0,0,0,0,0,0,5,0,0,62642.389404296875,127879.66979980469,192.3424072265625,100.84033203125,0,335872,33210380288,8589930496,1915023360,0
200,1737286334465,2100,2049,1349,1397,1638,400,1395,1192,1230,1312,1354,1372,100,5,0,0,0,0,0,0,0,0,5,0,0,62644.100646972656,127880.27197265625,192.3424072265625,100.41841125488281,0,335872,33210380288,8589930496,1915019264,0
200,1737286334666,2100,2100,933,400,400,1847,1358,400,1397,1471,1023,1026,100,0,0,0,0,0,0,0,0,0,0,0,0,62645.45251464844,127880.64733886719,192.3424072265625,100.84033203125,0,335872,33210380288,8589930496,1915019264,0
200,1737286334866,2100,1852,1481,1440,1833,2074,1499,1402,1500,1500,1440,1478,100,0,0,0,4.761904716491699,0,0,4.761904716491699,0,0,0,0,0,62646.87829589844,127881.05950927734,192.3424072265625,100.84033203125,0,335872,33210380288,8589930496,1915019264,0
200,1737286335066,2100,2100,1480,1338,1891,1835,1500,1450,1486,1480,1478,1403,100,4.761904716491699,4.761904716491699,0,0,0,0,0,0,0,0,0,0,62648.29022216797,127881.46868896484,192.3424072265625,99.1735610961914,0,335872,33210380288,8589930496,1915019264,0
200,1737286335266,2100,1832,1500,1433,2082,1955,1499,1460,1500,1459,1500,1474,100,0,0,0,0,0,0,0,0,4.761904716491699,0,0,0,62649.64440917969,127881.84375,192.3424072265625,100.84033203125,0,335872,33210380288,8589930496,1915019264,0
200,1737286335466,2100,1975,1449,1454,1950,1950,1408,1398,400,1424,1456,1440,100,0,0,0,0,0,0,0,0,4.761904716491699,0,0,0,62651.03845214844,127882.44946289063,192.3424072265625,100,0,335872,33210380288,8589930496,1915019264,0
200,1737286335667,2100,2062,1477,1470,2100,1978,1387,1422,1458,1424,1335,1500,100,0,0,0,0,0,0,0,0,0,0,0,0,62652.426330566406,127883.08135986328,192.3424072265625,100.84033203125,0,335872,33210380288,8589930496,1915019264,0
200,1737286335867,2100,1815,1457,1456,1944,1958,1337,1384,1473,1473,1460,1398,100,0,0,0,0,0,0,0,0,0,0,0,0,62653.808837890625,127883.712890625,192.3424072265625,50.209205627441406,0,335872,33210380288,8589930496,1915019264,0
200,1737286336067,2100,2048,1417,1424,1787,1960,1438,1414,1364,1412,1414,1364,100,0,0,0,0,0,0,0,0,0,0,0,0,62655.19415283203,127884.34399414063,192.3424072265625,100,0,335872,33210380288,8589930496,1915019264,0
200,1737286336267,2100,1715,1302,1356,1905,1909,1322,1277,1383,1357,1432,1499,100,0,0,0,0,0,0,0,0,0,0,0,0,62656.57861328125,127884.97680664063,192.3424072265625,100.41841125488281,0,335872,33210380288,8589930496,1915019264,0
200,1737286336467,2099,685,1085,1321,2092,2005,1475,1500,400,1481,400,1092,100,0,0,0,0,0,0,0,0,0,0,0,0,62657.961669921875,127885.57293701172,192.3424072265625,100.84033203125,0,335872,33210380288,8589930496,1915019264,0
200,1737286336667,2100,2037,1411,1419,1894,2100,1420,1424,1422,1475,1417,1444,100,0,0,0,0,0,0,0,0,0,0,0,0,62659.37109375,127885.97869873047,192.3424072265625,100,0,335872,33210380288,8589930496,1915019264,0
200,1737286336868,2100,1876,400,400,400,1887,1425,1427,1403,1329,400,400,100,0,0,0,0,0,0,0,0,0,0,0,0,62660.91961669922,127886.46697998047,192.3424072265625,99.58505249023438,0,335872,33210380288,8589930496,1915019264,0
200,1737286337068,2100,1883,1295,1313,400,1958,1252,400,894,728,814,1205,100,0,0,0,0,0,0,0,0,0,0,0,0,62662.61437988281,127887.05841064453,192.3424072265625,99.58505249023438,0,335872,33210380288,8589930496,1915019264,0
200,1737286337268,2100,1852,1499,1474,2099,2100,1499,1469,1471,1415,1500,1482,100,0,0,0,0,0,0,0,0,0,0,0,0,62664.298095703125,127887.6245727539,192.3424072265625,100.41841125488281,0,335872,33210380288,8589930496,1915019264,0
200,1737286337468,2099,2100,1500,1480,2099,1879,1412,1375,1419,1362,1499,1479,100,0,0,0,0,0,0,0,0,0,0,0,0,62665.83850097656,127888.12713623047,192.3424072265625,100.41841125488281,0,335872,33210380288,8589930496,1915019264,0
200,1737286337668,2100,2100,1461,1464,1934,2054,1330,1470,1455,1458,400,1296,100,0,0,0,0,0,0,0,0,0,0,0,0,62667.21301269531,127888.51489257813,192.3424072265625,100.84033203125,0,335872,33210380288,8589930496,1915273216,0
200,1737286337868,2100,2100,1452,1297,2100,1395,1376,400,1436,1349,1333,1286,100,0,0,5,0,0,4.761904716491699,0,4.761904716491699,0,5,0,0,62668.66564941406,127888.93951416016,192.3424072265625,100,0,335872,33210380288,8589930496,1915273216,0
200,1737286338069,2099,2003,1452,997,400,2100,1358,1381,1343,1413,400,1172,100,0,0,5,0,0,4.761904716491699,0,4.761904716491699,0,5,0,0,62670.02038574219,127889.3226928711,192.343017578125,100.41841125488281,0,335872,33210380288,8589930496,1915273216,0
200,1737286338269,2100,470,1224,1403,400,1658,1089,400,400,1146,1348,400,100,0,0,0,0,4.761904716491699,0,0,0,0,0,0,0,62671.39660644531,127889.78448486328,192.343017578125,100,0,335872,33210380288,8589930496,1915273216,0
200,1737286338469,2100,1833,400,1442,1853,1903,1087,1405,1329,1331,1458,400,100,0,0,0,0,0,0,0,0,0,0,0,0,62672.776916503906,127890.41662597656,192.343017578125,100.84033203125,0,335872,33210380288,8589930496,1915273216,0
200,1737286338669,2099,1450,1246,1104,1723,1612,1113,400,1120,1252,1075,1025,100,0,0,0,0,0,0,0,0,0,0,4.761904716491699,0,62674.15655517578,127891.04797363281,192.343017578125,100.41841125488281,0,335872,33210380288,8589930496,1915273216,0
200,1737286338869,2100,2099,400,1420,1975,1980,1499,400,1479,1403,1313,1468,100,0,0,0,0,0,0,0,0,4.761904716491699,0,0,0,62675.531677246094,127891.67504882813,192.343017578125,100.41841125488281,0,335872,33210380288,8589930496,1915273216,0
200,1737286339069,2099,2053,1426,400,1869,1987,1413,1405,1440,1476,1420,1426,100,0,0,0,0,0,0,0,0,0,0,0,0,62676.91241455078,127892.3071899414,192.343017578125,100,0,335872,33210380288,8589930496,1915273216,0
200,1737286339270,2099,2048,1472,1477,1996,1907,1381,1416,1417,1420,1378,1471,100,0,0,0,0,0,0,0,0,0,0,0,0,62678.305908203125,127892.94836425781,192.343017578125,100.41841125488281,0,335872,33210380288,8589930496,1915273216,0
200,1737286339470,2099,1781,1376,1382,1911,1913,400,824,801,400,1316,1366,100,0,0,0,0,0,0,0,0,0,0,0,0,62679.668212890625,127893.43963623047,192.343017578125,100.41841125488281,0,335872,33210380288,8589930496,1915256832,0
200,1737286339670,2100,1738,1475,1443,2100,2039,1500,1500,1475,1500,400,1308,100,0,0,0,0,0,0,0,0,0,0,0,0,62681.11346435547,127893.86834716797,192.343017578125,100.41841125488281,0,335872,33210380288,8589930496,1915256832,0
200,1737286339870,2099,1828,1449,1372,1781,1994,1448,1499,1478,1463,1370,1341,100,0,4.761904716491699,0,0,0,0,4.761904716491699,0,4.761904716491699,0,0,0,62682.76623535156,127894.41766357422,192.343017578125,99.58505249023438,0,335872,33210380288,8589930496,1915256832,0
200,1737286340070,2100,1953,1304,1330,2099,1998,1323,1421,1434,1458,1205,1465,100,5,0,4.761904716491699,0,0,0,0,0,0,0,0,0,62684.42645263672,127894.99530029297,192.343017578125,100.41841125488281,0,335872,33210380288,8589930496,1915256832,0
200,1737286340271,2100,1682,400,1314,2100,400,1416,400,1378,1447,1128,1173,100,0,0,0,0,0,0,0,0,0,0,0,0,62686.15173339844,127895.59973144531,192.343017578125,100.41841125488281,0,335872,33210380288,8589930496,1915256832,0
200,1737286340471,2100,533,400,1190,400,1992,1145,1313,1095,400,1280,400,100,0,0,0,0,5,0,0,0,0,4.761904716491699,4.761904716491699,0,62687.520446777344,127895.99072265625,192.343017578125,100,0,335872,33210380288,8589930496,1915256832,0
200,1737286340671,2100,2100,1442,1474,2099,1907,1499,1500,1475,1432,1499,1452,100,0,0,0,4.761904716491699,0,4.761904716491699,4.761904716491699,0,0,0,0,0,62688.905517578125,127896.38787841797,192.343017578125,100.41841125488281,0,335872,33210380288,8589930496,1915256832,0
200,1737286340871,2100,1850,1461,1408,1946,1882,1458,1443,1472,1412,400,400,100,0,0,0,0,0,0,0,0,0,0,0,0,62690.36163330078,127896.8189086914,192.343017578125,100,0,335872,33210380288,8589930496,1915256832,0
200,1737286341071,2100,847,1423,1431,1996,1797,1333,1285,1366,1382,1499,1500,100,0,0,0,0,0,0,0,4.761904716491699,0,0,0,0,62691.69689941406,127897.19311523438,192.343017578125,100.41841125488281,0,335872,33210380288,8589930496,1915256832,0
200,1737286341271,2100,2100,1342,1256,1517,2100,1458,1421,400,400,1287,400,100,0,0,0,0,0,0,0,4.761904716491699,0,0,0,0,62693.07238769531,127897.74926757813,192.343017578125,100.41841125488281,0,335872,33210380288,8589930496,1915256832,0
200,1737286341472,2100,2054,1472,1450,1933,2099,1407,1315,1447,1447,1289,1442,100,0,0,4.761904716491699,0,0,0,0,0,0,0,0,0,62694.464599609375,127898.38665771484,192.343017578125,100.41841125488281,0,335872,33210380288,8589930496,1915256832,0
200,1737286341672,2100,2047,1473,1470,1986,1826,1384,1383,1364,1387,1276,1470,100,0,0,4.761904716491699,0,0,0,0,0,0,0,0,0,62695.84344482422,127899.00549316406,192.343017578125,100.41841125488281,0,335872,33210380288,8589930496,1915256832,0
200,1737286341872,2099,1935,1394,1336,1834,1926,1318,1288,1294,1326,1218,400,100,0,0,4.761904716491699,0,0,0,0,0,0,0,0,0,62697.219177246094,127899.64556884766,192.343017578125,50.209205627441406,0,335872,33210380288,8589930496,1915256832,0
200,1737286342072,2100,2039,1444,1442,1813,1883,1316,1427,1442,1442,1318,1500,100,0,0,4.761904716491699,0,0,0,0,0,0,0,0,0,62698.59295654297,127900.26892089844,192.343017578125,100,0,335872,33210380288,8589930496,1915256832,0
200,1737286342272,2100,1827,1182,1204,1799,1553,1342,1410,1416,1273,400,1171,100,0,0,4.761904716491699,0,0,0,0,0,0,0,0,0,62699.96887207031,127900.89575195313,192.343017578125,100.41841125488281,0,335872,33210380288,8589930496,1915256832,0
200,1737286342472,2100,2013,1414,1474,2100,1945,1399,1429,1429,1408,1499,1500,100,0,0,4.761904716491699,0,0,0,0,0,0,0,0,0,62701.34063720703,127901.31060791016,192.343017578125,100,0,335872,33210380288,8589930496,1915256832,0
200,1737286342672,2100,1548,400,400,1654,1882,1386,1399,1402,1379,1223,1207,100,0,0,4.761904716491699,0,0,0,0,0,0,0,0,0,62702.85516357422,127901.78253173828,192.343017578125,99.58505249023438,0,335872,33210380288,8589930496,1915256832,0
200,1737286342873,2100,2054,400,400,1716,869,1361,1398,1397,1289,968,1341,100,0,0,4.761904716491699,0,0,0,0,0,0,0,0,0,62704.546936035156,127902.36572265625,192.343017578125,100.84033203125,0,335872,33210380288,8589930496,1915256832,0
200,1737286343073,2099,2049,1411,1469,2100,2100,1500,1500,1500,1432,400,1374,100,0,0,4.761904716491699,0,0,0,0,0,0,0,0,0,62706.18762207031,127902.91955566406,192.343017578125,100,0,335872,33210380288,8589930496,1915256832,0
200,1737286343273,2100,1989,400,1472,2100,2100,1499,1467,1500,1496,1344,1403,100,0,0,4.761904716491699,0,0,0,0,0,0,0,0,0,62707.79931640625,127903.46905517578,192.343017578125,100.41841125488281,0,335872,33210380288,8589930496,1915256832,0
200,1737286343473,2100,2100,1493,1466,2100,2100,1500,1499,1499,1499,1414,1466,100,0,0.5,0,0.5025125741958618,0.5025125741958618,0,0.5025125741958618,0.5,0,0.9950248599052429,0.5,0,62709.180725097656,127903.85791015625,192.343017578125,100.41841125488281,0,335872,33210380288,8589930496,1915256832,0
200,1737286343673,2100,1995,1500,1499,1756,1815,1461,1486,400,1499,1499,1332,100,0,0,0,0,0,4.761904716491699,0,0,4.761904716491699,0,0,0,62710.621032714844,127904.28338623047,192.343017578125,100.41841125488281,0,335872,33210380288,8589930496,1915256832,0
200,1737286343874,2100,685,1243,1302,2023,1445,1451,1290,1500,1499,1374,1400,100,0,0,0,0,0,4.761904716491699,0,0,4.761904716491699,0,0,0,62711.98748779297,127904.67352294922,192.343017578125,99.58505249023438,0,335872,33210380288,8589930496,1915256832,0
200,1737286344074,2100,1645,1286,1499,1868,1937,1360,1383,1367,1470,1288,1440,100,0,0,0,0,0,4.761904716491699,0,0,4.761904716491699,0,0,0,62713.364685058594,127905.08282470703,192.343017578125,50.209205627441406,0,335872,33210380288,8589930496,1915256832,0
200,1737286344274,2100,1907,1306,1378,1816,1875,1428,1347,1330,1443,1334,1357,100,1.6949152946472168,0,0,1.6393442153930664,0,0,1.6666667461395264,0,0,0,0,0,62714.74267578125,127905.71215820313,192.343017578125,50.209205627441406,0,335872,33210380288,8589930496,1915256832,0
200,1737286344474,2100,1859,1350,1295,1613,1993,1226,1237,1240,1329,400,1179,100,0,0,0,0,0,0,0,0,4.761904716491699,0,0,0,62716.125549316406,127906.34460449219,192.343017578125,100.84033203125,0,335872,33210380288,8589930496,1915256832,0
200,1737286344674,2099,2099,1480,1478,2100,2099,1499,1499,400,1399,400,1500,100,0,0,0,0,0,4.761904716491699,0,4.761904716491699,0,0,0,0,62717.49578857422,127906.96783447266,192.343017578125,100,0,335872,33210380288,8589930496,1915256832,0
200,1737286344874,2099,539,1234,1202,400,1988,1499,1311,1333,1439,1222,1171,100,0,0,0,4.761904716491699,9.090909004211426,0,0,0,0,0,0,0,62718.8857421875,127907.59912109375,192.343017578125,100,0,335872,33210380288,8589930496,1915256832,0
200,1737286345074,2100,2099,400,1472,1915,1969,1415,1452,1454,1457,1452,833,100,0,0,0,4.761904716491699,9.090909004211426,0,0,0,0,0,0,0,62720.25537109375,127908.23248291016,192.343017578125,100,0,335872,33210380288,8589930496,1915256832,0
200,1737286345275,2100,540,400,400,400,1958,1402,400,1414,1390,1417,1329,100,0,0,0,4.761904716491699,9.090909004211426,0,0,0,0,0,0,0,62721.626220703125,127908.77435302734,192.343017578125,50.10437774658203,0,335872,33210380288,8589930496,1915256832,0
200,1737286345475,2100,1739,1417,1500,1868,2100,1457,400,1416,1500,1483,1466,100,0,0,0,4.761904716491699,9.090909004211426,0,0,0,0,0,0,0,62723.04620361328,127909.18829345703,192.343017578125,100.84033203125,0,335872,33210380288,8589930496,1915256832,0
200,1737286345675,2100,2100,1431,1465,1959,1953,1416,1458,1410,1411,1472,1500,100,0,0,0,4.761904716491699,9.090909004211426,0,0,0,0,0,0,0,62724.638610839844,127909.70434570313,192.343017578125,100.41841125488281,0,335872,33210380288,8589930496,1915256832,0
200,1737286345875,2100,2100,1401,1227,1299,1537,1444,1373,1478,1461,1446,1413,100,0,0,0,4.761904716491699,9.090909004211426,0,0,0,0,0,0,0,62726.307556152344,127910.28308105469,192.343017578125,100.41841125488281,0,335872,33210380288,8589930496,1915256832,0
200,1737286346075,2100,2100,1472,1500,2062,2032,1321,1500,1499,1499,1500,1499,100,0,0,0,4.761904716491699,9.090909004211426,0,0,0,0,0,0,0,62728.0361328125,127910.88366699219,192.343017578125,100.41841125488281,0,335872,33210380288,8589930496,1915256832,0
200,1737286346276,2100,1630,400,400,1763,1763,1476,1435,1388,1452,400,400,100,0,0,0,4.761904716491699,9.090909004211426,0,0,0,0,0,0,0,62729.46319580078,127911.31768798828,192.343017578125,100.41841125488281,0,335872,33210380288,8589930496,1915256832,0
200,1737286346476,2099,2100,1447,1448,2024,2100,1499,1483,1499,1362,1347,1350,100,4.761904716491699,4.761904716491699,0,0,0,0,0,0,0,0,0,0,62730.851135253906,127911.71752929688,192.343017578125,100.41841125488281,0,335872,33210380288,8589930496,1915256832,0
200,1737286346676,2099,1807,1345,1319,1581,1687,1415,1499,1444,1388,1352,1314,100,0,0,4.761904716491699,4.761904716491699,0,4.761904716491699,0,0,4.761904716491699,0,0,0,62732.33349609375,127912.15979003906,192.343017578125,104.99999237060547,0,335872,33210380288,8589930496,1915256832,0
200,1737286346876,2100,2100,1455,1196,1801,1949,1474,1316,1469,1396,1370,1460,100,0,0,4.761904716491699,4.761904716491699,0,4.761904716491699,0,0,4.761904716491699,0,0,0,62733.657165527344,127912.52478027344,192.343017578125,100.41841125488281,0,335872,33210380288,8589930496,1915256832,0
200,1737286347077,2100,2061,1378,1350,1870,1647,1440,1500,1469,1473,1412,1415,100,0,0,0,0,0,0,0,0,0,0,0,0,62735.038024902344,127913.04229736328,192.343017578125,100.41841125488281,0,335872,33210380288,8589930496,1915256832,0
200,1737286347277,2100,2050,1441,1421,2100,1987,1384,1392,1389,1367,1450,1490,100,0,0,0,0,0,0,0,0,0,0,0,0,62736.41796875,127913.67053222656,192.343017578125,50.10437774658203,0,335872,33210380288,8589930496,1919127552,0
200,1737286347477,2100,2042,1469,1472,1925,1955,1467,1412,1434,1472,400,400,100,0,0,0,0,0,0,0,0,0,0,0,0,62737.803161621094,127914.29956054688,192.343017578125,100.84033203125,0,335872,33210380288,8589930496,1919127552,0
200,1737286347677,2100,1403,1373,1419,1781,1854,1389,1362,1457,1447,1458,1436,100,0,0,0,0,0,0,0,0,0,0,0,0,62739.185791015625,127914.92694091797,192.343017578125,100,0,335872,33210380288,8589930496,1919127552,0
200,1737286347877,2100,1956,1500,1399,1402,2100,1451,1437,1466,1484,1396,1425,100,0,0,0,0,0,0,0,0,0,0,0,0,62740.57849121094,127915.5630493164,192.343017578125,100.41841125488281,0,335872,33210380288,8589930496,1919127552,0
200,1737286348077,2099,1965,1270,1386,1988,2005,1456,1356,1447,1423,1239,1253,100,0,0,0,0,0,0,0,0,0,0,0,0,62741.945861816406,127916.09979248047,192.34368896484375,100,0,335872,33210380288,8589930496,1919127552,0
200,1737286348278,2100,2039,1461,1398,1958,1868,1294,1386,1499,1344,1337,1499,100,0,0,0,0,0,0,0,0,0,0,0,0,62743.37121582031,127916.51440429688,192.34368896484375,100.84033203125,0,335872,33210380288,8589930496,1919127552,0
200,1737286348478,2099,2100,1405,1447,2100,1949,1499,1500,1500,1500,1401,1399,100,0,0,0,0,0,0,0,0,0,0,0,0,62744.986328125,127917.04498291016,192.34368896484375,99.1735610961914,0,335872,33210380288,8589930496,1919127552,0
200,1737286348678,2100,2100,1482,1481,2015,2100,1500,1500,1268,1477,1287,1459,100,0,0,0,0,0,0,0,0,0,0,0,0,62746.65759277344,127917.6264038086,192.34368896484375,99.1735610961914,0,335872,33210380288,8589930496,1919127552,0
200,1737286348878,2099,1900,1465,1439,2100,2099,1356,1499,1381,1383,1425,1446,100,0.5681818127632141,0,0,0,0.5586591958999634,0.5586591958999634,1.1111111640930176,0.5555555820465088,0.5555555820465088,0.5555555820465088,0,0,62748.36267089844,127918.20880126953,192.34368896484375,100.41841125488281,0,335872,33210380288,8589930496,1919127552,0
199,1737286349078,2100,2033,1418,1436,2100,1941,1451,1455,1463,1449,1374,1389,100,0,0,0,0,0,0,0,0,0,0,0,0,62749.80969238281,127918.6533203125,192.34368896484375,100.84033203125,0,335872,33210380288,8589930496,1919127552,0
200,1737286349278,2100,2100,1293,1368,1678,2100,1455,1411,1464,1478,1300,1316,100,0,0,0,4.761904716491699,0,0,0,0,0,0,4.761904716491699,0,62751.20379638672,127919.05322265625,192.34368896484375,100,0,335872,33210380288,8589930496,1919127552,0
200,1737286349479,2100,534,1500,1116,1720,400,1375,1280,1430,1365,1463,1267,100,0,4.761904716491699,0,0,0,0,0,0,0,0,0,0,62752.683349609375,127919.49108886719,192.34368896484375,100.84033203125,0,335872,33210380288,8589930496,1919127552,0
199,1737286349679,2100,2089,1471,1466,2100,1897,1499,1500,1500,1295,1396,1423,100,0,0,0,0,0,0,0,0,0,0,0,0,62754.019104003906,127919.86297607422,192.34368896484375,100.41841125488281,0,335872,33210380288,8589930496,1919127552,0
200,1737286349879,2100,1848,1500,1500,1988,2100,1395,1352,1386,1448,1499,1500,100,0,0,0,0,0,0,0,0,0,0,0,0,62755.40411376953,127920.36627197266,192.34368896484375,100,0,335872,33210380288,8589930496,1919823872,0
200,1737286350079,2099,1733,1334,1186,1788,1888,1264,1340,1290,1246,1222,1324,100,0,0,0,0,0,0,0,0,0,0,0,0,62756.78741455078,127920.99346923828,192.34368896484375,100.41841125488281,0,335872,33210380288,8589930496,1919823872,0
200,1737286350279,2100,1765,1164,1277,819,1523,894,951,965,973,951,1289,100,0,0,0,0,0,0,0,0,0,0,0,0,62758.16436767578,127921.61749267578,192.34368896484375,50.209205627441406,0,335872,33210380288,8589930496,1919823872,0
200,1737286350479,2100,2025,1358,1410,2100,2100,1430,1418,1470,1453,400,400,100,0,0,0,0,0,0,0,0,0,0,0,0,62759.550842285156,127922.24444580078,192.34368896484375,100.41841125488281,0,335872,33210380288,8589930496,1917726720,0
200,1737286350680,2100,1935,1412,1323,2100,1697,1387,1460,1406,1402,1359,1362,100,0,0,0,0,0,0,0,0,0,0,0,0,62760.94348144531,127922.87805175781,192.34368896484375,100,0,335872,33210380288,8589930496,1917726720,0
200,1737286350880,2099,2044,1449,1383,2100,2068,1499,1499,1421,1500,400,400,100,0,0,0,0,0,0,0,0,0,0,0,0,62762.31463623047,127923.3935546875,192.34368896484375,100.41841125488281,0,335872,33210380288,8589930496,1917726720,0
200,1737286351080,2016,2100,1499,1472,1888,1978,1333,1500,1500,1470,1500,1499,100,1.6949152946472168,0.8264462351799011,1.6528924703598022,0.8333333730697632,0.8333333730697632,0.8333333730697632,0.8333333730697632,0.8333333730697632,0.8333333730697632,0,0,0,62763.759338378906,127923.81787109375,192.34368896484375,100.41841125488281,0,335872,33210380288,8589930496,1917726720,0
200,1737286351280,2100,1870,1367,1361,1959,1822,1484,1466,1499,1500,1088,1299,100,0,0,0,0,0,0,0,4.761904716491699,0,4.761904716491699,0,0,62765.37780761719,127924.35260009766,192.34368896484375,105.4393310546875,0,335872,33210380288,8589930496,1917726720,0
200,1737286351480,2100,1973,1237,1346,1753,2100,1428,1493,1378,1430,1254,1440,100,0,0,0,0,0,0,0,4.761904716491699,0,4.761904716491699,0,0,62767.049560546875,127924.9326171875,192.34368896484375,100,0,335872,33210380288,8589930496,1917722624,0
200,1737286351680,2100,1939,1400,1395,1957,1719,1413,1422,1435,1394,1390,1411,100,0,0,0,0,0,0,0,0,0,0,0,0,62768.76788330078,127925.52435302734,192.34368896484375,100.84033203125,0,335872,33210380288,8589930496,1917722624,0
200,1737286351881,2100,1774,1199,1101,1450,1979,1430,1402,1428,1425,1054,1228,100,0,0,0,0,0,0,0,0,0,0,0,0,62770.17462158203,127925.94610595703,192.34368896484375,50.10437774658203,0,335872,33210380288,8589930496,1917722624,0
200,1737286352081,2099,1843,1069,400,1823,1492,1063,400,1300,1284,400,400,100,0,0,0,0,0,0,0,0,0,0,0,0,62771.56628417969,127926.34490966797,192.34368896484375,100.41841125488281,0,335872,33210380288,8589930496,1917722624,0
199,1737286352281,2100,2100,1446,1459,2065,1918,1500,1500,1452,1251,1378,1354,100,0,0,0,0,0,0,0,0,0,0,0,0,62773.05340576172,127926.78918457031,192.34368896484375,100.41841125488281,0,335872,33210380288,8589930496,1917722624,0
200,1737286352481,2100,1859,1458,1470,1926,2100,1318,1392,1376,1472,1434,1375,100,0,0,0,0,0,0,0,0,0,0,0,0,62774.389404296875,127927.16143798828,192.34368896484375,100,0,335872,33210380288,8589930496,1917722624,0
200,1737286352681,2100,2016,1420,1422,1858,1774,1500,1499,1499,1481,944,1430,100,0,0,0,0,0,0,0,0,0,0,0,0,62775.77746582031,127927.69024658203,192.34368896484375,95,0,335872,33210380288,8589930496,1916227584,0
200,1737286352881,2100,2057,1397,1499,1865,1879,1440,1500,1499,1416,878,1500,100,0,4.761904716491699,0,0,0,0,0,0,0,0,0,0,62777.16613769531,127928.31805419922,192.34368896484375,105.4393310546875,0,335872,33210380288,8589930496,1916227584,0
200,1737286353081,2100,1856,1080,1158,400,1598,1333,1426,1428,1417,988,1220,100,0,0,0,0,4.761904716491699,0,0,0,0,4.761904716491699,0,0,62778.55450439453,127928.94848632813,192.34368896484375,100.41841125488281,0,335872,33210380288,8589930496,1916227584,0
200,1737286353282,2100,2100,1435,400,1830,1801,1334,1436,1437,1459,867,852,100,0,0,0,0,0,4.761904716491699,0,0,0,0,0,0,62779.93426513672,127929.57470703125,192.34368896484375,95.39749145507813,0,335872,33210380288,8589930496,1916227584,0
200,1737286353482,2100,1902,1377,1362,1943,1927,1159,1326,1337,1398,1453,1370,100,0,0,0,0,0,4.761904716491699,0,0,0,0,0,0,62781.319580078125,127930.20294189453,192.34368896484375,100.41841125488281,0,335872,33210380288,8589930496,1916198912,0
199,1737286353682,2100,1993,1420,1462,1856,1925,1348,1499,1418,1303,1479,1468,100,0,0,0,0,0,4.761904716491699,0,0,0,0,0,0,62782.69561767578,127930.72772216797,192.34368896484375,52.60960388183594,0,335872,33210380288,8589930496,1916198912,0
200,1737286353882,2100,1899,400,1407,1935,2099,1469,1436,1451,1430,1313,1499,100,1.6949152946472168,0,0,1.6666667461395264,1.6393442153930664,0,0,0,0,0,0,0,62784.11511230469,127931.1372680664,192.34368896484375,50.10437774658203,0,335872,33210380288,8589930496,1916198912,0
200,1737286354082,2100,2054,1445,1312,1954,1966,1252,1298,1278,1287,1360,1445,100,0,0,0,0,0,0,0,0,0,0,0,0,62785.71551513672,127931.65740966797,192.34368896484375,100.84033203125,0,335872,33210380288,8589930496,1916198912,0
200,1737286354283,2100,2100,1475,1499,2100,2100,1417,1463,1464,1045,400,1476,100,0,0,0,0,0,0,0,0,0,0,0,0,62787.40350341797,127932.24560546875,192.34368896484375,100.41841125488281,0,335872,33210380288,8589930496,1916198912,0
200,1737286354483,2100,1890,1434,1444,2100,1932,1499,1500,1457,1499,1352,1441,100,0,0,0,0,0,0,0,0,0,0,0,0,62789.122314453125,127932.83703613281,192.34368896484375,99.58505249023438,0,335872,33210380288,8589930496,1916198912,0
200,1737286354683,2100,608,400,810,400,1638,1309,1340,400,1378,400,400,100,5,0,0,4.761904716491699,0,0,4.761904716491699,0,0,0,0,0,62790.54846191406,127933.26654052734,192.34368896484375,100.41841125488281,0,335872,33210380288,8589930496,1916198912,0
200,1737286354883,2100,1923,1475,1441,2100,2100,1500,1441,1474,1446,1461,1276,100,5,0,0,4.761904716491699,0,0,4.761904716491699,0,0,0,0,0,62791.93859863281,127933.6646118164,192.34368896484375,50.10437774658203,0,335872,33210380288,8589930496,1916198912,0
200,1737286355083,2100,1915,1499,1499,1967,2100,1418,1487,1499,1500,1499,1499,100,5,0,0,4.761904716491699,0,0,4.761904716491699,0,0,0,0,0,62793.422607421875,127934.10534667969,192.34368896484375,100.41841125488281,0,335872,33210380288,8589930496,1916198912,0
200,1737286355283,2100,2041,1447,1436,1958,1963,1379,1477,1462,1428,1458,1281,100,5,0,0,4.761904716491699,0,0,4.761904716491699,0,0,0,0,0,62794.75231933594,127934.47216796875,192.34368896484375,100,0,335872,33210380288,8589930496,1916198912,0
200,1737286355484,2100,1980,1500,1482,2099,1911,1500,1461,1499,1499,1500,1477,100,5,0,0,4.761904716491699,0,0,4.761904716491699,0,0,0,0,0,62796.15197753906,127934.99774169922,192.34368896484375,100.84033203125,0,335872,33210380288,8589930496,1916186624,0
200,1737286355684,2100,1815,1399,1347,1962,1950,1369,1444,1445,1445,1307,1387,100,5,0,0,4.761904716491699,0,0,4.761904716491699,0,0,0,0,0,62797.526794433594,127935.61791992188,192.34368896484375,95.7983169555664,0,335872,33210380288,8589930496,1916186624,0
200,1737286355884,2100,1758,1285,1353,1661,1731,1404,1114,1430,1455,1167,1299,100,5,0,0,4.761904716491699,0,0,4.761904716491699,0,0,0,0,0,62798.91876220703,127936.24896240234,192.34368896484375,50.209205627441406,0,335872,33210380288,8589930496,1916186624,0
200,1737286356084,2100,2100,1469,1461,2012,2099,1425,1486,1455,1499,847,1464,100,5,0,0,4.761904716491699,0,0,4.761904716491699,0,0,0,0,0,62800.300537109375,127936.87567138672,192.34368896484375,100,0,335872,33210380288,8589930496,1916186624,0
200,1737286356284,2099,1972,1476,1499,2100,2100,1434,1442,1418,1430,1461,1471,100,5,0,0,4.761904716491699,0,0,4.761904716491699,0,0,0,0,0,62801.67980957031,127937.5023803711,192.34368896484375,100,0,335872,33210380288,8589930496,1916186624,0
200,1737286356485,2100,2021,400,400,1597,400,1454,1500,1499,1499,1031,1009,100,0,0,0,0,0,0,0,0,0,0,0,0,62803.05792236328,127938.02801513672,192.34368896484375,105.4393310546875,0,335872,33210380288,8589930496,1916186624,0
200,1737286356685,2100,2100,1256,1423,1955,1919,1394,1183,1216,1206,1428,1296,100,0,0,0,0,0,0,0,0,0,0,0,0,62804.48077392578,127938.43713378906,192.34368896484375,100.41841125488281,0,335872,33210380288,8589930496,1916186624,0
200,1737286356885,2100,1586,1287,400,1936,1915,400,1161,1009,989,1320,1183,100,0,0,0,0,0,0,0,0,0,0,0,0,62806.09881591797,127938.96936035156,192.34368896484375,50.10437774658203,0,335872,33210380288,8589930496,1916186624,0
200,1737286357085,2100,2100,1456,1500,2100,2100,1481,1444,1437,1499,1253,1450,100,0,0,0,0,0,0,0,0,0,0,0,0,62807.767028808594,127939.5415649414,192.34368896484375,100,0,335872,33210380288,8589930496,1916186624,0
200,1737286357285,2100,1982,1500,1499,2100,2100,1500,1500,1500,1500,1439,1478,100,0,0,0,0,0,0,0,0,0,0,0,0,62809.48791503906,127940.13604736328,192.34368896484375,100,0,335872,33210380288,8589930496,1916186624,0
200,1737286357485,2100,1992,1397,1393,2100,2100,1410,1377,1354,1354,1352,1358,100,0,1.2345678806304932,0,2.4390242099761963,1.25,1.25,1.25,0,1.25,0,1.25,0,62810.905517578125,127940.56201171875,192.34368896484375,100.41841125488281,0,335872,33210380288,8589930496,1916186624,0
200,1737286357685,2100,552,400,950,1628,2100,1346,1373,1319,1442,859,400,100,0,0,0,0,0,0,0,0,0,4.761904716491699,0,0,62812.308654785156,127940.96862792969,192.34368896484375,100,0,335872,33210380288,8589930496,1916186624,0
200,1737286357886,2099,1870,1385,1165,400,400,1325,1084,1288,1277,1499,1408,100,0,0,0,0,0,0,0,0,0,4.761904716491699,0,0,62813.79266357422,127941.41119384766,192.34368896484375,100.84033203125,0,335872,33210380288,8589930496,1916186624,0
200,1737286358086,2099,1986,1129,1480,1969,2100,1213,1500,1441,1439,1438,1500,100,4.761904716491699,0,0,0,0,0,0,0,0,0,0,0,62815.11877441406,127941.77508544922,192.34368896484375,100,0,335872,33210380288,8589930496,1916186624,0
200,1737286358286,2099,550,400,400,400,1810,1459,1499,1249,1214,400,400,100,4.761904716491699,0,0,0,0,0,0,0,0,0,0,0,62816.521240234375,127942.30560302734,192.34368896484375,95.39749145507813,0,335872,33210380288,8589930496,1916186624,0
200,1737286358486,2100,2100,1499,1499,1735,2099,1500,1499,937,1500,1499,1499,100,0,0,0,0,4.761904716491699,0,0,0,0,0,0,0,62817.902282714844,127942.93188476563,192.34368896484375,105.4393310546875,0,335872,33210380288,8589930496,1916186624,0
200,1737286358686,2099,1809,1401,1258,1631,1753,1404,1499,1397,1427,1187,1249,100,0,0,4.761904716491699,0,0,0,5,0,0,0,0,0,62819.28112792969,127943.55590820313,192.34368896484375,100,0,335872,33210380288,8589930496,1916186624,0
200,1737286358887,2100,1713,1387,1328,1427,1918,1474,1409,1468,1414,1353,1330,100,0,0,4.761904716491699,0,0,0,5,0,0,0,0,0,62820.67126464844,127944.18725585938,192.34368896484375,99.58505249023438,0,335872,33210380288,8589930496,1916186624,0
200,1737286359087,2100,1904,737,400,1801,1953,1455,1366,400,1371,796,1298,100,0,0,0,0,0,0,0,0,4.761904716491699,0,0,0,62822.05340576172,127944.81701660156,192.34368896484375,100.84033203125,0,335872,33210380288,8589930496,1916186624,0
200,1737286359287,2100,1934,1442,1467,2100,1813,1500,1500,1499,1500,1280,1472,100,0,0,0,0,0,4.761904716491699,0,0,0,0,0,0,62823.438415527344,127945.31225585938,192.34368896484375,95.39749145507813,0,335872,33210380288,8589930496,1916186624,0
200,1737286359487,2100,1822,1409,1412,1778,1882,1486,1499,1499,1482,400,1398,100,0,0,0,4.761904716491699,0,0,0,4.761904716491699,0,0,0,0,62824.880920410156,127945.74230957031,192.34368896484375,104.99999237060547,0,335872,33210380288,8589930496,1916186624,0
200,1737286359687,2100,2100,1499,1444,2100,1997,1499,1500,1424,1499,654,1499,100,0,0,0,4.761904716491699,0,0,0,4.761904716491699,0,0,0,0,62826.52478027344,127946.2857055664,192.34368896484375,95,0,335872,33210380288,8589930496,1916186624,0
200,1737286359887,2100,1908,1380,1433,400,1445,1406,1267,1364,1436,1500,1477,100,0,0,0,0,0,0,0,0,0,0,0,0,62828.205993652344,127946.859375,192.34368896484375,105.4393310546875,0,335872,33210380288,8589930496,1916186624,0
200,1737286360088,2100,2060,1500,1464,2100,2100,1499,1500,1500,1500,765,1500,100,0,0,0,0,0,0,0,4.761904716491699,0,0,0,0,62829.94274902344,127947.46459960938,192.34368896484375,100.41841125488281,0,335872,33210380288,8589930496,1916186624,0
200,1737286360288,2100,2100,1379,1477,1681,2100,1499,1480,1433,1477,1468,1474,100,0,0,0,0,0,0,0,0,0,0,0,0,62831.30310058594,127947.86022949219,192.34368896484375,99.58505249023438,0,335872,33210380288,8589930496,1916186624,0
200,1737286360488,2100,1775,1485,1414,1956,1777,1412,1462,1461,1465,1483,1367,100,0,0,4.761904716491699,0,0,0,0,0,0,0,0,0,62832.70983886719,127948.26574707031,192.34368896484375,100.84033203125,0,335872,33210380288,8589930496,1916186624,0
200,1737286360688,2100,1993,1423,1477,2099,2100,1438,1352,1437,1440,1429,1471,100,0,0,4.761904716491699,0,0,0,0,0,0,0,0,0,62834.170166015625,127948.70025634766,192.34490966796875,100,0,335872,33210380288,8589930496,1916186624,0
200,1737286360888,2100,2041,1279,1263,1785,1853,1499,1404,1500,1500,1355,1305,100,0,0,4.761904716491699,0,0,0,0,0,0,0,0,0,62835.491943359375,127949.06323242188,192.34490966796875,50.209205627441406,0,335872,33210380288,8589930496,1916186624,0
200,1737286361089,2100,1856,400,784,1445,1885,1421,1448,1291,1437,400,1006,100,0,0,4.761904716491699,0,0,0,0,0,0,0,0,0,62836.88262939453,127949.61633300781,192.34490966796875,100.41841125488281,0,335872,33210380288,8589930496,1916186624,0
200,1737286361289,2100,2042,1465,1473,1959,1967,1425,1422,1475,1442,1369,1471,100,0,0,4.761904716491699,0,0,0,0,0,0,0,0,0,62838.264099121094,127950.24530029297,192.34490966796875,100.41841125488281,0,335872,33210380288,8589930496,1916186624,0
199,1737286361489,2099,1810,1466,1447,1308,1958,1350,1396,1409,1313,400,1436,100,0,0,4.761904716491699,0,0,0,0,0,0,0,0,0,62839.653869628906,127950.88110351563,192.34490966796875,50.10437774658203,0,335872,33210380288,8589930496,1916182528,0
200,1737286361689,2100,2013,1406,1408,1932,1753,1337,1323,1409,1419,1335,1399,100,0,0,4.761904716491699,0,0,0,0,0,0,0,0,0,62841.02813720703,127951.50396728516,192.34490966796875,100.41841125488281,0,335872,33210380288,8589930496,1916182528,0
200,1737286361889,2100,1708,1500,1291,1148,1839,1246,1167,1228,1274,1316,1308,100,0,0,4.761904716491699,0,0,0,0,0,0,0,0,0,62842.408630371094,127952.13513183594,192.34490966796875,100.41841125488281,0,335872,33210380288,8589930496,1916182528,0
200,1737286362089,2100,1979,1434,1440,2093,2100,1380,1330,1360,1345,1499,1440,100,0,0,4.761904716491699,0,0,0,0,0,0,0,0,0,62843.78985595703,127952.64331054688,192.34490966796875,100,0,335872,33210380288,8589930496,1916182528,0
200,1737286362289,2100,549,400,835,1753,1717,1247,1301,1378,1416,774,400,100,0,0,4.761904716491699,0,0,0,0,0,0,0,0,0,62845.223083496094,127953.0673828125,192.34490966796875,100.41841125488281,0,335872,33210380288,8589930496,1916182528,0
200,1737286362490,2100,1828,400,400,1144,400,1022,400,1353,1254,400,400,100,0,0,4.761904716491699,0,0,0,0,0,0,0,0,0,62846.85968017578,127953.60815429688,192.34490966796875,100,0,335872,33210380288,8589930496,1916182528,0
200,1737286362690,2100,1846,1445,1479,1937,1992,1399,1397,1398,1306,1386,1227,100,0,0,4.761904716491699,0,0,0,0,0,0,0,0,0,62848.537536621094,127954.19342041016,192.34490966796875,100,0,335872,33210380288,8589930496,1916182528,0
200,1737286362890,2100,1988,1468,400,1874,400,1365,1435,1477,1373,1310,1126,100,0,0,4.761904716491699,0,0,0,0,0,0,0,0,0,62850.26647949219,127954.79510498047,192.34490966796875,100,0,335872,33210380288,8589930496,1916182528,0
200,1737286363090,2100,2100,1476,1477,1787,2100,1381,1385,1397,1382,1375,1476,100,0,0,4.761904716491699,0,0,0,0,0,0,0,0,0,62851.63641357422,127955.19403076172,192.34490966796875,100,0,335872,33210380288,8589930496,1916182528,0
200,1737286363290,2100,1987,1500,1461,1818,2100,1433,1470,1427,1399,1451,1466,100,0.7905138731002808,0.7662835121154785,0,0.7692307829856873,0.7692307829856873,0.3861003816127777,0.7692307829856873,0.38461539149284363,0.7692307829856873,0.7662835121154785,0.7692307829856873,0,62853.033447265625,127955.60052490234,192.34490966796875,100.84033203125,0,335872,33210380288,8589930496,1916182528,0
200,1737286363490,2100,2052,1375,1243,1763,2099,1436,1453,1447,1446,1410,1436,100,0.7905138731002808,0.7662835121154785,0,0.7692307829856873,0.7692307829856873,0.3861003816127777,0.7692307829856873,0.38461539149284363,0.7692307829856873,0.7662835121154785,0.7692307829856873,0,62854.496520996094,127956.03588867188,192.34490966796875,50.209205627441406,0,335872,33210380288,8589930496,1916182528,0
200,1737286363691,2100,1770,1454,1479,1726,1856,1405,1400,1439,1463,1226,1500,100,0.7905138731002808,0.7662835121154785,0,0.7692307829856873,0.7692307829856873,0.3861003816127777,0.7692307829856873,0.38461539149284363,0.7692307829856873,0.7662835121154785,0.7692307829856873,0,62855.820373535156,127956.40423583984,192.34490966796875,100.41841125488281,0,335872,33210380288,8589930496,1916182528,0
200,1737286363891,2099,2051,1428,1378,1938,1904,1329,1280,1338,1300,1400,1475,100,0.7905138731002808,0.7662835121154785,0,0.7692307829856873,0.7692307829856873,0.3861003816127777,0.7692307829856873,0.38461539149284363,0.7692307829856873,0.7662835121154785,0.7692307829856873,0,62857.21160888672,127956.96240234375,192.34490966796875,105.4393310546875,0,335872,33210380288,8589930496,1916182528,0
200,1737286364091,2100,1957,400,400,1879,1878,1432,1500,400,400,400,400,100,0,0,0,0,0,0,4.761904716491699,0,0,0,0,0,62858.59356689453,127957.59020996094,192.34490966796875,95,0,335872,33210380288,8589930496,1916182528,0
200,1737286364291,2100,1500,1205,1237,1384,1570,1447,1354,1372,1258,1162,1225,100,0,0,0,0,0,0,4.761904716491699,0,0,0,0,0,62859.971252441406,127958.21868896484,192.34490966796875,100.84033203125,0,335872,33210380288,8589930496,1916182528,0
200,1737286364491,2100,2100,1500,1482,2100,2092,1415,1405,1427,1430,1476,1091,100,0,0,0,4.761904716491699,0,0,4.761904716491699,0,0,0,0,0,62861.359619140625,127958.85137939453,192.34490966796875,104.5643081665039,0,335872,33210380288,8589930496,1916182528,0
200,1737286364691,2100,2100,1448,400,1969,1989,1403,1416,1429,1457,1240,1486,100,0,0,0,0,0,0,0,0,0,0,0,0,62862.73767089844,127959.47998046875,192.34490966796875,100.41841125488281,0,335872,33210380288,8589930496,1916182528,0
200,1737286364892,2100,502,1380,1424,1635,1938,1361,1117,1187,1131,1322,1395,100,0,0,0,0,0,0,0,0,0,0,0,0,62864.11749267578,127959.96337890625,192.34490966796875,95.7983169555664,0,335872,33210380288,8589930496,1916182528,0
200,1737286365092,2100,2100,1460,1472,1807,2100,1499,1480,1480,1469,400,1469,100,0,0,0,0,0,4.761904716491699,0,4.761904716491699,0,0,0,0,62865.57879638672,127960.40478515625,192.34490966796875,100,0,335872,33210380288,8589930496,1916182528,0
199,1737286365292,2100,1544,1166,1343,2100,1705,1476,1415,1475,1473,1258,1206,100,0,0,0,0,0,4.761904716491699,0,4.761904716491699,0,0,0,0,62867.22595214844,127960.95220947266,192.34490966796875,99.58505249023438,0,335872,33210380288,8589930496,1916182528,0
200,1737286365492,2100,2006,1453,1490,2099,1970,1411,1352,1389,1383,1429,1435,100,0,0,0,0,0,0,0,0,4.761904716491699,0,0,0,62868.870544433594,127961.51971435547,192.34490966796875,100,0,335872,33210380288,8589930496,1916182528,0
200,1737286365692,2100,2099,1474,1473,2100,2100,1384,1301,1338,1381,1476,1414,100,0,0,0,0,0,0,0,0,4.761904716491699,0,0,0,62870.62451171875,127962.1478881836,192.34490966796875,50.209205627441406,0,335872,33210380288,8589930496,1916182528,0
200,1737286365893,2099,1983,1398,1208,1478,1663,1419,1324,1416,1356,1473,1500,100,0,0,0,0,0,0,0,0,4.761904716491699,0,0,0,62871.96765136719,127962.5234375,192.34490966796875,100.84033203125,0,335872,33210380288,8589930496,1916182528,0
200,1737286366093,2100,1450,451,400,1188,1734,400,1372,1389,1239,400,932,100,0,0,0,0,0,0,0,0,4.761904716491699,0,0,0,62873.36163330078,127962.92645263672,192.34490966796875,100.41841125488281,0,335872,33210380288,8589930496,1916182528,0
200,1737286366293,2100,2099,1008,1479,2100,1945,1463,1499,1499,1461,400,1339,100,0,0,0,0,0,0,0,0,4.761904716491699,0,0,0,62874.81042480469,127963.35821533203,192.34490966796875,100,0,335872,33210380288,8589930496,1916182528,0
200,1737286366493,2100,1828,1437,1461,2100,1932,1499,1479,1481,1500,1381,1329,100,0,0,0,0,0,0,0,0,4.761904716491699,0,0,0,62876.16015625,127963.7260131836,192.34490966796875,100.84033203125,0,335872,33210380288,8589930496,1916182528,0
200,1737286366693,2100,458,1252,631,400,1684,1372,1431,1499,1346,1321,867,100,0,0,0,0,0,0,0,0,4.761904716491699,0,0,0,62877.53582763672,127964.2982788086,192.34490966796875,100,0,335872,33210380288,8589930496,1916182528,0
200,1737286366894,2100,2050,1475,1127,1743,1916,1349,1344,1404,1273,1478,879,100,0,0,0,0,0,0,0,0,4.761904716491699,0,0,0,62878.90246582031,127964.91619873047,192.34490966796875,100,0,335872,33210380288,8589930496,1916182528,0
200,1737286367094,2100,2045,1393,1420,1777,1953,1440,1465,1462,1385,400,1362,100,0,0,0,0,0,0,0,0,4.761904716491699,0,0,0,62880.28192138672,127965.54345703125,192.34490966796875,50.10437774658203,0,335872,33210380288,8589930496,1916182528,0
200,1737286367294,2100,1821,1335,1390,1918,1909,1444,1453,1462,1314,400,1337,100,0,0,0,0,0,0,0,0,4.761904716491699,0,0,0,62881.66748046875,127966.17639160156,192.34490966796875,100.41841125488281,0,335872,33210380288,8589930496,1916182528,0
199,1737286367494,2100,1692,1402,1346,1546,1808,1217,1362,1335,1223,1416,1367,100,0,0,0,0,0,0,0,0,4.761904716491699,0,0,0,62883.0576171875,127966.81060791016,192.34490966796875,100.41841125488281,0,335872,33210380288,8589930496,1916182528,0
200,1737286367694,2099,2014,1500,1476,1963,1930,1499,1445,1499,1500,1436,1459,100,0,0,0,0,0,0,0,0,4.761904716491699,0,0,0,62884.42883300781,127967.26745605469,192.34490966796875,100,0,335872,33210380288,8589930496,1916182528,0
200,1737286367894,2100,504,1352,1224,1795,976,1381,1375,1359,1500,1452,1408,100,0,0,0,0,0,0,0,0,4.761904716491699,0,0,0,62885.892333984375,127967.71142578125,192.34490966796875,100,0,335872,33210380288,8589930496,1916182528,0
199,1737286368095,2099,1979,1443,1468,2100,1899,1500,1482,1414,1479,1092,1376,100,0,0,0,0,0,0,0,0,4.761904716491699,0,0,0,62887.55615234375,127968.26983642578,192.34490966796875,100,0,335872,33210380288,8589930496,1916182528,0
199,1737286368295,2099,2100,1411,1475,2100,2100,1500,400,1500,1481,1459,1456,100,0,0,0,0,0,0,0,0,4.761904716491699,0,0,0,62889.21746826172,127968.8442993164,192.34490966796875,100,0,335872,33210380288,8589930496,1916182528,0
200,1737286368495,2100,2039,1315,1326,1440,400,1215,400,805,400,1445,400,100,0.682593822479248,0.3344481587409973,0.6644518375396729,0.6666666865348816,0.9966777563095093,0.6666666865348816,0.3344481587409973,0.3344481587409973,0.3344481587409973,0.6666666865348816,0.3344481587409973,0,62890.91241455078,127969.43908691406,192.34490966796875,100.84033203125,0,335872,33210380288,8589930496,1916182528,0
200,1737286368695,2100,1865,1472,1465,2010,2037,400,1500,1484,1500,1452,1378,100,0.682593822479248,0.3344481587409973,0.6644518375396729,0.6666666865348816,0.9966777563095093,0.6666666865348816,0.3344481587409973,0.3344481587409973,0.3344481587409973,0.6666666865348816,0.3344481587409973,0,62892.26934814453,127969.81671142578,192.34490966796875,50.209205627441406,0,335872,33210380288,8589930496,1916182528,0
200,1737286368895,2100,1958,1457,1341,1928,1999,1377,1432,1500,1433,1418,1461,100,0.682593822479248,0.3344481587409973,0.6644518375396729,0.6666666865348816,0.9966777563095093,0.6666666865348816,0.3344481587409973,0.3344481587409973,0.3344481587409973,0.6666666865348816,0.3344481587409973,0,62893.688049316406,127970.23291015625,192.34490966796875,99.58505249023438,0,335872,33210380288,8589930496,1916182528,0
200,1737286369095,2100,1968,1476,1451,2100,1759,1417,1457,1363,1463,1456,1417,100,0.682593822479248,0.3344481587409973,0.6644518375396729,0.6666666865348816,0.9966777563095093,0.6666666865348816,0.3344481587409973,0.3344481587409973,0.3344481587409973,0.6666666865348816,0.3344481587409973,0,62895.11395263672,127970.65203857422,192.34490966796875,100.41841125488281,0,335872,33210380288,8589930496,1916182528,0
200,1737286369296,2100,521,1312,1233,2100,400,400,1333,400,1420,1399,1217,100,0.682593822479248,0.3344481587409973,0.6644518375396729,0.6666666865348816,0.9966777563095093,0.6666666865348816,0.3344481587409973,0.3344481587409973,0.3344481587409973,0.6666666865348816,0.3344481587409973,0,62896.45642089844,127971.0219116211,192.34490966796875,100.41841125488281,0,335872,33210380288,8589930496,1916182528,0
200,1737286369496,2100,1894,1456,1436,1952,1830,1364,1378,1375,1383,400,1500,100,0.682593822479248,0.3344481587409973,0.6644518375396729,0.6666666865348816,0.9966777563095093,0.6666666865348816,0.3344481587409973,0.3344481587409973,0.3344481587409973,0.6666666865348816,0.3344481587409973,0,62897.856018066406,127971.61804199219,192.34490966796875,105.4393310546875,0,335872,33210380288,8589930496,1916182528,0
200,1737286369696,2099,1802,1340,1440,1932,1901,1324,1340,1435,1459,1016,1088,100,1.6949152946472168,0.8264462351799011,0.8333333730697632,0.8333333730697632,0,0,0.8333333730697632,0.8333333730697632,1.6528924703598022,0,0,0,62899.224182128906,127972.2388305664,192.34490966796875,100.84033203125,0,335872,33210380288,8589930496,1916182528,0
200,1737286369896,2100,1932,1363,1355,2100,1945,1438,1500,1499,1466,1317,1414,100,0,0,0,0,4.761904716491699,0,0,0,0,0,0,0,62900.62225341797,127972.87756347656,192.34490966796875,100,0,335872,33210380288,8589930496,1916182528,0
200,1737286370096,2100,2100,1451,400,1901,1986,1448,1416,1453,1454,400,1481,100,0,0,0,0,0,0,0,0,0,0,0,0,62901.99920654297,127973.50341796875,192.34490966796875,100.41841125488281,0,335872,33210380288,8589930496,1916182528,0
200,1737286370296,2100,2007,1416,1450,1988,1992,1428,1409,1464,1467,1350,1407,100,0,0,0,0,0,0,0,0,0,4.761904716491699,4.761904716491699,0,62903.37420654297,127974.12689208984,192.34490966796875,95.39749145507813,0,335872,33210380288,8589930496,1916182528,0
200,1737286370497,2100,2026,871,400,562,400,1372,1226,1419,1423,400,400,100,0,0,0,0,0,0,0,0,0,0,0,0,62904.762634277344,127974.6044921875,192.34490966796875,105.4393310546875,0,335872,33210380288,8589930496,1916182528,0
199,1737286370697,2100,1921,1343,1454,1981,2100,1307,1227,1292,1291,1399,1477,100,5,0,0,0,0,0,0,0,0,0,0,0,62906.22332763672,127975.04760742188,192.3455810546875,100.41841125488281,0,335872,33210380288,8589930496,1916182528,0
200,1737286370897,2100,1997,1499,400,2100,1838,1216,1499,1500,400,1351,1499,100,5,0,0,0,0,0,0,0,0,0,0,0,62907.87292480469,127975.59356689453,192.3455810546875,100,0,335872,33210380288,8589930496,1916182528,0
199,1737286371097,2100,2100,1499,1500,2100,2099,1386,1500,1500,1500,1483,1499,100,5,0,0,0,0,0,0,0,0,0,0,0,62909.544006347656,127976.1732788086,192.3455810546875,50.209205627441406,0,335872,33210380288,8589930496,1916182528,0
200,1737286371297,2100,653,1475,1469,1821,1661,1500,1426,1500,1499,1431,1175,100,5,0,0,0,0,0,0,0,0,0,0,0,62911.264587402344,127976.77569580078,192.3455810546875,100.84033203125,0,335872,33210380288,8589930496,1916153856,0
200,1737286371497,2100,527,1234,1130,1845,1874,1465,499,1499,1402,1430,747,100,5,0,0,0,0,0,0,0,0,0,0,0,62912.6318359375,127977.16052246094,192.3455810546875,100.41841125488281,0,335872,33210380288,8589930496,1916153856,0
200,1737286371698,2100,1562,1372,1244,1948,400,1295,1260,958,400,1499,1499,100,5,0,0,0,0,0,0,0,0,0,0,0,62914.034423828125,127977.55670166016,192.3455810546875,99.58505249023438,0,335872,33210380288,8589930496,1916153856,0
200,1737286371898,2100,1832,1460,1428,2018,2100,1499,1499,1500,1500,975,1421,100,5,0,0,0,0,0,0,0,0,0,0,0,62915.477966308594,127977.98828125,192.3455810546875,100.41841125488281,0,335872,33210380288,8589930496,1916153856,0
200,1737286372098,2100,1051,400,400,1807,1880,1225,400,1085,400,400,400,100,5,0,0,0,0,0,0,0,0,0,0,0,62916.824951171875,127978.36181640625,192.3455810546875,100.41841125488281,0,335872,33210380288,8589930496,1916153856,0
199,1737286372298,2100,1960,1354,1456,1426,1970,1499,1500,1484,1483,1414,1370,100,0,0,4.761904716491699,0,0,0,0,0,0,0,0,0,62918.22082519531,127978.94317626953,192.3455810546875,100.84033203125,0,335872,33210380288,8589930496,1916153856,0
200,1737286372498,2099,661,454,400,888,400,1500,1127,799,1038,400,792,100,0,0,4.761904716491699,0,0,0,0,0,0,0,0,0,62919.615295410156,127979.57391357422,192.3455810546875,95.39749145507813,0,335872,33210380288,8589930496,1916153856,0
200,1737286372699,2100,2052,1379,1478,1973,1827,1499,1452,1471,1472,1462,1476,100,0,0,4.761904716491699,0,0,0,0,0,0,0,0,0,62920.991149902344,127980.19512939453,192.3455810546875,50.10437774658203,0,335872,33210380288,8589930496,1916153856,0
199,1737286372899,2100,2045,1438,1400,2100,1978,1372,1338,1436,1326,1443,1434,100,0,0,4.761904716491699,0,0,0,0,0,0,0,0,0,62922.37463378906,127980.8247680664,192.3455810546875,105.4393310546875,0,335872,33210380288,8589930496,1916153856,0
200,1737286373099,2100,2035,400,1500,2076,1885,1399,1358,1420,1439,400,1215,100,0,0,4.761904716491699,0,0,0,0,0,0,0,0,0,62923.75939941406,127981.45196533203,192.3455810546875,100.41841125488281,0,335872,33210380288,8589930496,1916153856,0
200,1737286373299,2100,1672,1479,1479,1892,2100,1374,1371,1408,1416,1500,1500,100,0,0,4.761904716491699,0,0,0,0,0,0,0,0,0,62925.13586425781,127981.91961669922,192.3455810546875,95,0,335872,33210380288,8589930496,1916153856,0
200,1737286373499,2100,1924,1466,1368,2100,2100,400,1500,1406,1397,1500,1469,100,0,0,4.761904716491699,0,0,0,0,0,0,0,0,0,62926.602111816406,127982.3618774414,192.3455810546875,100.41841125488281,0,335872,33210380288,8589930496,1916153856,0
162,1737286373737,2100,2031,1499,1499,2099,1987,1401,1470,1499,1357,1500,400,100,0,0,4.761904716491699,0,0,0,0,0,0,0,0,0,62928.59814453125,127983.03527832031,192.3455810546875,101.40845489501953,0,335872,33210380288,8589930496,1916153856,0
200,1737286373899,2100,1919,1235,1317,1485,1861,1426,1420,1409,1417,1212,1381,100,0,0,4.761904716491699,0,0,0,0,0,0,0,0,0,62929.92712402344,127983.48419189453,192.3455810546875,67.60563659667969,0,335872,33210380288,8589930496,1916153856,0
200,1737286374100,2100,2100,1394,1499,1926,1939,1459,1429,1411,1428,400,1444,100,0,0,4.761904716491699,0,0,0,0,0,0,0,0,0,62931.64862060547,127984.09112548828,192.3455810546875,55.299537658691406,0,335872,33210380288,8589930496,1916153856,0
199,1737286374300,2100,2043,1336,1449,1930,1772,1280,1392,1389,1372,1136,1255,100,0,0,4.761904716491699,0,0,0,0,0,0,0,0,0,62932.99871826172,127984.46307373047,192.3455810546875,100.41841125488281,0,335872,33210380288,8589930496,1916153856,0
200,1737286374500,2100,2062,1445,1436,1874,2100,1261,1500,1499,1370,400,1448,100,0,0,4.761904716491699,0,0,0,0,0,0,0,0,0,62934.40368652344,127984.86810302734,192.3455810546875,100,0,335872,33210380288,8589930496,1916153856,0
200,1737286374700,2100,1884,1385,1456,1903,1807,400,1415,1500,1482,1336,1500,100,0,0,4.761904716491699,0,0,0,0,0,0,0,0,0,62935.850036621094,127985.29553222656,192.3455810546875,100.41841125488281,0,335872,33210380288,8589930496,1916153856,0
200,1737286374900,2100,1858,1389,1213,1383,1727,1500,1421,1470,1401,400,1445,100,0,0,4.761904716491699,0,0,0,0,0,0,0,0,0,62937.20080566406,127985.66857910156,192.3455810546875,105.4393310546875,0,335872,33210380288,8589930496,1916153856,0
200,1737286375100,2100,1976,1448,1443,2100,1983,1445,1395,1460,1468,858,1436,100,0,0,4.761904716491699,0,0,0,0,0,0,0,0,0,62938.59423828125,127986.25360107422,192.3455810546875,100.41841125488281,0,335872,33210380288,8589930496,1916153856,0
200,1737286375301,2100,1459,1345,1260,1951,1473,1381,1500,1452,1472,400,1099,100,0,0,4.761904716491699,0,0,0,0,0,0,0,0,0,62939.987060546875,127986.8822631836,192.3455810546875,50.209205627441406,0,335872,33210380288,8589930496,1916153856,0
200,1737286375501,2100,1776,1446,1466,1487,1901,1466,1470,1450,1448,400,1464,100,0,0,4.761904716491699,0,0,0,0,0,0,0,0,0,62941.36895751953,127987.5087890625,192.3455810546875,100.41841125488281,0,335872,33210380288,8589930496,1916153856,0
200,1737286375701,2099,1787,1350,1350,1726,1900,1418,1352,1422,1380,1274,1051,100,0,0,4.761904716491699,0,0,0,0,0,0,0,0,0,62942.758239746094,127988.13940429688,192.3455810546875,100,0,335872,33210380288,8589930496,1916153856,0
200,1737286375901,2099,1476,1380,1191,1839,1829,1062,1411,1277,1318,1067,1287,100,0,0,4.761904716491699,0,0,0,0,0,0,0,0,0,62944.14538574219,127988.76928710938,192.3455810546875,100.41841125488281,0,335872,33210380288,8589930496,1916153856,0
200,1737286376101,2100,1586,1448,1457,2100,1976,1227,1220,1291,1248,400,1435,100,0,0,4.761904716491699,0,0,0,0,0,0,0,0,0,62945.53527832031,127989.21966552734,192.3455810546875,100,0,335872,33210380288,8589930496,1916153856,0
200,1737286376301,2100,1986,1499,1449,400,400,979,1184,1140,400,944,1421,100,0,0,4.761904716491699,0,0,0,0,0,0,0,0,0,62947.00714111328,127989.6636352539,192.3455810546875,100.41841125488281,0,335872,33210380288,8589930496,1916153856,0
200,1737286376502,2100,1942,1489,1387,1935,2099,1499,1499,1499,1500,400,1466,100,0,0,4.761904716491699,0,0,0,0,0,0,0,0,0,62948.68878173828,127990.23419189453,192.3455810546875,100,0,335872,33210380288,8589930496,1916153856,0
200,1737286376702,2100,2046,1205,400,400,1965,1314,1237,1382,1391,1206,400,100,0,0,4.761904716491699,0,0,0,0,0,0,0,0,0,62950.339294433594,127990.79431152344,192.3455810546875,100,0,335872,33210380288,8589930496,1916153856,0
199,1737286376902,2100,1676,1321,1387,1752,1662,1500,1394,1482,1487,1479,1463,100,0,0,4.761904716491699,0,0,0,0,0,0,0,0,0,62952.003845214844,127991.3696899414,192.3455810546875,50,0,335872,33210380288,8589930496,1916153856,0
200,1737286377102,2100,2100,1463,1475,1753,1730,1441,1448,1436,1454,1469,1500,100,0,0,4.761904716491699,0,0,0,0,0,0,0,0,0,62953.37902832031,127991.75695800781,192.3455810546875,50,0,335872,33210380288,8589930496,1916153856,0
199,1737286377302,2100,2099,1453,1437,2018,2100,1346,1499,1438,400,1422,1406,100,0.6396588683128357,0.4184100329875946,0.41753655672073364,0.6263048052787781,0.6263048052787781,0.41753655672073364,0.625,0.41753655672073364,0.41753655672073364,0.4166666865348816,0.41753655672073364,0,62954.78985595703,127992.16375732422,192.3455810546875,100.84033203125,0,335872,33210380288,8589930496,1916153856,0
200,1737286377502,2100,2100,801,1403,1864,1797,1499,1405,1402,1380,927,1055,100,4.761904716491699,0,0,4.761904716491699,0,0,0,0,4.761904716491699,0,0,0,62956.207763671875,127992.57885742188,192.3455810546875,100,0,335872,33210380288,8589930496,1916137472,0
200,1737286377703,2100,1768,1358,1499,1886,1885,1499,1390,1463,1466,1151,1378,100,0,0,0,0,0,0,0,0,0,0,0,0,62957.57275390625,127992.95971679688,192.3455810546875,100.41841125488281,0,335872,33210380288,8589930496,1916137472,0
199,1737286377903,2100,2040,1379,1426,1842,1878,1499,1383,1463,1469,400,1379,100,0,0,0,0,0,0,0,0,0,0,0,0,62958.96417236328,127993.56573486328,192.3455810546875,100,0,335872,33210380288,8589930496,1916137472,0
200,1737286378103,2100,2050,1460,1453,1858,1923,1286,1392,1438,1442,953,1460,100,0,0,0,0,0,0,0,0,0,0,0,0,62960.33850097656,127994.18322753906,192.3455810546875,100.41841125488281,0,335872,33210380288,8589930496,1916137472,0
200,1737286378303,2099,1980,1438,1472,2100,2099,1372,1499,1499,1499,1470,1479,100,0,0,0,0,0,0,0,0,0,0,0,0,62961.73547363281,127994.8208618164,192.3455810546875,50.209205627441406,0,335872,33210380288,8589930496,1916137472,0
200,1737286378503,2100,1992,1433,1499,2005,1953,1471,1499,1467,1482,1313,1435,100,0,0,0,0,0,0,0,0,0,0,0,0,62963.13458251953,127995.45721435547,192.3455810546875,100,0,335872,33210380288,8589930496,1916137472,0
200,1737286378703,2100,1381,1404,1354,657,1523,666,640,735,690,884,1305,100,0,0,0,0,0,0,0,0,0,0,0,0,62964.50061035156,127996.07177734375,192.3455810546875,100,0,335872,33210380288,8589930496,1916137472,0
200,1737286378903,2100,2100,1412,1468,2100,2100,1377,1143,1367,1308,1417,1455,100,0,0,0,0,0,0,0,0,0,0,0,0,62965.89611816406,127996.53204345703,192.3455810546875,52.8301887512207,0,335872,33210380288,8589930496,1916137472,0
200,1737286379104,2100,1688,1491,1320,1283,1967,1446,1453,1424,1499,1116,1106,100,0,0,0,0,0,0,0,0,0,0,0,0,62967.371520996094,127996.97491455078,192.3455810546875,50.31446838378906,0,335872,33210380288,8589930496,1916137472,0
200,1737286379304,2099,1543,400,1102,1762,1855,1390,1461,1351,1211,949,1053,100,0,0.8264462351799011,0.8333333730697632,0,0.8333333730697632,0,0.8333333730697632,1.6528924703598022,0,0.8333333730697632,0,0,62969.03674316406,127997.53436279297,192.3455810546875,100.41841125488281,0,335872,33210380288,8589930496,1916137472,0
200,1737286379504,2100,2100,1415,1450,1986,2100,1249,400,1405,400,868,1412,100,0,0.8264462351799011,0.8333333730697632,0,0.8333333730697632,0,0.8333333730697632,1.6528924703598022,0,0.8333333730697632,0,0,62970.70300292969,127998.10333251953,192.3455810546875,50,0,335872,33210380288,8589930496,1916137472,0
200,1737286379704,2100,1701,1499,1499,1974,2100,1500,1438,1478,1476,1415,1500,100,0,0.8264462351799011,0.8333333730697632,0,0.8333333730697632,0,0.8333333730697632,1.6528924703598022,0,0.8333333730697632,0,0,62972.37780761719,127998.6820678711,192.3455810546875,100.41841125488281,0,335872,33210380288,8589930496,1916137472,0
200,1737286379904,2100,2050,1471,1425,2009,2100,1364,1310,1386,1372,1428,400,100,1.2820513248443604,1.25,0,1.2345678806304932,1.25,1.2345678806304932,0,0,1.25,0,0,0,62973.744689941406,127999.0639038086,192.3455810546875,100.41841125488281,0,335872,33210380288,8589930496,1916137472,0
200,1737286380105,2100,492,1417,1408,2100,400,1119,944,937,1031,1403,1375,100,0,0,0,0,0,0,0,0,0,0,0,0,62975.17541503906,127999.4828491211,192.3455810546875,100.41841125488281,0,335872,33210380288,8589930496,1916137472,0
200,1737286380305,2100,2021,400,1472,2099,2100,1500,1500,400,1499,400,1437,100,0,0,0,0,0,0,0,0,0,0,0,0,62976.592224121094,127999.89526367188,192.3455810546875,100,0,335872,33210380288,8589930496,1916137472,0
200,1737286380505,2100,1611,1492,400,1782,400,1499,996,1496,1500,400,400,100,0,0,0,0,0,0,0,0,0,0,0,0,62977.94714355469,128000.27081298828,192.3455810546875,100.41841125488281,0,335872,33210380288,8589930496,1916137472,0
200,1737286380705,2099,2100,1376,1500,2099,1786,1499,400,400,1216,400,1252,100,0,0,0,0,0,0,0,0,0,0,0,0,62979.34326171875,128000.87518310547,192.3455810546875,95,0,335872,33210380288,8589930496,1916137472,0
200,1737286380905,2100,1037,1148,946,1663,1674,501,645,529,819,1307,1418,100,0,0,0,4.761904716491699,0,0,0,0,4.761904716491699,0,0,0,62980.72399902344,128001.50012207031,192.3455810546875,105.8823471069336,0,335872,33210380288,8589930496,1916137472,0
200,1737286381105,2100,2007,1293,1442,1789,1933,1478,1473,1455,1426,1403,1346,100,4.761904716491699,0,0,0,0,0,0,0,0,0,0,0,62982.11315917969,128002.12799072266,192.3455810546875,95,0,335872,33210380288,8589930496,1916137472,0
200,1737286381306,2100,2099,905,1161,1828,1503,400,1409,1440,1340,1102,400,100,0,0,0,0,0,0,0,0,0,0,0,0,62983.498291015625,128002.7543334961,192.3455810546875,100.41841125488281,0,335872,33210380288,8589930496,1916137472,0
200,1737286381506,2100,2052,1450,1489,1982,1850,1436,1442,1363,1424,1435,1374,100,0,0,0,0,0,0,0,0,0,0,0,0,62984.8759765625,128003.3793334961,192.3455810546875,105.4393310546875,0,335872,33210380288,8589930496,1916137472,0
200,1737286381706,2100,1819,400,400,1735,1694,1246,1128,400,1348,400,400,100,0,0,0,0,0,0,0,0,0,0,0,0,62986.26794433594,128003.8306274414,192.3455810546875,50.10437774658203,0,335872,33210380288,8589930496,1916137472,0
200,1737286381906,2099,2100,1491,1431,2100,1994,1500,1462,1468,1458,1349,400,100,0,0,0,0,0,0,0,0,0,0,0,0,62987.74938964844,128004.27703857422,192.3455810546875,100.84033203125,0,335872,33210380288,8589930496,1916137472,0
200,1737286382106,2100,1835,1500,1480,1957,2100,1441,1483,1483,1481,1408,1469,100,0,0,0,0,0,0,0,0,0,0,0,0,62989.422424316406,128004.84313964844,192.3455810546875,100,0,335872,33210380288,8589930496,1916137472,0
200,1737286382306,2100,1630,1397,1401,1793,1964,1343,1499,1459,1500,1179,1244,100,0,0,0,0,0,0,0,0,0,0,0,0,62991.09796142578,128005.41302490234,192.3455810546875,100.41841125488281,0,335872,33210380288,8589930496,1916137472,0
200,1737286382507,2100,1993,1345,400,1878,1731,1362,1366,1354,1368,1391,875,100,0,0,0,0,0,0,0,0,0,0,0,0,62992.75604248047,128005.98419189453,192.3455810546875,100,0,335872,33210380288,8589930496,1916137472,0
200,1737286382707,2100,1524,1232,1340,1726,1835,1233,1272,1251,1278,1331,1312,100,0,0,0.7142857313156128,0.7194244861602783,0,1.4184396266937256,0,0.7092198133468628,0.7142857313156128,0.7142857313156128,1.4184396266937256,0,62994.11474609375,128006.36645507813,192.34619140625,100,0,335872,33210380288,8589930496,1916137472,0
199,1737286382907,2100,1914,1460,400,1900,2099,1423,1500,1465,1438,400,1381,100,0,0,0,0,4.761904716491699,0,4.761904716491699,0,0,0,0,0,62995.522399902344,128006.7738647461,192.34619140625,100.41841125488281,0,335872,33210380288,8589930496,1916137472,0
200,1737286383107,2100,1996,1385,1389,1593,2100,1436,1407,1481,1441,1403,1291,100,5,0,0,0,0,0,0,0,0,0,0,0,62996.921630859375,128007.17767333984,192.34619140625,100,0,335872,33210380288,8589930496,1916137472,0
200,1737286383307,2099,1956,1482,1298,1851,1984,1500,1500,1480,1500,1374,1265,100,5,0,0,0,0,0,0,0,0,0,0,0,62998.290771484375,128007.56170654297,192.34619140625,100,0,335872,33210380288,8589930496,1916137472,0
200,1737286383507,2100,1494,1278,1393,1445,1883,1499,1499,1475,1499,1201,1233,100,0,0,0,0,4.761904716491699,0,0,4.761904716491699,0,0,0,0,62999.67840576172,128008.1753540039,192.34619140625,95.39749145507813,0,335872,33210380288,8589930496,1916137472,0
200,1737286383708,2100,2100,1461,1407,1520,1982,1458,1418,1412,1460,1369,400,100,0,0,0,0,0,0,0,0,0,0,0,0,63001.06463623047,128008.80938720703,192.34619140625,105.8823471069336,0,335872,33210380288,8589930496,1916137472,0
200,1737286383908,2100,2095,1423,1453,1772,1955,1389,1412,1381,1404,1461,1454,100,0,0,0,0,0,0,0,0,0,0,0,0,63002.44494628906,128009.43463134766,192.34619140625,47.69874572753906,0,335872,33210380288,8589930496,1916137472,0
200,1737286384108,2099,1489,1499,1388,2010,1945,1388,1446,1402,1456,400,400,100,0,0,0,0,0,0,0,0,0,0,0,0,63003.83349609375,128010.06616210938,192.34619140625,100.84033203125,0,335872,33210380288,8589930496,1916137472,0
200,1737286384308,2100,1481,1203,1154,1446,1773,1314,1353,1385,1278,851,1470,100,0,0,0,0,0,0,0,0,0,0,0,0,63005.228454589844,128010.70275878906,192.34619140625,100.41841125488281,0,335872,33210380288,8589930496,1916137472,0
199,1737286384508,2100,1898,1325,1325,1852,1992,1448,1444,1473,1476,400,1140,100,0,0,0,0,0,0,0,0,0,0,0,0,63006.607360839844,128011.09948730469,192.34619140625,99.1735610961914,0,335872,33210380288,8589930496,1916137472,0
200,1737286384708,2100,2100,1372,1383,1965,2100,1472,1375,1419,1500,1299,1330,100,0,0,0,0,0,0,0,0,0,0,0,0,63008.11639404297,128011.56799316406,192.34619140625,99.1735610961914,0,335872,33210380288,8589930496,1916137472,0
200,1737286384909,2056,1917,1130,1217,1266,1947,1393,1500,1414,1315,1008,1302,100,0,0,0,0,0,0,0,0,0,0,0,0,63009.81555175781,128012.16198730469,192.34619140625,50.209205627441406,0,335872,33210380288,8589930496,1916137472,0
199,1737286385109,2100,2100,1453,1483,2100,2100,1500,1499,1499,1496,1500,1481,100,0,0,0,0,0,0,0,0,0,0,0,0,63011.461486816406,128012.71520996094,192.34619140625,100,0,335872,33210380288,8589930496,1916137472,0
199,1737286385309,2100,2099,1439,1459,2024,2100,1500,1499,1499,1499,1338,1440,100,0,0,0,0,0,0,0,0,0,0,0,0,63013.04278564453,128013.24017333984,192.34619140625,100.41841125488281,0,335872,33210380288,8589930496,1916137472,0
200,1737286385509,2099,2099,1439,1435,1880,2100,1421,1450,400,1500,1130,1454,100,1.0204081535339355,0.9950248599052429,0.9950248599052429,1,0.5025125741958618,0.5,0.5025125741958618,0,0.5,0.5,0,0,63014.422912597656,128013.63409423828,192.34619140625,100.41841125488281,0,335872,33210380288,8589930496,1916137472,0
199,1737286385709,2100,1884,1499,1499,1972,1688,1499,1500,1499,1500,1499,1481,100,0,0,0,0,0,0,0,0,5,4.761904716491699,0,0,63015.85498046875,128014.05572509766,192.34619140625,100.84033203125,0,335872,33210380288,8589930496,1916137472,0
200,1737286385909,2100,1979,1500,1500,1963,2100,1499,1499,1394,574,1500,1499,100,0,0,0,0,0,0,0,0,0,0,0,0,63017.22204589844,128014.44738769531,192.34619140625,100,0,335872,33210380288,8589930496,1916137472,0
200,1737286386109,2099,479,1353,1337,1807,400,1452,1367,456,1412,1147,964,100,0,0,0,0,0,0,0,0,0,0,0,0,63018.59600830078,128014.86029052734,192.34619140625,105.4393310546875,0,335872,33210380288,8589930496,1916137472,0
200,1737286386309,2099,2100,1225,1302,1672,1805,1466,1446,1476,1441,1177,1244,100,0,0,0,0,0,0,0,0,0,0,0,0,63019.98114013672,128015.49212646484,192.34619140625,95,0,335872,33210380288,8589930496,1916137472,0
200,1737286386510,2100,2052,1468,1473,1990,1887,1427,1461,1392,1462,400,400,100,0,0,0,0,0,4.761904716491699,5,4.761904716491699,0,0,4.761904716491699,0,63021.352600097656,128016.1171875,192.34619140625,105.4393310546875,0,335872,33210380288,8589930496,1916137472,0
200,1737286386710,2100,1881,1379,1390,1866,1879,1295,1244,1317,1286,1360,1422,100,0,0,0,0,0,4.761904716491699,5,4.761904716491699,0,0,4.761904716491699,0,63022.745849609375,128016.75323486328,192.34619140625,50.209205627441406,0,335872,33210380288,8589930496,1916137472,0
200,1737286386910,2099,531,1074,1302,1057,1752,1263,1299,1312,1166,962,1045,100,0,0,0,0,0,4.761904716491699,5,4.761904716491699,0,0,4.761904716491699,0,63024.12451171875,128017.37860107422,192.34619140625,100.41841125488281,0,335872,33210380288,8589930496,1916137472,0
200,1737286387110,2100,2100,1500,1500,1929,2100,1430,1460,1454,1455,701,988,100,0,0,0,0,0,4.761904716491699,5,4.761904716491699,0,0,4.761904716491699,0,63025.50476074219,128018.0072631836,192.34619140625,100,0,335872,33210380288,8589930496,1916137472,0
200,1737286387310,2100,1902,1254,1407,1957,1953,1499,1418,1148,1433,1381,1219,100,0,0,0,0,0,4.761904716491699,5,4.761904716491699,0,0,4.761904716491699,0,63026.894592285156,128018.41796875,192.34619140625,100.41841125488281,0,335872,33210380288,8589930496,1916137472,0
200,1737286387510,2100,2099,1384,1373,2100,1943,1354,1257,1215,1217,1224,1306,100,0,0,0,0.8333333730697632,0.8333333730697632,0,0.8333333730697632,0.8333333730697632,0,0,0,0,63028.39678955078,128018.88592529297,192.34619140625,100.41841125488281,0,335872,33210380288,8589930496,1916137472,0
200,1737286387711,2100,2027,400,400,1207,1344,1321,1500,1444,1473,400,400,100,5,0,0,0,0,0,0,0,0,0,0,0,63030.092712402344,128019.47741699219,192.34619140625,100,0,335872,33210380288,8589930496,1916137472,0
200,1737286387911,2100,1830,1378,1376,1955,1945,1259,1054,1204,1173,400,1429,100,5,0,0,0,0,0,0,0,0,0,0,0,63031.73229980469,128020.02978515625,192.34619140625,100.41841125488281,0,335872,33210380288,8589930496,1916137472,0
200,1737286388111,2099,1823,1435,1374,1886,2012,1450,1499,1471,1499,1371,1338,100,0,4.761904716491699,0,0,0,0,0,0,0,0,0,0,63033.33172607422,128020.56994628906,192.34619140625,100.41841125488281,0,335872,33210380288,8589930496,1916137472,0
200,1737286388311,2100,2100,1439,1459,2004,2100,1433,1433,1380,1390,1466,1448,100,0,4.761904716491699,0,0,0,0,0,0,0,0,0,0,63034.711975097656,128020.96112060547,192.34619140625,99.58505249023438,0,335872,33210380288,8589930496,1916137472,0
200,1737286388511,2100,2100,1187,1370,2100,2028,1499,1404,1387,1500,1291,1264,100,0,0,0,5,0,0,0,0,0,0,0,0,63036.14782714844,128021.3861694336,192.34619140625,100.41841125488281,0,335872,33210380288,8589930496,1916137472,0
200,1737286388711,2100,2100,1282,1319,1960,1986,1439,1379,1357,1128,1274,1430,100,0,0,0,5,0,0,0,0,0,0,0,0,63037.53173828125,128021.78509521484,192.34619140625,100.41841125488281,0,335872,33210380288,8589930496,1916137472,0
200,1737286388912,2100,1381,1408,400,1743,1946,1358,1299,1230,1248,400,1455,100,0,0,0,0,0,5,0,0,0,0,0,0,63038.89782714844,128022.18823242188,192.34619140625,100,0,335872,33210380288,8589930496,1916137472,0
200,1737286389112,2100,2057,1403,1479,1895,1891,1465,1401,1397,1399,1444,1468,100,5,0,0,0,0,0,0,0,0,0,0,0,63040.277893066406,128022.814453125,192.34619140625,100,0,335872,33210380288,8589930496,1916137472,0
200,1737286389312,2100,1857,1500,1499,1663,1915,1333,1448,1455,1457,1091,1396,100,5,0,0,0,0,0,0,0,0,0,0,0,63041.662353515625,128023.4457397461,192.34619140625,50.209205627441406,0,335872,33210380288,8589930496,1916137472,0
200,1737286389512,2100,1380,400,1175,1877,400,1499,400,1201,1499,400,1220,100,5,0,0,0,0,0,0,0,0,0,0,0,63043.038513183594,128024.06994628906,192.34619140625,95.39749145507813,0,335872,33210380288,8589930496,1916137472,0
200,1737286389712,2100,2100,1405,1433,2100,2100,1436,1499,1499,1499,400,1430,100,5,0,0,0,0,0,0,0,0,0,0,0,63044.41973876953,128024.69946289063,192.34619140625,105.4393310546875,0,335872,33210380288,8589930496,1916137472,0
200,1737286389912,2100,2061,1440,1479,1999,1975,1405,1377,1430,1434,400,400,100,5,0,0,0,0,0,0,0,0,0,0,0,63045.8095703125,128025.32568359375,192.34619140625,100.41841125488281,0,335872,33210380288,8589930496,1916137472,0
200,1737286390113,2100,1915,1433,1443,1881,1814,1355,1340,1306,1334,1446,1458,100,5,0,0,0,0,0,0,0,0,0,0,0,63047.20037841797,128025.736328125,192.34619140625,99.58505249023438,0,335872,33210380288,8589930496,1916137472,0
199,1737286390313,2100,1888,1432,1482,2100,1939,1431,1442,1452,1457,1499,1474,100,5,0,0,0,0,0,0,0,0,0,0,0,63048.706298828125,128026.20281982422,192.34619140625,100.41841125488281,0,335872,33210380288,8589930496,1916137472,0
200,1737286390513,2100,1986,400,1394,1893,2100,1476,1473,1499,400,1370,1345,100,5,0,0,0,0,0,0,0,0,0,0,0,63050.41796875,128026.80139160156,192.34619140625,100,0,335872,33210380288,8589930496,1916137472,0
200,1737286390713,2100,2100,1428,400,2100,1973,904,1369,1446,1396,1289,1499,100,5,0,0,0,0,0,0,0,0,0,0,0,63052.036560058594,128027.34197998047,192.34619140625,100,0,335872,33210380288,8589930496,1916137472,0
200,1737286390913,2100,1938,1343,1469,1901,1813,1499,1499,1464,1398,1366,1260,100,5,0,0,0,0,0,0,0,0,0,0,0,63053.63934326172,128027.88482666016,192.34619140625,50.209205627441406,0,335872,33210380288,8589930496,1916137472,0
200,1737286391113,2099,466,1309,400,400,1714,1437,1456,1385,1463,1152,1224,100,5,0,0,0,0,0,0,0,0,0,0,0,63055.023498535156,128028.27838134766,192.34619140625,100.41841125488281,0,335872,33210380288,8589930496,1916137472,0
200,1737286391314,2100,491,1078,1018,1415,925,1396,1456,1462,1379,1064,1463,100,5,0,0,0,0,0,0,0,0,0,0,0,63056.45184326172,128028.69494628906,192.34619140625,100.84033203125,0,335872,33210380288,8589930496,1916137472,0
199,1737286391514,2100,2049,400,400,1769,400,1275,1482,1403,1380,951,400,100,5,0,0,0,0,0,0,0,0,0,0,0,63057.823486328125,128029.08520507813,192.34619140625,100.41841125488281,0,335872,33210380288,8589930496,1916137472,0
200,1737286391714,2100,744,400,400,717,400,1282,1258,1113,1337,400,805,100,5,0,0,0,0,0,0,0,0,0,0,0,63059.19677734375,128029.49481201172,192.34619140625,100.41841125488281,0,335872,33210380288,8589930496,1916137472,0
200,1737286391914,2100,1991,1481,1479,2100,2100,1499,1313,1500,1499,1500,1481,100,5,0,0,0,0,0,0,0,0,0,0,0,63060.576232910156,128030.12091064453,192.34619140625,100,0,335872,33210380288,8589930496,1916137472,0
200,1737286392114,2100,1843,1403,1409,1757,1674,1196,1453,1193,1199,1212,1429,100,5,0,0,0,0,0,0,0,0,0,0,0,63061.95428466797,128030.7504272461,192.34619140625,100,0,335872,33210380288,8589930496,1916137472,0
200,1737286392314,2100,1081,1468,1436,2032,2034,1500,1500,1201,1499,1438,1454,100,5,0,0,0,0,0,0,0,0,0,0,0,63063.3359375,128031.3779296875,192.34619140625,50.10437774658203,0,335872,33210380288,8589930496,1916137472,0
200,1737286392514,2099,1941,1311,1324,1670,1977,1474,1492,1499,1467,1236,1263,100,5,0,0,0,0,0,0,0,0,0,0,0,63064.70733642578,128031.99890136719,192.34619140625,100.41841125488281,0,335872,33210380288,8589930496,1916137472,0
200,1737286392715,2100,2010,1383,1405,2100,1720,1349,1232,1346,1339,1423,1431,100,5,0,0,0,0,0,0,0,0,0,0,0,63066.093017578125,128032.61322021484,192.34619140625,100.41841125488281,0,335872,33210380288,8589930496,1916137472,0
200,1737286392915,2100,1898,400,1448,2100,2100,1500,1500,1449,1500,1452,1388,100,5,0,0,0,0,0,0,0,0,0,0,0,63067.487365722656,128033.01922607422,192.34619140625,100,0,335872,33210380288,8589930496,1916137472,0
200,1737286393115,2099,2100,1458,1499,2099,1842,1499,1488,1472,1443,1315,1452,100,0.24449878931045532,0.23980815708637238,0.23866349458694458,0.47732698917388916,0.47732698917388916,0.23923444747924805,0.7125890851020813,0.4761905074119568,0.4761905074119568,0.4761905074119568,0.4761905074119568,0,63069.00909423828,128033.50115966797,192.34619140625,100,0,335872,33210380288,8589930496,1916137472,0
200,1737286393315,2100,2100,1474,1468,2023,1915,1428,1461,400,1499,1381,1499,100,5,0,0,0,0,0,0,0,0,0,0,0,63070.71649169922,128034.10052490234,192.34686279296875,100.41841125488281,0,335872,33210380288,8589930496,1916137472,0
200,1737286393515,2100,1958,1444,1499,1459,1944,1341,1286,1454,1320,1448,1456,100,0,0,0,0,0,0,0,0,0,0,0,0,63072.39318847656,128034.66387939453,192.34686279296875,100.41841125488281,0,335872,33210380288,8589930496,1916137472,0
200,1737286393716,2099,515,1418,1412,2099,400,1314,1089,1084,400,1382,1439,100,0,0,4.761904716491699,0,0,0,0,0,0,0,0,0,63073.94708251953,128035.18035888672,192.34686279296875,100.41841125488281,0,335872,33210380288,8589930496,1916137472,0
200,1737286393916,2100,1791,1298,1312,1961,1972,1436,1107,1332,1443,1191,1314,100,0,0,4.761904716491699,0,0,0,0,0,0,0,0,0,63075.331115722656,128035.56811523438,192.34686279296875,100.84033203125,0,335872,33210380288,8589930496,1916137472,0
200,1737286394116,2100,2100,1500,400,2100,2099,1339,1393,1385,1460,1288,1499,100,0,0,4.761904716491699,0,0,0,0,0,0,0,0,0,63076.786560058594,128036.00518798828,192.34686279296875,50.10437774658203,0,335872,33210380288,8589930496,1916137472,0
200,1737286394316,2099,2100,1499,1499,2005,2100,1432,1418,1434,1432,1499,1499,100,0,0,4.761904716491699,0,0,0,0,0,0,0,0,0,63078.14044189453,128036.38665771484,192.34686279296875,100.41841125488281,0,335872,33210380288,8589930496,1916137472,0
200,1737286394516,2100,2100,1464,1499,1986,400,1445,400,1452,1451,1375,400,100,0,0,4.761904716491699,0,0,0,0,0,0,0,0,0,63079.52844238281,128036.83227539063,192.34686279296875,100.41841125488281,0,335872,33210380288,8589930496,1916137472,0
200,1737286394716,2100,1468,1476,400,985,1878,1372,1380,400,1416,901,1497,100,0,0,4.761904716491699,0,0,0,0,0,0,0,0,0,63080.91241455078,128037.45513916016,192.34686279296875,100.41841125488281,0,335872,33210380288,8589930496,1916137472,0
200,1737286394917,2100,504,1363,1041,998,400,1431,1364,1500,1275,1141,1024,100,0,0,0,0,0,0,0,0,4.761904716491699,0,0,0,63082.298889160156,128038.08459472656,192.34686279296875,100,0,335872,33210380288,8589930496,1916137472,0
200,1737286395117,2100,2041,1480,1480,1965,1937,1375,1376,1370,1363,1389,1417,100,0,0,0,0,0,0,0,0,4.761904716491699,0,0,0,63083.686767578125,128038.71557617188,192.34686279296875,104.99999237060547,0,335872,33210380288,8589930496,1916137472,0
200,1737286395317,2100,1812,1075,400,400,1572,1447,1374,1405,400,957,1039,100,0,0,0,0,0,0,0,0,4.761904716491699,0,0,0,63085.07177734375,128039.34729003906,192.34686279296875,47.79874038696289,0,335872,33210380288,8589930496,1916137472,0
200,1737286395517,2100,1917,1500,1500,1972,2100,1465,1485,1479,400,1500,1499,100,0,0,0,0,0,0,0,0,4.761904716491699,0,0,0,63086.45391845703,128039.95471191406,192.34686279296875,100.41841125488281,0,335872,33210380288,8589930496,1916137472,0
200,1737286395717,2100,2046,1431,1432,2100,1961,1430,1475,1477,1416,1455,1426,100,0,0,0,0,0,0,0,0,4.761904716491699,0,0,0,63087.84240722656,128040.35577392578,192.34686279296875,100.41841125488281,0,335872,33210380288,8589930496,1916137472,0
200,1737286395917,2100,566,1441,1483,1960,400,1289,1359,1172,1243,400,400,100,0,0,0,0,0,0,0,0,4.761904716491699,0,0,0,63089.37469482422,128040.8384399414,192.34686279296875,100,0,335872,33210380288,8589930496,1916137472,0
200,1737286396118,2100,1787,1481,1469,1876,2026,1499,1499,1500,1500,1499,1469,100,0,0,0,0,0,0,0,0,4.761904716491699,0,0,0,63091.074157714844,128041.4330444336,192.34686279296875,99.58505249023438,0,335872,33210380288,8589930496,1916137472,0
200,1737286396318,2100,2100,1467,400,2100,2100,1500,1247,1221,1499,1324,1078,100,0,0,0,0,0,0,0,0,4.761904716491699,0,0,0,63092.754455566406,128041.9976196289,192.34686279296875,99.58505249023438,0,335872,33210380288,8589930496,1916137472,0
200,1737286396518,2099,1906,1330,1448,1756,2100,1453,1486,1472,1480,1206,400,100,0,0,0,0,5,0,0,0,0,0,0,0,63094.30224609375,128042.50537109375,192.34686279296875,100.41841125488281,0,335872,33210380288,8589930496,1916137472,0
200,1737286396718,2100,1994,1500,1500,2099,1941,1500,1500,1500,1499,1500,1499,100,0,0,0,0,5,0,0,0,0,0,0,0,63095.685791015625,128042.90002441406,192.34686279296875,99.58505249023438,0,335872,33210380288,8589930496,1916137472,0
200,1737286396918,2100,1524,1231,1136,1760,1758,1500,1456,1477,1447,1194,1274,100,0,0,0,0,5,0,0,0,0,0,0,0,63097.13928222656,128043.32818603516,192.34686279296875,50.31446838378906,0,335872,33210380288,8589930496,1916137472,0
200,1737286397118,2100,1623,400,1315,1623,1745,1429,1382,400,1453,1042,1214,100,0,0,0,0,5,0,0,0,0,0,0,0,63098.51037597656,128043.71710205078,192.34686279296875,100,0,335872,33210380288,8589930496,1916137472,0
200,1737286397319,2100,1826,1499,1479,1988,1846,1432,1499,1500,1500,1499,1499,100,0,0,0,0,5,0,0,0,0,0,0,0,63099.89050292969,128044.15869140625,192.34686279296875,100,0,335872,33210380288,8589930496,1916137472,0
200,1737286397519,2100,1749,1443,1443,1809,1935,1409,1443,1433,1391,1269,400,100,0,0,0,0,5,0,0,0,0,0,0,0,63101.284240722656,128044.79333496094,192.34686279296875,104.99999237060547,0,335872,33210380288,8589930496,1916137472,0
200,1737286397719,2100,1495,1316,1429,1791,1914,1384,1249,1419,1443,400,1322,100,0,0,0,0,5,0,0,0,0,0,0,0,63102.67468261719,128045.41912841797,192.34686279296875,50.209205627441406,0,335872,33210380288,8589930496,1916137472,0
200,1737286397919,2100,1925,1499,1426,1013,1992,1499,1500,1482,1310,1500,1025,100,0,0,0,0,5,0,0,0,0,0,0,0,63104.070556640625,128046.05084228516,192.34686279296875,95.39749145507813,0,335872,33210380288,8589930496,1916137472,0
200,1737286398119,2100,2100,1475,1373,1917,1954,1473,1429,1476,400,400,1499,100,0,0,0,0,5,0,0,0,0,0,0,0,63105.466796875,128046.68505859375,192.34686279296875,100.41841125488281,0,335872,33210380288,8589930496,1916137472,0
200,1737286398320,2100,1053,1026,400,1946,400,1395,1408,1351,1493,1299,1181,100,0,0,0,0,5,0,0,0,0,0,0,0,63106.834533691406,128047.25720214844,192.34686279296875,100.41841125488281,0,335872,33210380288,8589930496,1916129280,0
199,1737286398520,2100,1879,1424,1426,1939,1951,1463,1450,1340,1455,1317,1359,100,0,0,0,0,5,0,0,0,0,0,0,0,63108.2421875,128047.66442871094,192.34686279296875,100.41841125488281,0,335872,33210380288,8589930496,1916129280,0
200,1737286398720,2100,2099,1471,400,1839,1688,1500,1500,1053,1017,1313,400,100,0,0,0,0,5,0,0,0,0,0,0,0,63109.810791015625,128048.16662597656,192.34686279296875,50.209205627441406,0,335872,33210380288,8589930496,1916129280,0
200,1737286398920,2099,2100,1343,1478,2021,2100,1388,1422,400,400,400,1479,100,0,0,0,0,5,0,0,0,0,0,0,0,63111.492919921875,128048.75659179688,192.34686279296875,99.1735610961914,0,335872,33210380288,8589930496,1916129280,0
200,1737286399120,2100,1929,1432,1499,2100,1942,1500,1499,1500,1500,1478,1460,100,0,0,0,0,5,0,0,0,0,0,0,0,63113.18341064453,128049.32733154297,192.34686279296875,100.41841125488281,0,335872,33210380288,8589930496,1916129280,0
200,1737286399320,2100,1744,1306,1427,2001,1959,1500,1430,1471,1472,1375,1169,100,0,0,0,0,5,0,0,0,0,0,0,0,63114.682678222656,128049.81237792969,192.34686279296875,100.41841125488281,0,335872,33210380288,8589930496,1916125184,0
162,1737286399558,2100,2100,1500,1499,2100,2099,1446,1419,1440,1438,1500,1500,100,0,0,0,0,5,0,0,0,0,0,0,0,63116.33428955078,128050.28387451172,192.34686279296875,101.40845489501953,0,335872,33210380288,8589930496,1916125184,0
200,1737286399721,2100,1836,1163,1169,1679,1880,1430,1340,1425,1317,1223,1384,100,0,0,0,0,5,0,0,0,0,0,0,0,63117.528869628906,128050.63604736328,192.34686279296875,67.60563659667969,0,335872,33210380288,8589930496,1916125184,0
200,1737286399921,2100,1934,1459,1475,1859,2100,1500,1454,1481,1413,1456,1474,100,0,0,0,0,5,0,0,0,0,0,0,0,63118.88787841797,128051.01568603516,192.34686279296875,55.299537658691406,0,335872,33210380288,8589930496,1916125184,0
200,1737286400121,2100,2100,1452,1468,2100,2100,1478,1472,1474,1440,1340,1464,100,0,0,0,0,5,0,0,0,0,0,0,0,63120.2802734375,128051.49188232422,192.34686279296875,55.299537658691406,0,335872,33210380288,8589930496,1916125184,0
200,1737286400321,2099,1680,1097,1125,1411,1605,1339,1209,1224,1182,1046,947,100,0.5698005557060242,0.27855151891708374,0.5555555820465088,0.8333333730697632,0.5555555820465088,0.5571030378341675,0.5571030378341675,0.8310248851776123,0.5571030378341675,0.5555555820465088,0.5571030378341675,0,63121.66247558594,128052.11804199219,192.34686279296875,105.4393310546875,0,335872,33210380288,8589930496,1916125184,0
200,1737286400521,2100,1392,1499,1273,400,1592,1459,1455,1474,1301,1425,1283,100,0.5698005557060242,0.27855151891708374,0.5555555820465088,0.8333333730697632,0.5555555820465088,0.5571030378341675,0.5571030378341675,0.8310248851776123,0.5571030378341675,0.5555555820465088,0.5571030378341675,0,63123.063232421875,128052.75787353516,192.34686279296875,50.10437774658203,0,335872,33210380288,8589930496,1916125184,0
200,1737286400722,2100,2099,1432,1194,1387,1826,1391,1410,1432,1439,1149,1271,100,0.5698005557060242,0.27855151891708374,0.5555555820465088,0.8333333730697632,0.5555555820465088,0.5571030378341675,0.5571030378341675,0.8310248851776123,0.5571030378341675,0.5555555820465088,0.5571030378341675,0,63124.459411621094,128053.39044189453,192.34686279296875,50.10437774658203,0,335872,33210380288,8589930496,1916125184,0
199,1737286400922,2100,1989,1500,400,1878,1845,1500,1499,1432,1392,1479,1443,100,0,0,0,0,0,0,0,0,0,0,0,0,63125.839782714844,128054.01336669922,192.34686279296875,95,0,335872,33210380288,8589930496,1916125184,0
200,1737286401122,2100,651,1348,1500,1733,1936,400,400,400,400,1294,1263,100,0,0,0,0,0,0,0,0,0,0,0,0,63127.209533691406,128054.56317138672,192.34686279296875,106.32911682128906,0,335872,33210380288,8589930496,1916125184,0
200,1737286401322,2100,2100,1450,400,1981,2100,1500,1472,400,1485,1339,1441,100,5,0,0,0,0,0,0,0,0,4.761904716491699,0,0,63128.641540527344,128054.98028564453,192.34686279296875,100,0,335872,33210380288,8589930496,1916125184,0
200,1737286401522,2100,1965,1466,1386,1882,2100,1499,1500,1499,1500,1461,1466,100,0,0,0,0,0,0,0,0,0,0,0,0,63130.238708496094,128055.49835205078,192.34686279296875,100.84033203125,0,335872,33210380288,8589930496,1916125184,0
200,1737286401722,2100,551,1287,1373,400,400,1408,1362,1499,1460,1136,1257,100,0,0,0,0,0,4.761904716491699,0,0,0,0,5,0,63131.92736816406,128056.0894165039,192.34686279296875,100,0,335872,33210380288,8589930496,1916125184,0
200,1737286401923,2100,2035,400,400,1945,1209,1465,1500,1423,1431,400,400,100,0,0,0,0,0,4.761904716491699,0,0,0,0,5,0,63133.608154296875,128056.66424560547,192.34686279296875,100,0,335872,33210380288,8589930496,1916125184,0
200,1737286402123,2100,1846,400,400,1706,1841,400,1109,994,1280,1419,400,100,0,0,0,0,0,0,0,0,0,0,0,0,63135.06628417969,128057.1156616211,192.34686279296875,100.84033203125,0,335872,33210380288,8589930496,1916125184,0
199,1737286402323,2100,2100,400,400,2099,1998,400,1187,400,1500,400,400,100,0,4.761904716491699,4.761904716491699,0,0,0,0,0,0,0,0,0,63136.47705078125,128057.52325439453,192.34686279296875,100,0,335872,33210380288,8589930496,1916125184,0
200,1737286402523,2100,2100,1460,1481,1808,2100,1463,1456,400,1462,1336,1474,100,0,4.761904716491699,4.761904716491699,0,0,0,0,0,0,0,0,0,63137.94567871094,128057.95629882813,192.34686279296875,99.58505249023438,0,335872,33210380288,8589930496,1916125184,0
200,1737286402723,2100,1933,1500,1419,1689,1886,1409,1349,1456,1411,1500,1499,100,0,4.761904716491699,4.761904716491699,0,0,0,0,0,0,0,0,0,63139.29333496094,128058.32830810547,192.34686279296875,50.209205627441406,0,335872,33210380288,8589930496,1916125184,0
199,1737286402923,2100,2046,1499,1463,1983,1721,1400,1274,1387,1319,1472,1499,100,0,4.761904716491699,4.761904716491699,0,0,0,0,0,0,0,0,0,63140.691345214844,128058.83666992188,192.34686279296875,100.41841125488281,0,335872,33210380288,8589930496,1916125184,0
200,1737286403124,2100,2100,1475,1500,1929,1943,1246,1426,1467,1475,400,1467,100,0,4.761904716491699,4.761904716491699,0,0,0,0,0,0,0,0,0,63142.065002441406,128059.45770263672,192.34686279296875,95.39749145507813,0,335872,33210380288,8589930496,1916125184,0
200,1737286403324,2100,1681,1165,965,1180,1962,1393,1431,1451,1500,1271,1134,100,0,4.761904716491699,4.761904716491699,0,0,0,0,0,0,0,0,0,63143.462890625,128060.0927734375,192.34686279296875,52.71966552734375,0,335872,33210380288,8589930496,1916125184,0
200,1737286403524,2100,1646,1475,1425,1895,1780,1429,1411,1453,1500,400,1265,100,0,4.761904716491699,4.761904716491699,0,0,0,0,0,0,0,0,0,63144.84460449219,128060.7142944336,192.34686279296875,100.41841125488281,0,335872,33210380288,8589930496,1916125184,0
200,1737286403724,2099,1963,1499,1500,1825,1990,1500,1180,1499,1500,1475,1469,100,0,4.761904716491699,4.761904716491699,0,0,0,0,0,0,0,0,0,63146.22198486328,128061.33966064453,192.34686279296875,100,0,335872,33210380288,8589930496,1916125184,0
200,1737286403924,2099,1806,1427,1422,2015,2100,1500,1500,1499,1500,1429,1320,100,0,4.761904716491699,4.761904716491699,0,0,0,0,0,0,0,0,0,63147.604064941406,128061.88720703125,192.34686279296875,100,0,335872,33210380288,8589930496,1916125184,0
200,1737286404124,2099,1833,1166,1057,400,2099,1408,1500,1438,1383,1092,1012,100,0,4.761904716491699,4.761904716491699,0,0,0,0,0,0,0,0,0,63149.03643798828,128062.30670166016,192.34686279296875,100.84033203125,0,335872,33210380288,8589930496,1916125184,0
200,1737286404325,2100,510,400,400,1884,2100,1284,1447,1445,1448,1210,890,100,0,4.761904716491699,4.761904716491699,0,0,0,0,0,0,0,0,0,63150.628479003906,128062.82525634766,192.34686279296875,100,0,335872,33210380288,8589930496,1916125184,0
162,1737286404562,2100,2099,1500,1461,1692,1563,1429,1410,1417,1429,1452,1431,100,0,4.761904716491699,4.761904716491699,0,0,0,0,0,0,0,0,0,63152.6123046875,128063.50964355469,192.34686279296875,100.69929504394531,0,335872,33210380288,8589930496,1916125184,0
200,1737286404725,2100,1550,1480,1500,2099,1909,1340,1363,1397,400,1500,1484,100,0,4.761904716491699,4.761904716491699,0,0,0,0,0,0,0,0,0,63154.003662109375,128063.99096679688,192.34686279296875,67.13286590576172,0,335872,33210380288,8589930496,1916125184,0
200,1737286404925,2100,2100,1471,1365,1977,2100,1473,1480,1481,1418,1421,1469,100,0,4.761904716491699,4.761904716491699,0,0,0,0,0,0,0,0,0,63155.45751953125,128064.44018554688,192.34686279296875,55.684452056884766,0,335872,33210380288,8589930496,1916125184,0
200,1737286405125,2100,2032,1247,1184,1866,2100,1469,1468,1446,1478,1202,1243,100,0,4.761904716491699,4.761904716491699,0,0,0,0,0,0,0,0,0,63156.860778808594,128064.84375,192.34686279296875,100,0,335872,33210380288,8589930496,1916125184,0
200,1737286405326,2100,1923,1428,400,1473,1965,1367,1417,1391,1412,400,771,100,0,4.761904716491699,4.761904716491699,0,0,0,0,0,0,0,0,0,63158.344177246094,128065.28436279297,192.34686279296875,100.41841125488281,0,335872,33210380288,8589930496,1916125184,0
200,1737286405526,2100,2060,1363,1438,1840,1971,1430,1420,1273,1339,1161,1270,100,0,4.761904716491699,4.761904716491699,0,0,0,0,0,0,0,0,0,63159.66131591797,128065.64147949219,192.34686279296875,100.41841125488281,0,335872,33210380288,8589930496,1916125184,0
200,1737286405726,2100,1708,939,1237,400,400,1349,1154,1423,1450,1275,1008,100,0,0,0,0,0,0,0,0,5,0,0,0,63161.05603027344,128066.15435791016,192.3472900390625,100,0,335872,33210380288,8589930496,1916125184,0
200,1737286405926,2100,1700,1464,1386,1171,1717,1361,1281,1371,1378,400,400,100,0,0,0,0,0,0,0,0,5,0,0,0,63162.441955566406,128066.7875366211,192.3472900390625,100.41841125488281,0,335872,33210380288,8589930496,1916125184,0
200,1737286406126,2100,1944,1407,1443,1809,2099,1444,1499,1476,1475,1367,1438,100,0,0,0,0,0,0,0,0,4.761904716491699,0,0,0,63163.823303222656,128067.41571044922,192.3472900390625,100,0,335872,33210380288,8589930496,1916125184,0
200,1737286406326,2100,1979,1414,1443,2005,2100,1480,1442,1500,1478,1384,1407,100,0,0,0,0,0,0,0,0,0,0,0,0,63165.196350097656,128068.03741455078,192.3472900390625,100,0,335872,33210380288,8589930496,1916125184,0
200,1737286406527,2100,2042,1454,1461,1482,1462,1467,1462,1473,1436,1452,1499,100,0,0,0,0,0,0,0,0,0,0,0,0,63166.56896972656,128068.65838623047,192.3472900390625,100.41841125488281,0,335872,33210380288,8589930496,1916125184,0
200,1737286406727,2099,1980,1295,400,1887,2099,1500,1500,1500,1499,1308,1355,100,0,0,0,0,0,0,0,0,0,0,0,0,63167.94903564453,128069.1840209961,192.3472900390625,100,0,335872,33210380288,8589930496,1916125184,0
200,1737286406927,2023,1720,1433,1412,1881,1850,1443,1453,1326,1407,1251,1425,100,0,0,0,0,0,0,0,0,0,0,0,0,63169.367919921875,128069.60064697266,192.3472900390625,100.41841125488281,0,335872,33210380288,8589930496,1916125184,0
200,1737286407127,2100,1801,1452,1499,1980,1985,1406,1455,1405,1435,1481,1462,100,0,0,0,0,0,0,0,0,0,0,0,0,63170.98663330078,128070.1357421875,192.3472900390625,50,0,335872,33210380288,8589930496,1916125184,0
200,1737286407327,2100,1867,1327,1358,1895,1966,1472,1480,1500,1452,1261,1369,100,0,0,0,0,0,0,0,0,0,0,0,0,63172.63934326172,128070.71069335938,192.3472900390625,100.41841125488281,0,335872,33210380288,8589930496,1916125184,0
200,1737286407527,2100,2063,1317,1381,1877,1964,1444,1422,1404,1285,400,1337,100,0,0,0,0,0,0,0,0,0,0,0,0,63174.36267089844,128071.30908203125,192.3472900390625,100.41841125488281,0,335872,33210380288,8589930496,1916125184,0
200,1737286407728,2100,1737,1499,1430,1726,2100,1200,1363,1426,1478,1459,1430,100,0,0,0,1.25,0,1.2345678806304932,0,0,0,1.2345678806304932,0,0,63175.76641845703,128071.72912597656,192.3472900390625,100.84033203125,0,335872,33210380288,8589930496,1916125184,0
200,1737286407928,2100,2100,1480,1499,2029,2099,1500,1500,1485,1481,1474,1471,100,0,0,0,0,9.523809432983398,0,0,5,0,0,0,0,63177.164794921875,128072.13720703125,192.3472900390625,100.41841125488281,0,335872,33210380288,8589930496,1916125184,0
200,1737286408128,2100,1990,1499,1499,1993,2019,1428,1433,1431,1424,1444,1475,100,0,0,0,4.761904716491699,0,0,0,0,0,0,0,0,63178.633728027344,128072.5771484375,192.3472900390625,100.41841125488281,0,335872,33210380288,8589930496,1916125184,0
200,1737286408328,2100,2099,1426,1438,1823,1916,1393,1450,1465,1460,1352,1411,100,0,0,0,4.761904716491699,0,0,0,0,0,0,0,0,63179.95520019531,128072.94616699219,192.3472900390625,99.58505249023438,0,335872,33210380288,8589930496,1916125184,0
200,1737286408528,2099,2100,1423,1487,1643,1966,1465,1479,1466,1462,1431,400,100,5,0,0,0,0,0,0,0,0,0,4.761904716491699,0,63181.34210205078,128073.48010253906,192.3472900390625,105.8823471069336,0,335872,33210380288,8589930496,1916125184,0
200,1737286408729,2100,2100,1474,1499,1924,1909,1423,1328,1391,1383,1472,1443,100,0,0,0,0,0,0,0,0,0,0,0,0,63182.72546386719,128074.10943603516,192.3472900390625,95.39749145507813,0,335872,33210380288,8589930496,1916125184,0
200,1737286408929,2100,2047,1470,400,1887,1805,1413,1420,1457,1418,400,1461,100,0,0,0,0,0,0,0,0,0,0,0,0,63184.10363769531,128074.73706054688,192.3472900390625,50.209205627441406,0,335872,33210380288,8589930496,1916125184,0
199,1737286409129,2100,1902,1499,1433,1871,1850,1329,1330,1331,1346,1458,1455,100,0,0,0,0,0,0,0,0,0,0,0,0,63185.48504638672,128075.36547851563,192.3472900390625,100.41841125488281,0,335872,33210380288,8589930496,1916125184,0
200,1737286409329,2100,2100,1499,1499,2100,1628,1385,1382,400,1404,400,1500,100,0,0,0,0,0,0,0,0,0,0,0,0,63186.88214111328,128076.00720214844,192.3472900390625,100.84033203125,0,335872,33210380288,8589930496,1916112896,0
200,1737286409529,2100,1731,1369,1500,1493,1791,1500,1478,1477,1469,400,1422,100,0,0,0,0,0,0,0,0,0,0,0,0,63188.24572753906,128076.49536132813,192.3472900390625,104.5643081665039,0,335872,33210380288,8589930496,1916112896,0
200,1737286409729,2100,400,1235,1122,1707,1746,983,1500,1405,1465,400,1378,100,0,0,0,0,0,0,0,0,0,0,0,0,63189.685791015625,128076.92279052734,192.3472900390625,100,0,335872,33210380288,8589930496,1916112896,0
200,1737286409929,2100,1811,1279,400,400,1880,1383,1410,1456,1451,1343,1309,100,0,0,0,0,0,0,0,0,0,0,0,0,63191.32794189453,128077.4658203125,192.3472900390625,100.41841125488281,0,335872,33210380288,8589930496,1916112896,0
199,1737286410130,2100,2100,1469,1473,2100,2100,1500,1499,1500,1499,1399,1406,100,0,0,0,0,0,0,0,0,0,0,0,0,63193.00701904297,128078.05792236328,192.3472900390625,100.41841125488281,0,335872,33210380288,8589930496,1916112896,0
200,1737286410330,2100,1795,1351,1418,1935,1907,1254,1210,1272,1257,1313,1413,100,0,0,0,0,0,0,0,0,0,0,0,0,63194.72235107422,128078.6587524414,192.3472900390625,100.41841125488281,0,335872,33210380288,8589930496,1916112896,0
200,1737286410530,2100,2100,1474,1470,2099,2100,515,1499,1387,1500,1435,400,100,0,0,4.761904716491699,0,0,4.761904716491699,0,0,0,0,0,0,63196.080017089844,128079.04724121094,192.3472900390625,100,0,335872,33210380288,8589930496,1916112896,0
200,1737286410730,2100,2020,855,1318,2100,2100,1424,400,1427,1435,1396,1324,100,0,0,0,0,5,0,0,0,0,4.761904716491699,0,0,63197.481201171875,128079.45782470703,192.3472900390625,100,0,335872,33210380288,8589930496,1916112896,0
199,1737286410930,2099,2023,1499,1394,2100,1698,1403,1394,1467,1385,1305,400,100,0,0,0,0,0,0,0,0,0,0,0,0,63198.934020996094,128079.88671875,192.3472900390625,100.84033203125,0,335872,33210380288,8589930496,1916112896,0
200,1737286411130,2099,2013,1463,1398,1809,1868,1147,1231,1198,1288,400,1468,100,0,0,0,0,0,0,0,0,0,0,0,0,63200.274963378906,128080.26086425781,192.3472900390625,100,0,335872,33210380288,8589930496,1916112896,0
200,1737286411331,2100,467,1402,400,400,1157,1332,1320,1331,1298,1358,1392,100,0,0,0,0,4.761904716491699,0,0,0,0,0,0,0,63201.66192626953,128080.82244873047,192.3472900390625,95.39749145507813,0,335872,33210380288,8589930496,1916112896,0
200,1737286411531,2100,1914,1462,1468,1852,1956,1124,1443,1419,1391,1364,1389,100,0,0,0,0,4.761904716491699,0,0,0,0,0,0,0,63203.043395996094,128081.45043945313,192.3472900390625,100.41841125488281,0,335872,33210380288,8589930496,1916112896,0
200,1737286411731,2100,1470,1309,400,1596,1246,400,400,400,400,904,400,100,0,0,0,0,4.761904716491699,0,0,0,0,0,0,0,63204.41882324219,128082.07482910156,192.3472900390625,50.209205627441406,0,335872,33210380288,8589930496,1916112896,0
200,1737286411931,2100,1436,1110,1278,1796,1776,400,1094,1041,999,1128,1249,100,1.6949152946472168,1.6666667461395264,1.6666667461395264,1.6666667461395264,0,1.6666667461395264,0,3.22580623626709,1.6393442153930664,0,0,0,63205.79766845703,128082.7001953125,192.3472900390625,52.71966552734375,0,335872,33210380288,8589930496,1916112896,0
200,1737286412131,2100,1875,1305,1387,1897,1789,1475,1500,1499,1499,1212,1182,100,0,0,0,4.761904716491699,0,0,0,0,0,0,0,0,63207.18585205078,128083.33569335938,192.3472900390625,100,0,335872,33210380288,8589930496,1916112896,0
200,1737286412332,2100,2063,1116,1341,1964,2100,1344,1458,1404,1438,961,1462,100,0,0,0,0,0,0,0,0,0,0,0,0,63208.56591796875,128083.82830810547,192.3472900390625,94.21488189697266,0,335872,33210380288,8589930496,1916112896,0
200,1737286412532,2100,680,1357,1203,1747,1919,1318,1325,1382,1386,400,1141,100,0,0,0,0,0,0,4.761904716491699,0,0,0,4.761904716491699,0,63210.011962890625,128084.25903320313,192.3472900390625,100.84033203125,0,335872,33210380288,8589930496,1916112896,0
199,1737286412732,2100,2100,1499,1414,2099,2100,1500,400,1431,1419,1468,1484,100,5,0,0,0,0,0,0,0,0,0,0,0,63211.65966796875,128084.80688476563,192.3472900390625,100.41841125488281,0,335872,33210380288,8589930496,1916112896,0
200,1737286412932,2099,2100,1500,1500,2015,400,1419,1409,923,1388,1500,1201,100,5,0,0,0,0,0,0,0,0,0,0,0,63213.310546875,128085.38146972656,192.3472900390625,100,0,335872,33210380288,8589930496,1916112896,0
200,1737286413132,2100,1981,1361,1409,2100,2013,1434,1446,1478,1478,1391,1461,100,0,0,0,0,0,0,0,0,0,0,4.761904716491699,0,63215.05029296875,128085.99731445313,192.3472900390625,100,0,335872,33210380288,8589930496,1916112896,0
200,1737286413332,2100,1861,1500,1499,2100,1740,1453,1365,1463,1499,1500,1415,100,0,0,0,0,0,0,0,0,4.761904716491699,0,0,0,63216.406677246094,128086.38409423828,192.3472900390625,100.84033203125,0,335872,33210380288,8589930496,1916112896,0
200,1737286413532,2100,2031,1249,1408,1991,1957,1235,1352,1426,1431,1280,1426,100,0,0,0,0,0,0,0,0,4.761904716491699,0,0,0,63217.79699707031,128086.78436279297,192.3472900390625,100,0,335872,33210380288,8589930496,1916112896,0
200,1737286413733,2100,1609,400,913,400,1847,1500,1315,1458,1464,400,400,100,0,0,0,0,0,0,0,0,0,0,0,0,63219.247985839844,128087.21484375,192.3472900390625,100,0,335872,33210380288,8589930496,1916112896,0
200,1737286413933,2100,1735,1186,1416,1935,1725,1388,1373,1438,1436,1279,1421,100,0,0,0,4.761904716491699,4.761904716491699,0,0,0,0,4.761904716491699,0,0,63220.57635498047,128087.58221435547,192.3472900390625,100.41841125488281,0,335872,33210380288,8589930496,1916112896,0
200,1737286414133,2100,1662,1419,1419,1751,1893,1207,1401,1426,1420,1095,1426,100,0,4.761904716491699,0,0,0,4.761904716491699,0,0,0,0,0,0,63221.96350097656,128088.15509033203,192.3472900390625,104.99999237060547,0,335872,33210380288,8589930496,1916112896,0
200,1737286414333,2100,1536,1421,1347,1859,1600,1137,1120,1146,1145,1034,1349,100,0,0,0,0,0,0,0,4.761904716491699,0,0,0,0,63223.343017578125,128088.783203125,192.3472900390625,100,0,335872,33210380288,8589930496,1916112896,0
200,1737286414533,2100,2062,1481,1472,2100,2100,1499,1499,1500,1500,843,1475,100,0,0,0,0,0,0,0,0,0,0,0,0,63224.72229003906,128089.41076660156,192.3472900390625,95,0,335872,33210380288,8589930496,1916112896,0
200,1737286414733,2100,1714,1499,1458,1986,1948,1469,1376,1466,1463,1429,1334,100,0,0,0,0,0,5,0,0,0,0,0,0,63226.11096191406,128090.04345703125,192.3472900390625,104.99999237060547,0,335872,33210380288,8589930496,1916112896,0
200,1737286414934,2100,1689,1397,1471,1855,1912,1463,1419,1473,1470,1250,1464,100,0,0,0,4.761904716491699,0,0,0,0,4.761904716491699,0,0,0,63227.49353027344,128090.673828125,192.3472900390625,94.60580444335938,0,335872,33210380288,8589930496,1916112896,0
199,1737286415134,2100,1855,1418,1368,1896,1980,1500,1500,1409,1499,1396,1421,100,0,0,0,0,4.761904716491699,0,4.761904716491699,0,0,4.761904716491699,0,0,63228.86474609375,128091.13348388672,192.3472900390625,105.4393310546875,0,335872,33210380288,8589930496,1916112896,0
200,1737286415334,2100,2037,1407,1393,2100,2100,1500,1369,1499,1429,1301,1435,100,0,0,0,0,4.761904716491699,0,0,0,0,0,0,0,63230.329345703125,128091.5776977539,192.3472900390625,100.41841125488281,0,335872,33210380288,8589930496,1916112896,0
200,1737286415534,2100,1984,1440,1472,2016,2100,1352,1425,1353,1374,400,1475,100,0,0,0,0,4.761904716491699,0,0,0,0,0,0,0,63231.97784423828,128092.12768554688,192.3472900390625,99.58505249023438,0,335872,33210380288,8589930496,1916112896,0
200,1737286415734,2100,529,1403,1211,400,400,1499,1350,1462,1485,1434,1279,100,5,0,4.761904716491699,0,0,0,0,4.761904716491699,0,0,0,0,63233.65625,128092.71301269531,192.34814453125,100.84033203125,0,335872,33210380288,8589930496,1916112896,0
200,1737286415935,2100,2050,1425,1417,1913,400,1440,400,1067,948,1340,1403,100,4.761904716491699,0,0,0,0,0,0,0,4.761904716491699,0,0,0,63235.35614013672,128093.30389404297,192.34814453125,100,0,335872,33210380288,8589930496,1916112896,0
200,1737286416135,2100,2060,1313,400,1076,400,1312,1244,1305,1277,1330,1185,100,4.761904716491699,0,0,0,0,0,0,0,4.761904716491699,0,0,0,63236.71759033203,128093.68365478516,192.34814453125,100.41841125488281,0,335872,33210380288,8589930496,1916112896,0
200,1737286416335,2100,1606,1389,1470,1910,1661,1316,1371,400,1455,400,1228,100,0,0,0,0,0,0,0,0,0,0,0,0,63238.13977050781,128094.09802246094,192.34814453125,100.84033203125,0,335872,33210380288,8589930496,1916112896,0
200,1737286416535,2099,1888,400,1396,2003,2100,1500,1499,1499,1499,400,1298,100,0,0,0,0,0,4.761904716491699,0,0,0,0,0,0,63239.55603027344,128094.50830078125,192.34814453125,99.58505249023438,0,335872,33210380288,8589930496,1916112896,0
200,1737286416735,2100,1892,1416,1420,1989,1992,1464,1499,1483,1487,400,1445,100,0,0,0,0,0,0,0,0,0,0,0,0,63240.914489746094,128094.88757324219,192.34814453125,100,0,335872,33210380288,8589930496,1916112896,0
200,1737286416935,2100,490,1499,1500,400,1125,1418,1450,1429,1417,1388,1499,100,0,0,0,0,0,0,0,0,0,0,0,0,63242.305603027344,128095.48406982422,192.34814453125,100.41841125488281,0,335872,33210380288,8589930496,1916112896,0
200,1737286417135,2100,2018,1481,1462,1959,1913,1374,1409,1384,1400,1438,1385,100,0,0,0,0,0,0,0,0,0,0,0,0,63243.68731689453,128096.11254882813,192.34814453125,47.69874572753906,0,335872,33210380288,8589930496,1916112896,0
200,1737286417336,2100,2056,1444,400,1976,2100,1483,1454,1469,1477,889,1472,100,0,1.6666667461395264,0,1.6393442153930664,0,0,0,1.6666667461395264,0,0,0,0,63245.06311035156,128096.73815917969,192.34814453125,52.71966552734375,0,335872,33210380288,8589930496,1916112896,0
200,1737286417536,2100,2049,1454,1457,1952,1848,1463,1425,1415,1435,1083,400,100,0,0,0,0,0,0,0,0,0,0,0,0,63246.441833496094,128097.36206054688,192.34814453125,95.7983169555664,0,335872,33210380288,8589930496,1916112896,0
200,1737286417736,2100,1816,1377,1306,1891,1792,400,1303,1343,1452,786,1368,100,0,0,0,0,0,0,0,0,0,0,4.761904716491699,0,63247.845642089844,128097.98651123047,192.34814453125,104.99999237060547,0,335872,33210380288,8589930496,1916112896,0
200,1737286417936,2100,2100,1472,1499,1964,2100,1499,1425,1499,1500,1500,1461,100,0,0,0,0,4.761904716491699,4.761904716491699,0,0,0,0,0,0,63249.211364746094,128098.42395019531,192.34814453125,100,0,335872,33210380288,8589930496,1916112896,0
200,1737286418136,2100,2036,1457,1444,2026,1996,1364,1426,1405,1441,1274,1235,100,0,4.761904716491699,0,0,0,0,0,0,0,0,0,0,63250.698181152344,128098.87939453125,192.34814453125,99.58505249023438,0,335872,33210380288,8589930496,1916112896,0
200,1737286418337,2100,2044,1457,1380,1946,2100,1380,1412,1349,1451,1056,1296,100,0,0,0,0,0,0,0,0,4.761904716491699,0,0,0,63252.39630126953,128099.46362304688,192.34814453125,100,0,335872,33210380288,8589930496,1916112896,0
200,1737286418537,2100,1901,1439,1448,1824,1896,1351,1410,1412,1405,1346,1290,100,5,0,0,0,0,0,0,0,0,4.761904716491699,0,0,63254.05450439453,128100.02642822266,192.34814453125,100.41841125488281,0,335872,33210380288,8589930496,1916112896,0
200,1737286418737,2099,2013,1415,400,1968,1794,1500,1383,1499,1500,1417,1433,100,5,0,0,4.761904716491699,4.761904716491699,0,0,4.761904716491699,5,0,0,0,63255.71319580078,128100.5982055664,192.34814453125,100.41841125488281,0,335872,33210380288,8589930496,1916112896,0
200,1737286418937,2100,1843,1464,1430,1977,2100,1462,1500,973,400,1423,1499,100,0,0,0,0,0,0,0,0,0,0,0,0,63257.08526611328,128100.98474121094,192.34814453125,100,0,335872,33210380288,8589930496,1916112896,0
200,1737286419137,2100,2011,1442,1423,1920,2099,1429,1418,1478,400,1499,1405,100,0,0,0,0,0,0,5,0,0,0,0,0,63258.50079345703,128101.39562988281,192.34814453125,100.84033203125,0,335872,33210380288,8589930496,1916112896,0
200,1737286419337,2100,2026,1410,1449,1990,1816,1390,1291,1285,1382,1308,1439,100,0,0,0,0,0,0,0,0,0,4.761904716491699,0,0,63259.90490722656,128101.79803466797,192.34814453125,100.41841125488281,0,335872,33210380288,8589930496,1916112896,0
200,1737286419538,2100,2044,1356,1402,1986,1884,1500,1421,1457,1458,400,1303,100,0,0,0,5,0,0,0,0,0,0,0,0,63261.27276611328,128102.18334960938,192.34814453125,99.58505249023438,0,335872,33210380288,8589930496,1916112896,0
200,1737286419738,2100,2037,1411,1393,2053,2086,1480,1475,1477,1480,1398,1440,100,0,0,0,5,0,0,0,0,0,0,0,0,63262.66082763672,128102.8099975586,192.34814453125,100.84033203125,0,335872,33210380288,8589930496,1916112896,0
200,1737286419938,2100,1756,1374,400,1239,1774,1447,1328,1391,1384,400,1431,100,0,0,0,5,0,0,0,0,0,0,0,0,63264.050842285156,128103.43756103516,192.34814453125,50.31446838378906,0,335872,33210380288,8589930496,1916112896,0
199,1737286420138,2100,2100,1500,1500,1631,1985,1479,1500,1471,1473,400,1440,100,0,0,0,5,0,0,0,0,0,0,0,0,63265.44494628906,128104.07263183594,192.34814453125,99.58505249023438,0,335872,33210380288,8589930496,1916112896,0
200,1737286420338,2100,1846,1499,1499,400,1054,1436,1129,1479,1458,1409,1500,100,0,0,0,5,0,0,0,0,0,0,0,0,63266.83068847656,128104.70080566406,192.34814453125,100.41841125488281,0,335872,33210380288,8589930496,1916092416,0
200,1737286420538,2099,2008,1411,1429,2100,2099,674,1500,400,1500,400,400,100,0,0,0,5,0,0,0,0,0,0,0,0,63268.222106933594,128105.3256225586,192.34814453125,100.41841125488281,0,335872,33210380288,8589930496,1916092416,0
200,1737286420739,2099,1159,1334,1411,1858,1938,1499,1325,1455,1459,1179,1278,100,0,0,0,5,0,0,0,0,0,0,0,0,63269.600524902344,128105.76141357422,192.34814453125,50.10437774658203,0,335872,33210380288,8589930496,1916092416,0
200,1737286420939,2100,1665,1455,400,1953,1967,1329,1385,1286,1355,805,400,100,0,0,0,5,0,0,0,0,0,0,0,0,63271.096435546875,128106.2211303711,192.34814453125,101.26582336425781,0,335872,33210380288,8589930496,1916092416,0
200,1737286421139,2099,1767,1470,1441,2100,1744,1397,1433,1406,1444,1407,400,100,0,0,0,5,0,0,0,0,0,0,0,0,63272.802795410156,128106.80841064453,192.34814453125,99.58505249023438,0,335872,33210380288,8589930496,1916092416,0
199,1737286421339,2100,1202,400,400,1832,1860,1493,923,882,400,400,400,100,0,0,0,5,0,0,0,0,0,0,0,0,63274.43688964844,128107.36065673828,192.34814453125,99.58505249023438,0,335872,33210380288,8589930496,1916092416,0
200,1737286421539,2100,2078,1499,1500,2100,1997,1494,1498,1445,1499,1291,1316,100,0,0,0,5,0,0,0,0,0,0,0,0,63276.091735839844,128107.93292236328,192.34814453125,50.10437774658203,0,335872,33210380288,8589930496,1916092416,0
200,1737286421739,2100,1813,1406,1338,1955,1763,1499,1339,1468,1499,1372,1458,100,0,0,0,5,0,0,0,0,0,0,0,0,63277.466796875,128108.3198852539,192.34814453125,100.41841125488281,0,335872,33210380288,8589930496,1916092416,0
200,1737286421940,2099,484,1216,1336,400,1666,1431,1394,400,1375,1259,1165,100,0,0,0,5,0,0,0,0,0,0,0,0,63278.88073730469,128108.72882080078,192.34814453125,100,0,335872,33210380288,8589930496,1916092416,0
200,1737286422140,2100,2059,1441,1404,1787,1939,1331,1025,984,922,1418,1430,100,0,0,0,5,0,0,0,0,0,0,0,0,63280.28747558594,128109.13830566406,192.34814453125,100,0,335872,33210380288,8589930496,1916092416,0
200,1737286422340,2099,504,1425,1384,400,1932,1250,709,1240,400,1415,1389,100,0,0,0,0,0,0,0,0,0,0,0,0,63281.658935546875,128109.52606201172,192.34814453125,100.84033203125,0,335872,33210380288,8589930496,1916092416,0
200,1737286422540,2099,1890,1401,1469,2100,2100,1500,1447,1337,1412,1500,400,100,0,0,0,0,0,0,0,0,0,0,0,0,63283.04943847656,128110.15142822266,192.34814453125,99.58505249023438,0,335872,33210380288,8589930496,1916092416,0
200,1737286422740,2100,1914,1232,1044,1338,1646,1415,1499,1427,1478,1420,1399,100,0,0,0,0,0,0,0,0,4.761904716491699,0,0,0,63284.44219970703,128110.78399658203,192.34814453125,100.41841125488281,0,335872,33210380288,8589930496,1916092416,0
200,1737286422940,2100,1982,1400,1469,1270,1965,1450,1499,1462,1390,1185,1403,100,0,0,0,0,0,0,0,0,4.761904716491699,0,0,0,63285.82312011719,128111.41033935547,192.34814453125,100,0,335872,33210380288,8589930496,1916092416,0
200,1737286423141,2100,2055,1409,1421,1883,2100,1397,1451,1398,1398,1367,1404,100,0,0,0,0,0,0,0,0,4.761904716491699,0,0,0,63287.212646484375,128112.04284667969,192.34814453125,50.209205627441406,0,335872,33210380288,8589930496,1916092416,0
200,1737286423341,2100,450,400,871,1299,589,400,1411,1359,1367,400,400,100,0,0,0,0,0,0,0,0,4.761904716491699,0,0,0,63288.60290527344,128112.67193603516,192.34814453125,100,0,335872,33210380288,8589930496,1916092416,0
200,1737286423541,2100,2100,1463,1500,2100,2100,1391,1478,1479,1418,1325,1438,100,0,0,0,0,0,0,0,0,4.761904716491699,0,0,0,63289.987854003906,128113.07513427734,192.34814453125,100,0,335872,33210380288,8589930496,1916092416,0
200,1737286423741,2100,2100,1475,1435,2100,1989,1406,1341,1378,1418,400,1436,100,1.0309277772903442,1.9801980257034302,0.9900990128517151,1.9801980257034302,0.9900990128517151,1,1,0,0,0,1,0,63291.526123046875,128113.54736328125,192.34814453125,100,0,335872,33210380288,8589930496,1916092416,0
200,1737286423941,2100,1913,1429,1356,1772,1856,1402,1429,1461,1500,1406,1500,100,0,0,0,0,0,0,0,0,0,4.761904716491699,0,0,63293.229736328125,128114.1528930664,192.34814453125,101.26582336425781,0,335872,33210380288,8589930496,1916092416,0
200,1737286424141,2099,2048,1431,1052,1906,1607,1329,1438,1443,1379,976,1049,100,0,0,0,0,0,0,4.761904716491699,0,0,0,0,0,63294.88098144531,128114.70202636719,192.34814453125,99.58505249023438,0,335872,33210380288,8589930496,1916092416,0
200,1737286424342,2100,1451,1347,1427,1983,1653,1343,1368,1361,1347,1370,1297,100,0,0,0,0,0,4.761904716491699,0,0,4.761904716491699,0,0,0,63296.46112060547,128115.23449707031,192.34814453125,100.41841125488281,0,335872,33210380288,8589930496,1916092416,0
200,1737286424542,2100,2054,1027,400,1889,1943,1438,1334,1337,1445,1262,1120,100,0,0,0,0,0,4.761904716491699,0,0,4.761904716491699,0,0,0,63297.85046386719,128115.62805175781,192.34814453125,100,0,335872,33210380288,8589930496,1916092416,0
199,1737286424742,2100,1993,1500,1500,1944,2099,1437,1361,1500,1499,1499,1500,100,0,0,0,0,0,0,0,0,0,0,0,0,63299.28210449219,128116.04321289063,192.34814453125,100,0,335872,33210380288,8589930496,1916092416,0
200,1737286424942,2100,2033,1466,1234,1882,2100,1426,1383,1401,1360,400,1413,100,0,0,0,0,0,0,0,0,0,0,0,0,63300.67687988281,128116.44799804688,192.34814453125,100.41841125488281,0,335872,33210380288,8589930496,1916092416,0
200,1737286425142,2100,1535,1442,1448,1522,1846,1388,1349,1355,1390,1490,1500,100,0,0,0,0,4.761904716491699,0,0,0,0,0,0,0,63302.05871582031,128116.86260986328,192.34814453125,105.4393310546875,0,335872,33210380288,8589930496,1916092416,0
200,1737286425342,2100,2100,1451,1458,1977,1966,1415,1430,1425,1426,400,1500,100,0,0,0,0,4.761904716491699,0,0,0,0,0,0,0,63303.439392089844,128117.48156738281,192.34814453125,95.39749145507813,0,335872,33210380288,8589930496,1916092416,0
200,1737286425543,2100,2100,1479,1478,1874,1985,1449,1413,1457,1474,1469,1259,100,0,0,0,0,4.761904716491699,0,0,0,0,0,0,0,63304.8212890625,128118.10461425781,192.34814453125,50.31446838378906,0,335872,33210380288,8589930496,1916092416,0
199,1737286425743,2100,1801,1470,1374,1923,1942,1343,1278,1347,1382,879,1423,100,0,0,0,0,4.761904716491699,0,0,0,0,0,0,0,63306.225341796875,128118.74426269531,192.34814453125,100.41841125488281,0,335872,33210380288,8589930496,1916092416,0
199,1737286425943,2100,2049,1468,1450,1789,1965,1389,1348,1385,1448,757,1449,100,0,0,0,0,4.761904716491699,0,0,0,0,0,0,0,63307.61315917969,128119.35968017578,192.34814453125,105.4393310546875,0,335872,33210380288,8589930496,1916092416,0
200,1737286426143,2099,540,1248,1401,400,1894,1409,1402,1334,1195,1391,1091,100,0,0,0,0,0,0,0,0,0,0,0,0,63308.983825683594,128119.97265625,192.34814453125,100,0,335872,33210380288,8589930496,1916092416,0
199,1737286426343,2100,1911,1485,1453,1897,2100,1384,1428,1500,1296,1431,1499,100,0,0,0,0,0,0,0,0,0,0,4.761904716491699,0,63310.388427734375,128120.38012695313,192.34814453125,100,0,335872,33210380288,8589930496,1916092416,0
200,1737286426543,2100,2015,1499,1500,2099,2100,1446,1464,1405,1468,1390,1500,100,5,4.761904716491699,0,4.761904716491699,5,0,0,0,0,0,0,0,63311.92248535156,128120.86218261719,192.34814453125,95,0,335872,33210380288,8589930496,1916092416,0
200,1737286426743,2100,2056,1093,903,1595,1801,1500,1238,1336,1344,906,841,100,0,0,0,0,0,0,4.761904716491699,0,0,0,0,0,63313.6416015625,128121.46759033203,192.34814453125,104.99999237060547,0,335872,33210380288,8589930496,1916092416,0
200,1737286426943,2100,2100,1409,1486,1877,1847,1344,1403,1329,1317,1417,1388,100,0,0,0,0,0,0,4.761904716491699,0,0,0,0,0,63315.29235839844,128122.01477050781,192.34814453125,100.41841125488281,0,335872,33210380288,8589930496,1916092416,0
200,1737286427144,2100,1821,1413,1390,1624,993,400,1451,1461,400,1070,1421,100,0,0,0,0,0,0,4.761904716491699,0,0,0,0,0,63316.849365234375,128122.53094482422,192.34814453125,50.209205627441406,0,335872,33210380288,8589930496,1916092416,0
200,1737286427344,2100,1953,1454,1499,1949,1889,1499,1412,1500,1499,400,1500,100,0,0,0,0,0,0,4.761904716491699,0,0,0,0,0,63318.23797607422,128122.92785644531,192.34814453125,99.1735610961914,0,335872,33210380288,8589930496,1916092416,0
200,1737286427544,2100,2021,400,400,1826,1911,1462,1472,1201,1497,1210,400,100,0,0,0,0,0,0,4.761904716491699,0,0,0,0,0,63319.694885253906,128123.35833740234,192.34814453125,99.1735610961914,0,335872,33210380288,8589930496,1916092416,0
200,1737286427744,2100,1944,1483,1441,2100,1981,1402,1287,1359,1499,1460,1482,100,0,0,0,0,0,0,0,0,0,0,0,0,63321.04766845703,128123.73571777344,192.34814453125,101.26582336425781,0,335872,33210380288,8589930496,1916092416,0
200,1737286427944,2100,1964,1500,1500,1972,2100,1500,1499,1499,1500,1439,1500,100,0,0,0,0,0,0,0,0,0,0,0,0,63322.43621826172,128124.1840209961,192.34814453125,95,0,335872,33210380288,8589930496,1916092416,0
200,1737286428144,2100,2012,1405,400,1911,2100,1457,1500,400,400,400,1459,100,0,0,0,0,0,0,0,0,4.761904716491699,0,0,0,63323.820861816406,128124.81176757813,192.34814453125,104.99999237060547,0,335872,33210380288,8589930496,1916092416,0
200,1737286428344,2100,2100,1466,1477,1935,2100,1479,1441,1463,1478,1282,1367,100,0,0,0,0,0,0,0,0,4.761904716491699,0,0,0,63325.20867919922,128125.44415283203,192.3485107421875,47.8991584777832,0,335872,33210380288,8589930496,1916092416,0
200,1737286428545,2100,2029,1467,1476,2100,1945,1414,1415,1430,1444,1429,1456,100,0,0,0,0,0,0,0,0,4.761904716491699,0,0,0,63326.59197998047,128126.07427978516,192.3485107421875,100,0,335872,33210380288,8589930496,1916092416,0
200,1737286428745,2099,2052,1452,1373,1926,1972,1495,1323,1463,1499,400,400,100,0,0,0,0,0,0,0,0,4.761904716491699,0,0,0,63327.983337402344,128126.7094116211,192.3485107421875,105.4393310546875,0,335872,33210380288,8589930496,1916092416,0
199,1737286428945,2100,2100,1499,1473,2100,2100,1479,1500,1499,1500,1349,1470,100,0,0,0,0,0,0,0,0,4.761904716491699,0,0,0,63329.3505859375,128127.30419921875,192.3485107421875,100.41841125488281,0,335872,33210380288,8589930496,1916092416,0
200,1737286429145,2100,2100,1439,400,2100,2099,1417,1404,1394,400,1022,1475,100,0,0,0,0,0,0,0,0,4.761904716491699,0,0,0,63330.75439453125,128127.71417236328,192.3485107421875,100,0,335872,33210380288,8589930496,1916092416,0
200,1737286429345,2100,1704,1500,1500,1655,2100,1474,1475,1474,1500,1441,1499,100,0,0,0,0,0,0,0,0,4.761904716491699,0,0,0,63332.27893066406,128128.19451904297,192.3485107421875,100.41841125488281,0,335872,33210380288,8589930496,1916092416,0
200,1737286429545,2100,1807,1364,1319,2100,1700,1406,1480,1442,1500,1327,1336,100,0,0.625,0.625,0.625,1.2422360181808472,1.2422360181808472,0,0.625,0,0,0,0,63333.970275878906,128128.78826904297,192.3485107421875,100.41841125488281,0,335872,33210380288,8589930496,1916092416,0
200,1737286429745,2100,1981,1462,1418,1648,1706,1211,1121,1197,1307,1464,1431,100,0,0,0,0,0,0,0,4.761904716491699,0,0,0,0,63335.63134765625,128129.34533691406,192.3485107421875,100.41841125488281,0,335872,33210380288,8589930496,1916092416,0
200,1737286429946,2100,1775,1451,1419,1893,2099,1460,1397,1464,1385,1256,1346,100,0,0,0,0,0,0,0,4.761904716491699,0,0,0,0,63337.180725097656,128129.84747314453,192.3485107421875,100.41841125488281,0,335872,33210380288,8589930496,1916092416,0
200,1737286430146,2100,1802,1464,400,1705,2100,1499,1499,1499,1500,1408,1484,100,0,0,0,0,0,0,4.761904716491699,0,0,0,0,0,63338.56866455078,128130.25177001953,192.3485107421875,100,0,335872,33210380288,8589930496,1916092416,0
200,1737286430346,2100,1909,1499,1484,1879,1938,1499,1500,1464,1485,400,1499,100,0,0,0,0,0,0,0,0,0,0,0,0,63340.010192871094,128130.67413330078,192.3485107421875,100.41841125488281,0,335872,33210380288,8589930496,1916092416,0
177,1737286430569,2100,1866,400,1423,2100,2100,1446,1500,1465,1499,1374,1437,100,0,0,0,4.34782600402832,0,0,0,0,0,0,0,0,63341.50958251953,128131.09765625,192.3485107421875,111.39240264892578,0,335872,33210380288,8589930496,1916076032,0
199,1737286430746,2100,2091,1389,1412,1970,1794,1396,1339,1401,1430,1388,1348,100,0,0,0,4.34782600402832,0,0,0,0,0,0,0,0,63342.74609375,128131.50964355469,192.3485107421875,80.89887237548828,0,335872,33210380288,8589930496,1916076032,0
200,1737286430946,2100,2100,1469,1469,1995,1864,400,400,400,400,1421,1484,100,0,0,0,4.34782600402832,0,0,0,0,0,0,0,0,63344.12567138672,128132.13580322266,192.3485107421875,53.21508026123047,0,335872,33210380288,8589930496,1916076032,0
199,1737286431147,2099,1961,1465,1445,1848,1866,1409,1373,1438,1348,1379,1471,100,0,0,0,4.34782600402832,0,0,0,0,0,0,0,0,63345.51153564453,128132.76641845703,192.3485107421875,95.7983169555664,0,335872,33210380288,8589930496,1916067840,0
200,1737286431347,2099,2031,1471,1473,1934,1965,1325,1350,1336,1364,1099,1382,100,0,0,0,4.34782600402832,0,0,0,0,0,0,0,0,63346.89343261719,128133.39556884766,192.3485107421875,104.99999237060547,0,335872,33210380288,8589930496,1916067840,0
200,1737286431547,2099,1864,1328,1373,1830,1925,1320,1180,1323,1326,1182,1314,100,0,0,0,4.34782600402832,0,0,0,0,0,0,0,0,63348.27178955078,128134.02294921875,192.3485107421875,95.39749145507813,0,335872,33210380288,8589930496,1916067840,0
200,1737286431747,2100,2100,1454,400,2100,2100,1383,400,1361,1386,1394,1447,100,0,0,0,4.34782600402832,0,0,0,0,0,0,0,0,63349.65148925781,128134.60382080078,192.3485107421875,100.84033203125,0,335872,33210380288,8589930496,1916067840,0
199,1737286431947,2100,1753,1481,1442,1735,2100,1410,1395,1434,1432,1456,1470,100,0,0,0,4.34782600402832,0,0,0,0,0,0,0,0,63351.05535888672,128135.00988769531,192.3485107421875,104.99999237060547,0,335872,33210380288,8589930496,1916067840,0
200,1737286432147,2100,2036,1482,1461,2100,1924,1303,1272,1189,1310,1419,1389,100,0,0,0,4.34782600402832,0,0,0,0,0,0,0,0,63352.61962890625,128135.51281738281,192.3485107421875,95.39749145507813,0,335872,33210380288,8589930496,1916067840,0
200,1737286432348,2100,504,1360,1470,1992,1550,1350,400,1171,935,1263,1265,100,0,0,0,4.34782600402832,0,0,0,0,0,0,0,0,63354.31408691406,128136.10821533203,192.3485107421875,100.41841125488281,0,335872,33210380288,8589930496,1916067840,0
199,1737286432548,2099,2100,1478,1499,2082,1876,1475,1456,1499,1500,1499,1499,100,0,0,0,4.34782600402832,0,0,0,0,0,0,0,0,63355.99462890625,128136.67565917969,192.3485107421875,100,0,335872,33210380288,8589930496,1916067840,0
200,1737286432748,2100,2100,1499,1476,2100,1956,1500,1499,1499,1499,771,1413,100,0,0,0,4.34782600402832,0,0,0,0,0,0,0,0,63357.49725341797,128137.15728759766,192.3485107421875,100.84033203125,0,335872,33210380288,8589930496,1916067840,0
200,1737286432948,2100,2100,1483,1481,2022,2100,1500,1500,1500,1499,400,400,100,0,0,0,4.34782600402832,0,0,0,0,0,0,0,0,63358.884826660156,128137.55444335938,192.3485107421875,100.41841125488281,0,335872,33210380288,8589930496,1916067840,0
200,1737286433148,2099,1727,1358,1397,2100,1816,1499,1456,1500,1500,1419,1443,100,0,0,0,4.34782600402832,0,0,0,0,0,0,0,0,63360.34069824219,128137.98345947266,192.3485107421875,104.5643081665039,0,335872,33210380288,8589930496,1916067840,0
200,1737286433348,2100,2040,1456,1478,2100,1717,1451,1325,1461,1413,400,1413,100,0,0,0,4.34782600402832,0,0,0,0,0,0,0,0,63361.68542480469,128138.35943603516,192.3485107421875,100.84033203125,0,335872,33210380288,8589930496,1916067840,0
200,1737286433548,2100,2050,1470,1416,1996,1988,1195,1256,1297,1299,1464,1469,100,0,0,0,4.34782600402832,0,0,0,0,0,0,0,0,63363.06677246094,128138.8363647461,192.3485107421875,100.84033203125,0,335872,33210380288,8589930496,1916067840,0
200,1737286433749,2100,2026,1430,1404,1975,1921,1499,1460,1500,1461,1262,1471,100,1.0273972749710083,0.6711409687995911,0.33670032024383545,0.3378378450870514,0.6734006404876709,0.6711409687995911,0.33670032024383545,0.33670032024383545,0.33670032024383545,0.33670032024383545,0.33670032024383545,0,63364.449645996094,128139.46606445313,192.3485107421875,100,0,335872,33210380288,8589930496,1916067840,0
199,1737286433949,2100,1886,1453,1440,1829,1943,1332,1387,1469,1457,1354,1330,100,1.0273972749710083,0.6711409687995911,0.33670032024383545,0.3378378450870514,0.6734006404876709,0.6711409687995911,0.33670032024383545,0.33670032024383545,0.33670032024383545,0.33670032024383545,0.33670032024383545,0,63365.82873535156,128140.09295654297,192.3485107421875,50.209205627441406,0,335872,33210380288,8589930496,1916067840,0
200,1737286434149,2100,2020,1458,1447,2001,1748,1424,1352,1450,1424,1304,1410,100,1.0273972749710083,0.6711409687995911,0.33670032024383545,0.3378378450870514,0.6734006404876709,0.6711409687995911,0.33670032024383545,0.33670032024383545,0.33670032024383545,0.33670032024383545,0.33670032024383545,0,63367.21520996094,128140.7255859375,192.3485107421875,100.41841125488281,0,335872,33210380288,8589930496,1916067840,0
200,1737286434349,2100,1645,1238,1480,1823,1682,1262,1398,1316,1355,1177,1082,100,1.0273972749710083,0.6711409687995911,0.33670032024383545,0.3378378450870514,0.6734006404876709,0.6711409687995911,0.33670032024383545,0.33670032024383545,0.33670032024383545,0.33670032024383545,0.33670032024383545,0,63368.601013183594,128141.35632324219,192.3485107421875,95.39749145507813,0,335872,33210380288,8589930496,1916067840,0
200,1737286434549,2100,2004,606,1430,1868,1972,1499,1500,1500,884,400,1500,100,1.0273972749710083,0.6711409687995911,0.33670032024383545,0.3378378450870514,0.6734006404876709,0.6711409687995911,0.33670032024383545,0.33670032024383545,0.33670032024383545,0.33670032024383545,0.33670032024383545,0,63369.972106933594,128141.90246582031,192.3485107421875,104.13223266601563,0,335872,33210380288,8589930496,1916067840,0
199,1737286434749,2100,517,400,400,1263,400,1347,400,1360,1389,795,400,100,1.0273972749710083,0.6711409687995911,0.33670032024383545,0.3378378450870514,0.6734006404876709,0.6711409687995911,0.33670032024383545,0.33670032024383545,0.33670032024383545,0.33670032024383545,0.33670032024383545,0,63371.39678955078,128142.31750488281,192.3485107421875,100.84033203125,0,335872,33210380288,8589930496,1916067840,0
200,1737286434950,2099,1945,400,942,1946,1903,1456,1459,1500,400,1374,400,100,0.7352941036224365,0,0.7142857313156128,0.7142857313156128,0.7142857313156128,0,1.4184396266937256,0.7142857313156128,0.7142857313156128,0.7142857313156128,0.7092198133468628,0,63372.987365722656,128142.83630371094,192.3485107421875,100.84033203125,0,335872,33210380288,8589930496,1916067840,0
200,1737286435150,2100,1311,1090,1091,400,400,400,1400,1434,1375,1143,400,100,0.7352941036224365,0,0.7142857313156128,0.7142857313156128,0.7142857313156128,0,1.4184396266937256,0.7142857313156128,0.7142857313156128,0.7142857313156128,0.7092198133468628,0,63374.660583496094,128143.42102050781,192.3485107421875,100.41841125488281,0,335872,33210380288,8589930496,1916067840,0
200,1737286435350,2099,2100,1499,1407,2100,2100,1499,1453,1327,1500,400,400,100,0,4.761904716491699,0,5,0,0,0,0,0,0,0,0,63376.36065673828,128144.00744628906,192.3485107421875,100,0,335872,33210380288,8589930496,1916067840,0
200,1737286435550,2100,2028,1499,1475,1968,2099,1402,1405,1409,1406,400,1454,100,0,0,0,0,4.761904716491699,0,0,4.761904716491699,0,0,0,0,63377.81884765625,128144.4633178711,192.3485107421875,100,0,335872,33210380288,8589930496,1916067840,0
200,1737286435750,2100,2001,1499,1500,1684,1949,1499,1428,1500,1435,1499,1499,100,0,0,0,0,0,4.761904716491699,0,0,4.761904716491699,0,0,0,63379.199279785156,128144.85717773438,192.3485107421875,100.41841125488281,0,335872,33210380288,8589930496,1916067840,0
200,1737286435950,2100,1862,1341,1359,1783,2100,1441,1457,1419,1461,1304,1270,100,0,0,0,0,0,4.761904716491699,0,0,4.761904716491699,0,0,0,63380.68829345703,128145.30743408203,192.3485107421875,100.41841125488281,0,335872,33210380288,8589930496,1916067840,0
200,1737286436150,2100,2099,1095,1317,1910,1919,1359,1401,1401,1423,1041,1200,100,5,0,0,0,0,0,0,0,0,0,0,0,63382.00500488281,128145.67431640625,192.3485107421875,100,0,335872,33210380288,8589930496,1916067840,0
200,1737286436351,2100,2031,1090,1327,2100,1970,1384,1419,1498,1451,1202,1172,100,0,0,0,0,4.761904716491699,0,0,0,0,0,0,0,63383.39031982422,128146.18463134766,192.3485107421875,100.84033203125,0,335872,33210380288,8589930496,1916067840,0
200,1737286436551,2100,2046,1396,1446,1916,1955,1369,1368,1402,1372,1219,400,100,0,0,0,0,0,0,0,0,0,0,0,0,63384.77508544922,128146.81555175781,192.3485107421875,100,0,335872,33210380288,8589930496,1916067840,0
200,1737286436751,2099,1888,1455,1304,1896,1796,1290,1293,1341,1221,400,1443,100,0,0,0,0,0,0,0,0,0,0,0,0,63386.154235839844,128147.4400024414,192.3485107421875,50.31446838378906,0,335872,33210380288,8589930496,1916059648,0
200,1737286436951,2100,1844,1310,1339,1752,1753,1290,1369,1246,1293,1334,1199,100,0,0,0,0,0,0,0,0,0,0,0,0,63387.533630371094,128148.06829833984,192.3485107421875,100.41841125488281,0,335872,33210380288,8589930496,1916059648,0
200,1737286437151,2099,2087,1475,1480,2100,1990,1499,1453,1482,400,1400,1470,100,0,0,0,0,0,0,0,0,0,0,0,0,63388.91680908203,128148.69714355469,192.3485107421875,100.41841125488281,0,335872,33210380288,8589930496,1916059648,0
200,1737286437351,2099,2046,1210,1229,1843,1827,1406,1460,1397,1499,1216,1299,100,0,0,0,0,0,0,0,0,0,0,0,0,63390.29315185547,128149.23937988281,192.3485107421875,99.58505249023438,0,335872,33210380288,8589930496,1916059648,0
200,1737286437552,2099,2100,1452,1469,1787,1987,1390,1468,1472,1476,1014,1447,100,0,0,0,0,0,0,0,0,0,0,0,0,63391.71643066406,128149.65649414063,192.3485107421875,99.58505249023438,0,335872,33210380288,8589930496,1916059648,0
200,1737286437752,2100,1993,1460,1375,1921,2099,1499,1500,1499,1499,400,1469,100,0,0,0,0,0,0,0,0,0,0,0,0,63393.306579589844,128150.1728515625,192.3485107421875,50.10437774658203,0,335872,33210380288,8589930496,1916059648,0
200,1737286437952,2100,1577,1350,400,1881,1802,1305,1228,1091,1397,1033,1014,100,0,0,0,0,0,0,0,0,0,0,0,0,63394.973693847656,128150.75634765625,192.3485107421875,50.10437774658203,0,335872,33210380288,8589930496,1916059648,0
200,1737286438152,2099,1990,1450,1477,2100,2100,1499,1453,1464,1442,1178,1253,100,0,0,0,0,0,0,0,0,0,0,0,0,63396.67645263672,128151.34094238281,192.3485107421875,50.10437774658203,0,335872,33210380288,8589930496,1916059648,0
200,1737286438352,2100,2100,1471,1474,1520,1885,1482,1414,1469,1481,400,1475,100,0,0,0,0,0,0,0,0,0,0,0,0,63398.13928222656,128151.79467773438,192.34912109375,100.41841125488281,0,335872,33210380288,8589930496,1916059648,0
200,1737286438553,2100,2056,1500,1468,1864,1742,1274,1122,1110,1147,1464,1452,100,0,0,0,0,0,0,0,0,0,0,0,0,63399.510009765625,128152.1821899414,192.34912109375,100.41841125488281,0,335872,33210380288,8589930496,1916059648,0
200,1737286438753,2100,469,1438,1481,400,1958,1255,400,400,400,1077,1156,100,0,0,0,0,0,0,0,0,0,0,0,0,63401.00714111328,128152.63372802734,192.34912109375,100.41841125488281,0,335872,33210380288,8589930496,1916059648,0
200,1737286438953,2100,1617,1428,1499,1867,1896,1318,1282,1423,1385,1305,1329,100,0,0,0,0,0,0,0,0,0,0,0,0,63402.324768066406,128152.99670410156,192.34912109375,100,0,335872,33210380288,8589930496,1916059648,0
200,1737286439153,2100,1928,1455,1453,2100,1930,1308,1431,1478,400,1393,1415,100,0,0,0,0,0,0,0,0,0,0,0,0,63403.713134765625,128153.50970458984,192.34912109375,100,0,335872,33210380288,8589930496,1916059648,0
199,1737286439353,2099,2100,1472,1484,2099,2089,1499,1499,1499,1473,1470,1473,100,0.682593822479248,0.6666666865348816,0.6666666865348816,0.6666666865348816,0.33557048439979553,0.6666666865348816,0.6666666865348816,0.3344481587409973,0.6666666865348816,0.3344481587409973,0.3344481587409973,0,63405.103271484375,128154.14147949219,192.34912109375,104.99999237060547,0,335872,33210380288,8589930496,1916059648,0
200,1737286439553,2099,2016,1416,1404,2100,2099,1423,1429,1427,1477,1421,1424,100,0,0,0,0,4.761904716491699,0,0,0,0,4.761904716491699,0,0,63406.4921875,128154.76873779297,192.34912109375,95.7983169555664,0,335872,33210380288,8589930496,1916059648,0
200,1737286439753,2100,2005,1403,1378,1987,1998,1442,1367,1479,1471,1402,1406,100,0,0,0,0,0,0,0,0,0,0,4.761904716491699,0,63407.883850097656,128155.4027709961,192.34912109375,100.84033203125,0,335872,33210380288,8589930496,1916059648,0
200,1737286439954,2100,1796,1048,400,1944,1956,1456,1430,1463,1500,1200,1016,100,0,0,0,0,0,0,0,0,0,0,0,0,63409.28564453125,128156.0435180664,192.34912109375,100.41841125488281,0,335872,33210380288,8589930496,1916059648,0
199,1737286440154,2100,1774,1272,1437,2100,1915,1500,1500,1499,1500,1360,1308,100,0,0,0,4.761904716491699,0,0,0,0,0,0,0,0,63410.655517578125,128156.55590820313,192.34912109375,104.99999237060547,0,335872,33210380288,8589930496,1916059648,0
200,1737286440354,2099,651,400,400,740,400,400,1293,1126,1127,1380,400,100,0,0,0,4.761904716491699,0,0,0,0,0,0,0,0,63412.08612060547,128156.97564697266,192.34912109375,100,0,335872,33210380288,8589930496,1916059648,0
200,1737286440554,2100,2100,1403,1480,2100,2100,1499,1409,400,1408,1499,1466,100,0,0,0,4.761904716491699,0,0,0,0,0,0,0,0,63413.70568847656,128157.5062866211,192.34912109375,50.31446838378906,0,335872,33210380288,8589930496,1916059648,0
200,1737286440754,2100,1651,1231,1302,1772,1869,1499,1482,1444,1451,1411,1500,100,0,0,0,4.761904716491699,0,0,0,0,0,0,0,0,63415.36798095703,128158.0825805664,192.34912109375,100.41841125488281,0,335872,33210380288,8589930496,1916059648,0
200,1737286440954,2100,2001,1500,1500,2100,1961,1500,1499,1500,1500,1500,1447,100,0,0,0,4.761904716491699,0,0,0,0,0,0,0,0,63417.104919433594,128158.68768310547,192.34912109375,100.41841125488281,0,335872,33210380288,8589930496,1916059648,0
200,1737286441154,2100,2015,1465,1472,2100,1689,1185,1220,1216,1253,1129,400,100,0,0,0,4.761904716491699,0,0,0,0,0,0,0,0,63418.51788330078,128159.11096191406,192.34912109375,50.10437774658203,0,335872,33210380288,8589930496,1916059648,0
200,1737286441355,2100,559,1340,1370,2100,1823,1427,1414,1399,1352,989,1302,100,1.6806724071502686,0,0,0,0,1.6528924703598022,0,0.8333333730697632,0,0,0,0,63419.91394042969,128159.51147460938,192.34912109375,50.10437774658203,0,335872,33210380288,8589930496,1916059648,0
199,1737286441555,2100,1647,1191,1208,1898,400,1327,1430,1417,1315,1397,1182,100,1.6806724071502686,0,0,0,0,1.6528924703598022,0,0.8333333730697632,0,0,0,0,63421.39587402344,128159.9515991211,192.34912109375,100.84033203125,0,335872,33210380288,8589930496,1916059648,0
200,1737286441755,2100,2040,1410,1240,1560,1880,1385,1347,1380,1334,1155,1377,100,0,0,4.761904716491699,0,0,0,0,0,0,0,0,0,63422.73583984375,128160.32385253906,192.34912109375,100.41841125488281,0,335872,33210380288,8589930496,1916059648,0
200,1737286441955,2100,1885,400,879,1853,1529,1169,400,1205,1500,842,400,100,0,0,4.761904716491699,0,0,0,0,0,0,0,0,0,63424.130920410156,128160.86352539063,192.34912109375,47.5,0,335872,33210380288,8589930496,1916059648,0
200,1737286442155,2100,1808,1370,1392,1831,1580,1380,1375,1335,1210,1253,1500,100,0,0,4.761904716491699,0,0,0,0,0,0,0,0,0,63425.516174316406,128161.49151611328,192.34912109375,50,0,335872,33210380288,8589930496,1916059648,0
200,1737286442355,2100,2001,1446,1459,2070,2004,1499,1500,1500,1500,1132,1247,100,0,0,0,0,0,0,0,5,4.761904716491699,4.761904716491699,0,0,63426.90655517578,128162.1245727539,192.34912109375,100,0,335872,33210380288,8589930496,1916055552,0
200,1737286442555,2100,2100,1474,400,1981,1993,1459,1446,1387,1390,931,1473,100,0,0,0,0,0,0,0,5,4.761904716491699,4.761904716491699,0,0,63428.2939453125,128162.75512695313,192.34912109375,100,0,335872,33210380288,8589930496,1916055552,0
200,1737286442756,2100,1829,400,1376,1891,1252,1404,1384,1368,1478,1412,1354,100,0,0,0,0,0,0,0,0,0,0,0,0,63429.66864013672,128163.37823486328,192.34912109375,100.84033203125,0,335872,33210380288,8589930496,1916055552,0
200,1737286442956,2100,488,400,400,2100,2025,1499,1500,1317,1444,1499,1480,100,0,0,0,0,0,0,0,0,0,0,0,0,63431.05694580078,128163.86999511719,192.34912109375,105.4393310546875,0,335872,33210380288,8589930496,1916055552,0
200,1737286443156,2100,2100,1342,1386,2027,1878,1398,1418,1500,1481,1370,1424,100,0,4.761904716491699,0,0,9.090909004211426,0,4.761904716491699,0,4.761904716491699,0,4.761904716491699,0,63432.509826660156,128164.30462646484,192.34912109375,100.41841125488281,0,335872,33210380288,8589930496,1916055552,0
200,1737286443356,2100,2099,1482,1491,2100,1197,1499,1214,400,1500,836,1452,100,0,4.761904716491699,0,0,9.090909004211426,0,4.761904716491699,0,4.761904716491699,0,4.761904716491699,0,63434.15655517578,128164.85137939453,192.34912109375,100,0,335872,33210380288,8589930496,1916055552,0
199,1737286443556,2100,1798,1377,1296,1527,2100,1334,1449,1464,1466,1475,1392,100,0,4.761904716491699,0,0,9.090909004211426,0,4.761904716491699,0,4.761904716491699,0,4.761904716491699,0,63435.82312011719,128165.42456054688,192.34912109375,50,0,335872,33210380288,8589930496,1916055552,0
200,1737286443756,2100,2099,1214,1222,1936,1967,1462,1311,1431,1452,400,1414,100,0,4.761904716491699,0,0,9.090909004211426,0,4.761904716491699,0,4.761904716491699,0,4.761904716491699,0,63437.56262207031,128166.04290771484,192.34912109375,100.41841125488281,0,335872,33210380288,8589930496,1916055552,0
200,1737286443957,2100,1399,400,400,400,1483,1363,1444,1431,1404,850,400,100,0,4.761904716491699,0,0,9.090909004211426,0,4.761904716491699,0,4.761904716491699,0,4.761904716491699,0,63438.933349609375,128166.43243408203,192.34912109375,100,0,335872,33210380288,8589930496,1916055552,0
200,1737286444157,2100,1623,1253,400,400,1874,1374,1080,1299,400,400,1354,100,2.0202019214630127,0,0,0,0,1,0,1,0,0,0,0,63440.31872558594,128166.8271484375,192.34912109375,100,0,335872,33210380288,8589930496,1916055552,0
200,1737286444357,2100,1886,1435,1500,1975,1953,1500,1366,1500,400,1408,1409,100,0,0,4.761904716491699,0,0,0,0,0,0,0,0,0,63441.78839111328,128167.26489257813,192.34912109375,100.41841125488281,0,335872,33210380288,8589930496,1916055552,0
200,1737286444557,2100,1916,1431,1392,2003,2100,1451,1490,1457,1450,1356,1316,100,0,0,0,0,0,0,0,0,0,0,0,0,63443.134765625,128167.63836669922,192.34912109375,100.41841125488281,0,335872,33210380288,8589930496,1916055552,0
200,1737286444757,2099,2079,1465,400,2100,2100,1404,1328,1404,1447,1393,1451,100,0,0,0,4.761904716491699,0,0,0,0,0,0,0,0,63444.530212402344,128168.20965576172,192.34912109375,95,0,335872,33210380288,8589930496,1916055552,0
200,1737286444957,2099,1525,1097,400,400,1709,1424,1500,1500,400,1043,1036,100,0,0,0,0,0,0,0,0,0,0,0,0,63445.92639160156,128168.83825683594,192.34912109375,100.41841125488281,0,335872,33210380288,8589930496,1916055552,0
200,1737286445158,2100,2024,1500,1237,1666,400,1461,1465,1454,1349,400,1242,100,0,5,0,0,0,0,0,4.761904716491699,0,0,0,0,63447.328186035156,128169.47631835938,192.34912109375,105.8823471069336,0,335872,33210380288,8589930496,1916055552,0
200,1737286445358,2100,538,1129,1234,1388,400,1352,1427,1366,1500,836,909,100,0,5,0,0,0,0,0,4.761904716491699,0,0,0,0,63448.70477294922,128170.10095214844,192.34912109375,100,0,335872,33210380288,8589930496,1916055552,0
200,1737286445558,2099,730,1024,400,891,400,400,1469,1499,400,1328,1188,100,0,0,4.761904716491699,5,0,4.761904716491699,5,0,0,4.761904716491699,0,0,63450.084899902344,128170.72589111328,192.34912109375,95.39749145507813,0,335872,33210380288,8589930496,1916055552,0
200,1737286445758,2099,2100,1393,1382,1965,2100,1428,1500,1043,400,1457,1483,100,0,0,0,0,4.761904716491699,0,0,0,0,0,0,0,63451.477966308594,128171.2177734375,192.34912109375,105.4393310546875,0,335872,33210380288,8589930496,1916055552,0
200,1737286445958,2099,1997,1445,1499,1849,2100,1350,1341,1477,1456,1457,1499,100,0,0,0,0,4.761904716491699,0,0,0,0,0,0,0,63452.92810058594,128171.64758300781,192.34912109375,99.58505249023438,0,335872,33210380288,8589930496,1916055552,0
200,1737286446158,2100,1834,1433,1500,1935,1880,1166,1293,1329,1410,400,1411,100,0,0,0,0,0,0,0,0,0,0,0,0,63454.585998535156,128172.19543457031,192.34912109375,100,0,335872,33210380288,8589930496,1916055552,0
200,1737286446359,2100,1476,1056,400,1590,1943,1399,1407,1430,1386,400,400,100,0,0,0,0,0,0,0,0,0,0,0,0,63456.245849609375,128172.76586914063,192.34912109375,100.41841125488281,0,335872,33210380288,8589930496,1916055552,0
200,1737286446559,1987,1271,1397,1424,400,1923,400,1057,1176,400,400,1453,100,0,0,0,0,0,0,0,0,0,0,0,0,63457.98547363281,128173.38415527344,192.34912109375,100.41841125488281,0,335872,33210380288,8589930496,1916055552,0
199,1737286446759,2100,2100,1294,400,2099,2031,1431,1309,1500,1500,1277,400,100,4.761904716491699,0,0,0,0,0,0,0,4.761904716491699,0,0,0,63459.345642089844,128173.755859375,192.34912109375,100.41841125488281,0,335872,33210380288,8589930496,1916055552,0
200,1737286446959,2099,2100,1474,1467,1980,1941,1363,1331,1319,1324,1439,1406,100,0,0,0,0,0,0,0,0,0,0,0,0,63460.7548828125,128174.1694946289,192.34912109375,100.41841125488281,0,335872,33210380288,8589930496,1916055552,0
200,1737286447159,2100,1535,1499,1500,1846,1674,1466,1481,1500,1464,1499,1400,100,0,4.761904716491699,0,0,0,4.761904716491699,0,0,0,0,0,0,63462.20227050781,128174.59375,192.34912109375,100,0,335872,33210380288,8589930496,1916055552,0
199,1737286447359,2100,1753,1359,1368,1696,1994,1463,1447,1500,1394,1140,1110,100,0,4.761904716491699,0,0,0,4.761904716491699,0,0,0,0,0,0,63463.552001953125,128174.96990966797,192.34912109375,100,0,335872,33210380288,8589930496,1916051456,0
200,1737286447559,2100,2100,1413,1471,1990,1947,1402,1419,1424,1450,1406,1416,100,5,0,0,0,0,0,0,0,0,0,4.761904716491699,0,63464.954833984375,128175.54791259766,192.34912109375,100.41841125488281,0,335872,33210380288,8589930496,1916051456,0
200,1737286447760,2099,2025,1428,1440,1836,2100,1382,1369,1453,1473,1394,400,100,5,0,0,0,0,0,0,0,0,0,4.761904716491699,0,63466.34240722656,128176.1767578125,192.34912109375,47.79874038696289,0,335872,33210380288,8589930496,1916051456,0
200,1737286447960,2100,2092,1460,1459,1979,1931,1441,1328,1445,1446,1340,1458,100,5,0,0,0,0,0,0,0,0,0,4.761904716491699,0,63467.72998046875,128176.80480957031,192.34912109375,50.31446838378906,0,335872,33210380288,8589930496,1916051456,0
200,1737286448160,2100,1318,1354,1360,1776,1821,1345,1393,1399,1460,400,400,100,0,0,0,0,0,0,0,0,0,0,0,0,63469.10955810547,128177.43103027344,192.34912109375,104.5643081665039,0,335872,33210380288,8589930496,1916051456,0
200,1737286448360,2100,1508,1182,1209,1818,1827,1183,1282,1263,1039,1388,1212,100,0,0,0,4.761904716491699,4.761904716491699,0,0,4.761904716491699,0,0,0,0,63470.4892578125,128178.05462646484,192.34912109375,95.7983169555664,0,335872,33210380288,8589930496,1916051456,0
200,1737286448560,2100,2100,1367,1370,1750,1997,1474,1384,1424,1444,1291,1321,100,0,4.761904716491699,0,4.761904716491699,0,4.761904716491699,4.761904716491699,0,4.761904716491699,0,0,0,63471.88513183594,128178.52307128906,192.34912109375,104.99999237060547,0,335872,33210380288,8589930496,1916051456,0
200,1737286448761,2099,2083,1499,1499,2100,2094,1500,1500,1500,1500,1499,1499,100,0,0,0,0,0,0,0,0,0,0,0,0,63473.349548339844,128178.96545410156,192.34912109375,99.58505249023438,0,335872,33210380288,8589930496,1916051456,0
200,1737286448961,2100,1464,1364,1393,1967,1955,1399,1397,1365,1381,1341,1500,100,0,0,0,0,0,0,0,0,0,0,0,0,63475.02478027344,128179.52630615234,192.34912109375,100.41841125488281,0,335872,33210380288,8589930496,1916051456,0
200,1737286449161,2100,1607,1331,1299,1911,400,1181,1155,1213,1164,400,1420,100,0,0,0,0,0,0,0,0,0,0,0,0,63476.694274902344,128180.10052490234,192.34912109375,50.209205627441406,0,335872,33210380288,8589930496,1916051456,0
200,1737286449361,2099,570,1500,1499,1950,1328,1365,1473,1499,1476,1306,1357,100,0,0,0,0,0,0,0,0,0,0,0,0,63478.399841308594,128180.6976928711,192.34912109375,99.1735610961914,0,335872,33210380288,8589930496,1916051456,0
200,1737286449561,2099,1919,1447,1459,1860,1980,1232,1337,1270,1288,1499,1461,100,1.2658227682113647,1.25,0,0,0,0,0,0,1.25,2.4691357612609863,1.2345678806304932,0,63479.758239746094,128181.0786743164,192.34912109375,99.1735610961914,0,335872,33210380288,8589930496,1916051456,0
200,1737286449761,2099,1914,1018,1205,1710,1616,1499,1369,1484,1469,400,1238,100,1.2658227682113647,1.25,0,0,0,0,0,0,1.25,2.4691357612609863,1.2345678806304932,0,63481.180603027344,128181.49206542969,192.34912109375,100.41841125488281,0,335872,33210380288,8589930496,1916051456,0
200,1737286449962,2100,2010,1428,1240,1942,2100,1413,1421,1347,1397,1174,1406,100,0,0,0,0,4.761904716491699,0,5,0,0,0,0,0,63482.596130371094,128181.90405273438,192.34912109375,100.41841125488281,0,335872,33210380288,8589930496,1916051456,0
199,1737286450162,2100,1686,1304,1319,1953,1826,1373,1326,1270,1390,1261,1326,100,0,0,0,0,4.761904716491699,0,5,0,0,0,0,0,63483.94836425781,128182.27966308594,192.34912109375,50.10437774658203,0,335872,33210380288,8589930496,1916051456,0
200,1737286450362,2100,2042,1424,1402,1607,1781,1343,1341,1340,1292,400,1480,100,0,0,1.6393442153930664,0,0,0,0,1.6666667461395264,0,0,0,0,63485.34509277344,128182.87908935547,192.34912109375,47.59916305541992,0,335872,33210380288,8589930496,1916051456,0
200,1737286450562,2100,1401,400,1499,2100,1973,1370,1256,1474,1499,400,1330,100,0,0,4.761904716491699,5,0,0,0,0,0,0,0,0,63486.735412597656,128183.50701904297,192.34912109375,100,0,335872,33210380288,8589930496,1916051456,0
200,1737286450762,2100,1957,1448,1414,1478,1936,1472,1435,1438,1500,1500,400,100,0,0,4.761904716491699,5,0,0,0,0,0,0,0,0,63488.11926269531,128184.13305664063,192.34979248046875,104.99999237060547,0,335872,33210380288,8589930496,1916051456,0
200,1737286450962,2100,2006,1466,1495,2100,2100,1473,1434,1473,1473,1365,1343,100,0,0,4.761904716491699,5,0,0,0,0,0,0,0,0,63489.49841308594,128184.76220703125,192.34979248046875,50.31446838378906,0,335872,33210380288,8589930496,1916051456,0
200,1737286451163,2100,1870,1471,1466,1358,1629,1500,1471,1477,1420,1500,1452,100,0,0,4.761904716491699,5,0,0,0,0,0,0,0,0,63490.893615722656,128185.39855957031,192.34979248046875,100,0,335872,33210380288,8589930496,1916051456,0
200,1737286451363,2099,517,729,400,400,1954,1372,1312,1306,1357,693,400,100,0,0,4.761904716491699,5,0,0,0,0,0,0,0,0,63492.27459716797,128185.82916259766,192.34979248046875,100.41841125488281,0,335872,33210380288,8589930496,1916051456,0
200,1737286451563,2100,1783,400,400,1897,1814,1373,1380,1300,1358,723,848,100,0,0,4.761904716491699,5,0,0,0,0,0,0,0,0,63493.74249267578,128186.27368164063,192.34979248046875,100.41841125488281,0,335872,33210380288,8589930496,1916051456,0
200,1737286451763,2100,1812,1424,1226,1863,962,1426,1499,1465,1428,1500,1359,100,0,0,4.761904716491699,5,0,0,0,0,0,0,0,0,63495.44512939453,128186.8588256836,192.34979248046875,99.1735610961914,0,335872,33210380288,8589930496,1916051456,0
200,1737286451963,2100,1503,1441,1411,1712,1586,1473,1478,1500,1425,1398,1418,100,0,0,4.761904716491699,5,0,0,0,0,0,0,0,0,63497.107482910156,128187.42700195313,192.34979248046875,100.41841125488281,0,335872,33210380288,8589930496,1916051456,0
200,1737286452164,2100,1752,1474,1456,1950,1929,1465,1476,1500,1472,1370,1500,100,0,0,4.761904716491699,5,0,0,0,0,0,0,0,0,63498.73114013672,128187.98162841797,192.34979248046875,100.41841125488281,0,335872,33210380288,8589930496,1916047360,0
200,1737286452364,2100,2038,1324,1381,1895,1681,1414,1405,1378,1396,1196,1292,100,0,0,4.761904716491699,5,0,0,0,0,0,0,0,0,63500.114318847656,128188.37725830078,192.34979248046875,50.10437774658203,0,335872,33210380288,8589930496,1916047360,0
200,1737286452564,2100,2100,1464,1473,2100,2100,1500,1386,1379,1382,699,1418,100,0,0,4.761904716491699,5,0,0,0,0,0,0,0,0,63501.5302734375,128188.79077148438,192.34979248046875,100.41841125488281,0,335872,33210380288,8589930496,1916047360,0
200,1737286452764,2100,1720,1461,1500,2100,1895,1500,1421,1455,1500,1321,1323,100,0,0,4.761904716491699,5,0,0,0,0,0,0,0,0,63502.92938232422,128189.19458007813,192.34979248046875,100,0,335872,33210380288,8589930496,1916047360,0
200,1737286452964,2072,2000,1500,1459,2099,2099,1500,1500,1499,1499,1382,400,100,0,0,4.761904716491699,5,0,0,0,0,0,0,0,0,63504.30224609375,128189.58581542969,192.34979248046875,100.41841125488281,0,335872,33210380288,8589930496,1916047360,0
200,1737286453164,2100,1762,1478,1480,1924,1935,1390,1412,1355,1394,1378,1439,100,0.7905138731002808,0.38461539149284363,0,0.38461539149284363,0.7692307829856873,1.1494252681732178,0.7692307829856873,0.3861003816127777,0.7692307829856873,0,0.38461539149284363,0,63505.679138183594,128190.20904541016,192.34979248046875,100.41841125488281,0,335872,33210380288,8589930496,1916047360,0
200,1737286453365,2100,2050,1473,1474,1976,2100,1448,1280,1402,1457,1380,1434,100,0,0,0,5,0,0,0,0,0,4.761904716491699,0,0,63507.05877685547,128190.83447265625,192.34979248046875,100.41841125488281,0,335872,33210380288,8589930496,1916047360,0
200,1737286453565,2100,2047,1404,1409,1444,1932,1451,1312,1391,1460,1357,1398,100,0,0,0,0,0,0,0,4.761904716491699,0,0,5,0,63508.45080566406,128191.47229003906,192.34979248046875,100.41841125488281,0,335872,33210380288,8589930496,1916047360,0
200,1737286453765,2100,1912,1461,1381,1593,1945,1286,1304,1319,1328,1371,1458,100,0,0,0,0,0,0,0,4.761904716491699,0,0,5,0,63509.82733154297,128192.09857177734,192.34979248046875,100.41841125488281,0,335872,33210380288,8589930496,1916047360,0
200,1737286453965,2100,2033,1418,1469,1875,1356,1307,1299,1324,1318,1297,1294,100,0,0,0,0,4.761904716491699,0,0,4.761904716491699,0,0,0,0,63511.211364746094,128192.72912597656,192.34979248046875,100.41841125488281,0,335872,33210380288,8589930496,1916047360,0
200,1737286454165,2100,1696,1462,1499,1950,1889,1435,1499,1468,1468,1500,1338,100,5,0,4.761904716491699,0,0,0,0,0,0,0,0,0,63512.58074951172,128193.14758300781,192.34979248046875,100,0,335872,33210380288,8589930496,1916047360,0
200,1737286454365,2100,1944,1417,1476,1904,2100,1442,1439,1434,1474,1423,1422,100,5,0,4.761904716491699,0,0,0,0,0,0,0,0,0,63514.07110595703,128193.60705566406,192.34979248046875,100,0,335872,33210380288,8589930496,1916047360,0
200,1737286454566,2100,1879,1426,1404,1917,1928,1449,1499,1472,1437,1168,1422,100,5,0,4.761904716491699,0,0,0,0,0,0,0,0,0,63515.76544189453,128194.18713378906,192.34979248046875,50.209205627441406,0,335872,33210380288,8589930496,1916047360,0
200,1737286454766,2100,1909,1322,1374,1909,400,400,400,400,400,1284,1338,100,5,0,4.761904716491699,0,0,0,0,0,0,0,0,0,63517.42736816406,128194.755859375,192.34979248046875,100.41841125488281,0,335872,33210380288,8589930496,1916047360,0
200,1737286454966,2100,2100,1500,1500,2099,2100,1351,1401,1376,1404,1500,1475,100,5,0,4.761904716491699,0,0,0,0,0,0,0,0,0,63519.050842285156,128195.31439208984,192.34979248046875,100.41841125488281,0,335872,33210380288,8589930496,1916047360,0
200,1737286455166,2100,1546,1500,1475,1731,1798,1477,1417,1484,1476,1417,1470,100,5,0,4.761904716491699,0,0,0,0,0,0,0,0,0,63520.424560546875,128195.69909667969,192.34979248046875,100,0,335872,33210380288,8589930496,1916047360,0
200,1737286455366,2100,673,1356,1319,1311,1988,1447,1500,1500,1290,1420,1311,100,5,0,4.761904716491699,0,0,0,0,0,0,0,0,0,63521.84844970703,128196.11987304688,192.34979248046875,100.41841125488281,0,335872,33210380288,8589930496,1916047360,0
200,1737286455566,2100,1998,1391,1443,1573,1608,1470,1466,1430,1500,1421,1410,100,5,0,4.761904716491699,0,0,0,0,0,0,0,0,0,63523.23809814453,128196.5180053711,192.34979248046875,100,0,335872,33210380288,8589930496,1916047360,0
200,1737286455767,2100,2035,1336,1227,1837,1936,1406,1196,1442,1426,1196,1392,100,5,0,4.761904716491699,0,0,0,0,0,0,0,0,0,63524.61444091797,128196.91467285156,192.34979248046875,100.41841125488281,0,335872,33210380288,8589930496,1916047360,0
200,1737286455967,2100,1972,1429,1431,1877,1906,1344,1358,1349,1354,400,1425,100,5,0,4.761904716491699,0,0,0,0,0,0,0,0,0,63525.994873046875,128197.54327392578,192.34979248046875,100.41841125488281,0,335872,33210380288,8589930496,1916047360,0
200,1737286456167,2100,1594,1274,1429,1925,1627,1455,1361,1455,1441,400,1440,100,0.5681818127632141,0.5555555820465088,0.5555555820465088,1.1111111640930176,1.1049723625183105,0.5586591958999634,0.5555555820465088,0.5555555820465088,1.1049723625183105,0.5555555820465088,0.5555555820465088,0,63527.38635253906,128198.17907714844,192.34979248046875,99.58505249023438,0,335872,33210380288,8589930496,1916047360,0
200,1737286456367,2100,2100,1500,1476,2099,2099,1499,1499,1453,1499,400,1481,100,0,0,0,0,0,0,0,0,0,0,0,0,63528.779296875,128198.80688476563,192.34979248046875,105.4393310546875,0,335872,33210380288,8589930496,1916047360,0
199,1737286456567,2100,1858,1451,1476,2100,1976,1398,1450,1459,1396,1425,400,100,0,0,0,0,0,4.761904716491699,0,0,0,0,0,0,63530.160583496094,128199.44494628906,192.34979248046875,100.84033203125,0,335872,33210380288,8589930496,1916047360,0
200,1737286456767,2099,2100,400,1414,1963,2074,1377,1413,1396,400,1400,1429,100,0,0,0,0,0,4.761904716491699,0,0,0,0,0,0,63531.536071777344,128200.06903076172,192.34979248046875,95.39749145507813,0,335872,33210380288,8589930496,1916047360,0
200,1737286456968,2100,1952,1472,1453,1952,2099,1444,1500,1467,1437,1379,1443,100,0,0,0,0,0,0,4.761904716491699,0,0,0,0,0,63532.92858886719,128200.47314453125,192.34979248046875,100.84033203125,0,335872,33210380288,8589930496,1916047360,0
200,1737286457168,2100,958,400,400,1907,1578,1298,400,400,400,400,1167,100,0,0,0,0,0,0,4.761904716491699,0,0,0,0,0,63534.42938232422,128200.93560791016,192.34979248046875,99.58505249023438,0,335872,33210380288,8589930496,1916047360,0
200,1737286457368,2100,1981,1368,1473,1869,2100,1441,1400,1499,1365,1454,1499,100,0,0,0,0,0,0,4.761904716491699,0,0,0,0,0,63536.1455078125,128201.53942871094,192.34979248046875,50.10437774658203,0,335872,33210380288,8589930496,1916047360,0
200,1737286457568,2100,2100,1457,1316,2100,2100,1458,1500,1449,1460,400,1353,100,0,0,0,0,0,0,4.761904716491699,0,0,0,0,0,63537.78063964844,128202.08654785156,192.34979248046875,100.41841125488281,0,335872,33210380288,8589930496,1916047360,0
200,1737286457768,2100,2039,1094,1027,1773,1911,400,1500,1454,400,1133,1423,100,0,0,0,0,0,0,4.761904716491699,0,0,0,0,0,63539.36346435547,128202.61688232422,192.34979248046875,100.41841125488281,0,335872,33210380288,8589930496,1916047360,0
200,1737286457969,2100,2023,1429,400,1892,2100,1500,1499,1500,1456,1499,400,100,0,0,0,0,0,0,4.761904716491699,0,0,0,0,0,63540.75128173828,128203.01275634766,192.34979248046875,100,0,335872,33210380288,8589930496,1916047360,0
200,1737286458169,2100,1885,1362,1490,2100,1964,1500,1300,1500,1411,1446,400,100,0.8547009229660034,0.8264462351799011,0.8264462351799011,0.8333333730697632,0.8333333730697632,0,0,0,0,0.8333333730697632,0.8333333730697632,0,63542.184997558594,128203.42987060547,192.34979248046875,100,0,335872,33210380288,8589930496,1916047360,0
200,1737286458369,2100,2099,400,1500,2018,2099,1500,1500,400,1499,1476,1482,100,0,0,0,0,0,0,5,0,0,0,0,0,63543.549865722656,128203.81951904297,192.34979248046875,100.41841125488281,0,335872,33210380288,8589930496,1916035072,0
200,1737286458569,2099,1202,400,400,400,400,400,400,400,400,400,1296,100,0,0,0,0,0,0,5,0,0,0,0,0,63544.92297363281,128204.23553466797,192.34979248046875,104.99999237060547,0,335872,33210380288,8589930496,1916035072,0
200,1737286458769,2100,1592,1137,1177,2029,1822,1499,1499,1361,1465,1412,1389,100,0,0,0,0,0,0,0,0,0,0,0,0,63546.31268310547,128204.86737060547,192.34979248046875,100.41841125488281,0,335872,33210380288,8589930496,1916035072,0
200,1737286458969,2100,2100,1397,1417,2100,1960,1409,1432,1457,1473,1304,1417,100,0,0,0,0,0,0,0,0,0,0,0,0,63547.681091308594,128205.48620605469,192.34979248046875,100,0,335872,33210380288,8589930496,1916035072,0
200,1737286459170,2100,1533,1285,1390,1819,2100,1166,1285,1413,1409,400,1338,100,0,0,0,0,0,0,0,0,0,0,0,0,63549.071716308594,128206.12219238281,192.34979248046875,50.209205627441406,0,335872,33210380288,8589930496,1916035072,0
200,1737286459370,2100,1953,1442,1422,1875,1917,1375,1330,1381,1392,400,400,100,0,0,0,0,0,0,0,0,0,0,0,0,63550.45343017578,128206.75274658203,192.34979248046875,50.209205627441406,0,335872,33210380288,8589930496,1916035072,0
200,1737286459570,2100,1722,1350,400,400,1893,985,400,400,400,1435,1499,100,0,0,0,0,0,4.761904716491699,0,0,0,0,0,0,63551.829650878906,128207.35345458984,192.34979248046875,95.39749145507813,0,335872,33210380288,8589930496,1916035072,0
200,1737286459770,2100,1104,1499,1221,1788,1679,400,1061,1066,1422,836,989,100,0,4.761904716491699,0,0,0,0,0,4.761904716491699,4.761904716491699,0,0,0,63553.224548339844,128207.75549316406,192.34979248046875,100.41841125488281,0,335872,33210380288,8589930496,1916035072,0
200,1737286459970,2100,1903,1445,1409,1966,1914,1500,1408,1499,1500,1295,1313,100,5,0,0,0,0,0,0,0,0,4.761904716491699,0,0,63554.77197265625,128208.24591064453,192.34979248046875,105.4393310546875,0,335872,33210380288,8589930496,1916035072,0
200,1737286460171,2100,1665,1468,1500,1983,400,1500,1444,1499,400,1499,1499,100,0,0,0,0,0,0,0,0,0,0,0,0,63556.47131347656,128208.8402709961,192.34979248046875,99.1735610961914,0,335872,33210380288,8589930496,1916035072,0
200,1737286460371,2099,1852,1433,1474,2099,2100,1499,1499,1500,1500,1349,1435,100,0,0,0,0,5,0,4.761904716491699,0,0,0,0,0,63558.118713378906,128209.39044189453,192.34979248046875,100.41841125488281,0,335872,33210380288,8589930496,1916035072,0
200,1737286460571,2100,1990,1469,1477,1891,1889,1500,1500,400,1500,1500,1413,100,0,0,0,0,0,0,0,0,0,0,0,0,63559.66290283203,128209.89947509766,192.34979248046875,100,0,335872,33210380288,8589930496,1916035072,0
199,1737286460771,2100,1983,1392,1423,2100,1993,1478,1462,1475,1444,1500,1500,100,0,0,0,0,0,0,0,0,0,0,0,0,63561.054138183594,128210.29809570313,192.3504638671875,100.84033203125,0,335872,33210380288,8589930496,1916035072,0
200,1737286460971,2100,444,1176,1200,506,1903,1499,1499,1122,1499,1182,1254,100,0,0,0,0,0,0,0,0,0,0,0,0,63562.52380371094,128210.73529052734,192.3504638671875,100,0,335872,33210380288,8589930496,1916035072,0
200,1737286461171,2100,1943,1472,1461,2099,1943,1428,1474,1433,1480,1461,1370,100,0,0,0,0,0,0,0,0,0,0,0,0,63563.869873046875,128211.10925292969,192.3504638671875,100.41841125488281,0,335872,33210380288,8589930496,1916035072,0
200,1737286461372,2099,2004,1467,1405,1778,1304,1324,1367,1393,1386,1442,1076,100,0,0,0,0,0,0,0,0,0,0,0,0,63565.27001953125,128211.56744384766,192.3504638671875,50.209205627441406,0,335872,33210380288,8589930496,1916035072,0
200,1737286461572,2099,1528,1424,400,797,1953,1431,1445,1431,1438,1461,1411,100,0,0,0,0,0,0,0,0,0,0,0,0,63566.66375732422,128212.19927978516,192.3504638671875,50.209205627441406,0,335872,33210380288,8589930496,1916035072,0
200,1737286461772,2100,526,400,400,1918,1360,1238,1231,1314,400,400,400,100,0,0,0,0,0,0,0,4.761904716491699,0,0,0,0,63568.04895019531,128212.82861328125,192.3504638671875,100.41841125488281,0,335872,33210380288,8589930496,1916035072,0
200,1737286461972,2100,1583,1288,1273,1885,1866,1403,1256,1277,1308,400,1267,100,0,0,0,0,0,0,0,4.761904716491699,0,0,0,0,63569.43133544922,128213.4555053711,192.3504638671875,100.41841125488281,0,335872,33210380288,8589930496,1916035072,0
200,1737286462172,2100,2100,1478,1477,2100,2100,1499,1500,1500,1478,1499,1498,100,0,0,0,0,0,0,0,4.761904716491699,0,0,0,0,63570.81774902344,128214.08349609375,192.3504638671875,47.59916305541992,0,335872,33210380288,8589930496,1916035072,0
200,1737286462372,2099,1982,1427,1454,1923,2100,1363,1282,1262,1270,400,400,100,0,0,0,0,0,0,0,4.761904716491699,0,0,0,0,63572.197265625,128214.6831665039,192.3504638671875,99.58505249023438,0,335872,33210380288,8589930496,1916035072,0
200,1737286462573,2100,1947,1438,1417,2100,1954,1414,1464,1451,1416,1352,1167,100,2.5,0,0,0,1.2345678806304932,0,1.2345678806304932,0,1.25,0,1.2345678806304932,0,63573.616455078125,128215.09637451172,192.3504638671875,99.58505249023438,0,335872,33210380288,8589930496,1916035072,0
199,1737286462773,2100,2100,1180,1084,400,1788,400,400,400,400,1158,400,100,0,0,0,0,0,0,0,0,0,4.761904716491699,0,0,63575.16033935547,128215.58489990234,192.3504638671875,101.26582336425781,0,335872,33210380288,8589930496,1916035072,0
200,1737286462973,2100,1998,400,1459,1829,1729,1300,1269,1305,1315,400,400,100,0,0,0,0,0,0,0,0,0,4.761904716491699,0,0,63576.8564453125,128216.17736816406,192.3504638671875,100,0,335872,33210380288,8589930496,1916035072,0
200,1737286463173,2100,2100,400,1477,2100,2099,1381,1500,1499,400,806,400,100,0,0,0,0,0,0,4.761904716491699,0,0,0,0,0,63578.52941894531,128216.73651123047,192.3504638671875,100,0,335872,33210380288,8589930496,1916035072,0
200,1737286463373,2100,2007,1500,1221,1982,2100,1445,1440,1476,1471,1452,1265,100,0,0,0,0,0,0,0,0,0,0,0,0,63580.07635498047,128217.24450683594,192.3504638671875,100.41841125488281,0,335872,33210380288,8589930496,1916035072,0
200,1737286463573,2100,1991,1449,400,400,1826,1469,1390,1474,1442,1216,1288,100,0,4.761904716491699,0,0,0,0,0,0,0,0,0,0,63581.460876464844,128217.63775634766,192.3504638671875,105.8823471069336,0,335872,33210380288,8589930496,1916035072,0
200,1737286463774,2100,2100,1410,1329,1952,1961,1450,1439,1491,1471,1389,1390,100,0,4.761904716491699,0,0,0,0,0,0,0,0,0,0,63582.919982910156,128218.06884765625,192.3504638671875,100,0,335872,33210380288,8589930496,1916035072,0
200,1737286463974,2100,2100,1332,1435,1978,1903,1308,1190,1105,1102,1270,1447,100,0,0,0,0,0,4.761904716491699,0,0,0,0,0,0,63584.288818359375,128218.46044921875,192.3504638671875,100.41841125488281,0,335872,33210380288,8589930496,1916035072,0
200,1737286464174,2100,495,400,400,400,400,1381,1426,1287,1188,937,1290,100,0,0,0,0,0,0,0,0,0,0,0,0,63585.677001953125,128218.91485595703,192.3504638671875,100.41841125488281,0,335872,33210380288,8589930496,1916035072,0
200,1737286464374,2100,1551,1317,1231,1533,1876,1499,1425,1328,1346,804,1141,100,0,0,0,0,0,0,0,0,0,0,0,0,63587.06689453125,128219.54382324219,192.3504638671875,100,0,335872,33210380288,8589930496,1916035072,0
200,1737286464574,2099,438,400,1109,1718,950,400,1320,400,400,400,1026,100,0,0,0,0,0,0,0,0,0,0,0,0,63588.448303222656,128220.16870117188,192.3504638671875,50.209205627441406,0,335872,33210380288,8589930496,1916035072,0
200,1737286464774,2099,708,400,917,400,1424,400,400,400,400,400,400,100,0,0,0,0,0,0,0,0,0,0,0,0,63589.8349609375,128220.79711914063,192.3504638671875,95,0,335872,33210380288,8589930496,1916035072,0
200,1737286464975,2099,1847,1499,1480,1927,1901,1500,1478,1456,1468,1474,1467,100,0,0,0,0,0,0,0,0,0,0,0,0,63591.22106933594,128221.4248046875,192.3504638671875,105.4393310546875,0,335872,33210380288,8589930496,1916035072,0
200,1737286465175,2100,2100,815,1487,2099,2100,1499,1500,1500,1500,1419,1470,100,0,0,0,0,0,0,0,0,0,0,0,0,63592.60467529297,128222.00109863281,192.3504638671875,100,0,335872,33210380288,8589930496,1916035072,0
200,1737286465375,2099,1951,1500,1481,1827,1865,1499,1451,1485,1455,1447,1454,100,0,0,0,0,0,0,0,0,0,0,0,0,63594.015686035156,128222.40844726563,192.3504638671875,100,0,335872,33210380288,8589930496,1916035072,0
199,1737286465575,2100,1909,1393,1209,1859,1971,1404,1399,1380,1360,1426,1258,100,0,0,0,0,0,0,0,0,0,0,0,0,63595.59454345703,128222.91320800781,192.3504638671875,100.41841125488281,0,335872,33210380288,8589930496,1916035072,0
200,1737286465775,2100,1995,1435,1173,1641,1978,1477,1365,1439,1499,1052,1187,100,0,0,0,0,0,0,0,0,0,0,0,0,63597.2666015625,128223.49114990234,192.3504638671875,100,0,335872,33210380288,8589930496,1916035072,0
200,1737286465975,2100,1840,1423,1408,1953,2100,1133,1188,1252,1239,1403,1446,100,0,0,0,0,0,0,0,0,0,0,0,0,63598.96252441406,128224.06719970703,192.3504638671875,100.41841125488281,0,335872,33210380288,8589930496,1916035072,0
200,1737286466176,2100,1942,1301,1360,2100,1962,1388,1280,1386,1468,1420,1456,100,0.5128205418586731,0.5,1,0.9950248599052429,0.9950248599052429,1,0.5,0.5025125741958618,0.5,0.5,0.9950248599052429,0,63600.46472167969,128224.55407714844,192.3504638671875,100.41841125488281,0,335872,33210380288,8589930496,1916035072,0
199,1737286466376,2099,400,400,835,1952,1125,1378,1346,1435,1440,400,400,100,0,0,0,0,0,0,0,0,4.761904716491699,0,0,0,63601.85760498047,128224.95068359375,192.3504638671875,100.41841125488281,0,335872,33210380288,8589930496,1916035072,0
200,1737286466576,2100,2033,1254,1442,1769,1912,1435,1351,1452,1407,1279,1341,100,0,0,0,0,0,0,0,0,4.761904716491699,0,0,0,63603.32012939453,128225.38244628906,192.3504638671875,100.41841125488281,0,335872,33210380288,8589930496,1916035072,0
200,1737286466776,2100,2099,1500,1372,1935,2100,1391,1499,1372,1441,1340,1399,100,4.761904716491699,0,0,0,4.761904716491699,0,0,0,0,0,0,0,63604.67041015625,128225.76013183594,192.3504638671875,100.41841125488281,0,335872,33210380288,8589930496,1916035072,0
200,1737286466976,2100,1868,1436,1454,1720,1815,1476,1455,1499,1500,1339,1469,100,0,0,0,0,0,0,0,0,0,0,0,0,63606.06335449219,128226.24243164063,192.3504638671875,99.58505249023438,0,335872,33210380288,8589930496,1916035072,0
200,1737286467176,2100,511,400,400,1677,1612,785,1024,1112,1406,477,400,100,0,0,0,0,0,0,0,0,0,0,0,0,63607.454162597656,128226.87231445313,192.3504638671875,100,0,335872,33210380288,8589930496,1916035072,0
200,1737286467376,2100,1790,1361,1398,1902,1876,1449,1499,1474,1500,1327,1465,100,0,0,0,0,0,0,0,0,0,0,0,0,63608.83972167969,128227.49676513672,192.3504638671875,52.71966552734375,0,335872,33210380288,8589930496,1916035072,0
200,1737286467577,2100,2053,1428,1464,2100,1930,1436,1406,1402,1464,1426,1434,100,0,0,0,0,0,0,0,0,0,0,0,0,63610.22790527344,128228.12561035156,192.3504638671875,47.69874572753906,0,335872,33210380288,8589930496,1916035072,0
200,1737286467777,2100,2092,1473,1499,1939,1974,1447,1324,1467,1462,1393,1454,100,0,0,0,0,0,0,0,0,0,0,0,0,63611.62072753906,128228.76208496094,192.3504638671875,50.209205627441406,0,335872,33210380288,8589930496,1916035072,0
200,1737286467977,2100,2008,1375,1377,1858,1963,1441,1354,1403,1378,1074,1422,100,0,0,0,0,0,0,0,0,0,0,0,0,63612.99230957031,128229.3017578125,192.3504638671875,100.41841125488281,0,335872,33210380288,8589930496,1916035072,0
200,1737286468177,2100,2099,400,1472,2100,2100,1499,1339,1465,1500,1292,1426,100,0,0,0,0,0,0,0,0,0,0,0,0,63614.43518066406,128229.72747802734,192.3504638671875,100.84033203125,0,335872,33210380288,8589930496,1916035072,0
200,1737286468377,2100,2100,1480,1409,2100,2100,1499,1500,1499,1500,1401,1423,100,0,0,0,0,0,0,0,0,0,0,0,0,63616.03210449219,128230.2474975586,192.3504638671875,100,0,335872,33210380288,8589930496,1916035072,0
200,1737286468577,2100,2100,1432,400,1808,1905,1432,1342,1256,1289,400,1453,100,0,0,0,0,0,0,0,0,0,0,0,0,63617.7109375,128230.83203125,192.3504638671875,100,0,335872,33210380288,8589930496,1916035072,0
200,1737286468778,2100,1905,1134,1420,1937,1794,1436,1369,1412,1456,999,1139,100,0,0,0,0,0,0,0,0,0,0,0,0,63619.413330078125,128231.41442871094,192.3504638671875,100.41841125488281,0,335872,33210380288,8589930496,1916035072,0
200,1737286468978,2100,1937,1455,1456,1770,1983,1372,1117,1252,1306,1380,1438,100,0,0,0,0,0,0,0,0,0,0,0,0,63620.87060546875,128231.86560058594,192.3504638671875,100.41841125488281,0,335872,33210380288,8589930496,1916035072,0
200,1737286469178,2100,1890,1487,1473,1905,2100,1500,1500,1340,1500,1301,1393,100,0,0,0,0,0,0,0,0,0,4.761904716491699,0,0,63622.26483154297,128232.26678466797,192.3504638671875,100,0,335872,33210380288,8589930496,1916035072,0
199,1737286469378,2100,1987,1461,1440,2100,2100,1383,1400,1466,1386,1436,1446,100,0,0,0,0,0,0,0,0,0,4.761904716491699,0,0,63623.744873046875,128232.70672607422,192.3504638671875,100.41841125488281,0,335872,33210380288,8589930496,1916035072,0
200,1737286469578,2100,2020,1209,1429,1903,1625,1433,1419,1432,1459,400,1177,100,0,0,0,0,0,0,0,0,0,0,0,0,63625.07257080078,128233.07427978516,192.3504638671875,100.41841125488281,0,335872,33210380288,8589930496,1916035072,0
200,1737286469778,2100,1764,1271,1285,1981,1732,1500,1499,1389,1500,855,1436,100,0,4.761904716491699,0,0,0,4.761904716491699,0,0,0,0,0,0,63626.467712402344,128233.58825683594,192.3504638671875,100.41841125488281,0,335872,33210380288,8589930496,1916035072,0
200,1737286469979,2100,2048,1461,1437,1922,1950,1477,1500,1455,1476,1411,1416,100,0,4.761904716491699,0,0,0,4.761904716491699,0,0,0,0,0,0,63627.861389160156,128234.22204589844,192.3504638671875,100.41841125488281,0,335872,33210380288,8589930496,1916035072,0
199,1737286470179,2100,2055,1389,1377,1404,1859,1462,1436,1458,1404,400,1385,100,0,4.761904716491699,0,0,0,4.761904716491699,0,0,0,0,0,0,63629.24523925781,128234.84936523438,192.3504638671875,50.10437774658203,0,335872,33210380288,8589930496,1916035072,0
200,1737286470379,2100,2038,1455,1500,1970,1924,1460,1406,1463,1392,1376,1447,100,0,4.761904716491699,0,0,0,4.761904716491699,0,0,0,0,0,0,63630.63360595703,128235.47790527344,192.3504638671875,52.60960388183594,0,335872,33210380288,8589930496,1916035072,0
200,1737286470579,2100,1858,1435,1458,1936,1905,1448,1365,1454,1358,1182,1437,100,0,0,4.761904716491699,0,0,0,0,0,0,0,0,0,63632.034423828125,128236.11431884766,192.3504638671875,95.39749145507813,0,335872,33210380288,8589930496,1916035072,0
200,1737286470779,2100,1894,400,1342,2100,2099,1500,1348,1440,1441,1334,400,100,0,0,0,0,4.761904716491699,0,0,0,0,0,0,0,63633.402282714844,128236.64721679688,192.3504638671875,105.4393310546875,0,335872,33210380288,8589930496,1916035072,0
200,1737286470979,2100,2100,1500,1484,1941,2014,1499,1499,1499,1500,1403,1437,100,0,0,0,0,0,4.761904716491699,0,0,0,0,0,0,63634.845642089844,128237.07006835938,192.3504638671875,100.41841125488281,0,335872,33210380288,8589930496,1916035072,0
200,1737286471179,2100,1867,1385,1453,1518,1987,1390,1358,1244,1340,1499,1385,100,0,0,0,0,5,0,4.761904716491699,4.761904716491699,0,0,0,0,63636.44323730469,128237.58819580078,192.3504638671875,100.84033203125,0,335872,33210380288,8589930496,1916035072,0
200,1737286471380,2100,1864,400,400,830,1886,1436,1132,1365,1439,929,1261,100,4.761904716491699,0,0,4.761904716491699,0,0,0,0,0,0,0,0,63638.114990234375,128238.1675415039,192.3504638671875,99.58505249023438,0,335872,33210380288,8589930496,1916035072,0
200,1737286471580,2100,1806,1402,1395,1946,1933,1147,1187,1081,1172,1359,1409,100,4.761904716491699,0,0,4.761904716491699,0,0,0,0,0,0,0,0,63639.82092285156,128238.75463867188,192.3504638671875,100.84033203125,0,335872,33210380288,8589930496,1916035072,0
200,1737286471780,2100,2100,1500,1364,2100,2100,804,1386,1403,1499,1173,1499,100,0,0,0,0,0,0,0,0,0,0,0,0,63641.26385498047,128239.1957397461,192.3504638671875,100,0,335872,33210380288,8589930496,1916035072,0
200,1737286471980,2100,1948,1500,1480,1801,1926,1465,1368,1332,1383,1499,1480,100,0,4.545454502105713,0,0,0,0,0,0,0,0,0,0,63642.66467285156,128239.59851074219,192.3504638671875,100.41841125488281,0,335872,33210380288,8589930496,1916035072,0
200,1737286472180,2099,2100,1447,1499,2052,2100,1500,1499,1500,1500,400,1462,100,0,4.545454502105713,0,0,0,0,0,0,0,0,0,0,63644.15594482422,128240.03552246094,192.3504638671875,100.41841125488281,0,335872,33210380288,8589930496,1916035072,0
200,1737286472380,2100,2053,1451,1458,1928,1936,1437,1475,1442,1443,1384,1274,100,0,0,0,0,0,0,0,0,0,0,0,0,63645.479736328125,128240.40795898438,192.3504638671875,100,0,335872,33210380288,8589930496,1916035072,0
200,1737286472581,2100,1915,1305,1292,1335,962,400,1499,1419,1441,1132,1027,100,0,0,0,0,0,0,0,0,0,0,4.761904716491699,0,63646.8759765625,128240.92413330078,192.3504638671875,95.7983169555664,0,335872,33210380288,8589930496,1916035072,0
200,1737286472781,2099,1930,400,400,1409,1792,1431,1382,1448,1500,400,400,100,0,0,0,0,0,0,0,0,0,0,4.761904716491699,0,63648.26251220703,128241.5531616211,192.3504638671875,104.5643081665039,0,335872,33210380288,8589930496,1916035072,0
200,1737286472981,2100,1858,1448,1437,1841,1910,1374,1464,1466,1442,1435,748,100,0,0,0,0,4.761904716491699,0,0,0,0,0,0,0,63649.644958496094,128242.18072509766,192.3504638671875,100.84033203125,0,335872,33210380288,8589930496,1916035072,0
200,1737286473181,2100,1708,1336,1369,1881,1907,1417,1403,1302,1296,1013,1443,100,0,0,0,0,4.761904716491699,0,0,0,0,0,0,0,63651.02770996094,128242.80859375,192.3504638671875,100.41841125488281,0,335872,33210380288,8589930496,1916035072,0
200,1737286473381,2100,835,1501,1499,1686,400,1184,1080,1288,1157,1350,948,100,5,0,0,0,0,0,0,0,4.761904716491699,0,0,0,63652.405822753906,128243.43548583984,192.35113525390625,95,0,335872,33210380288,8589930496,1916035072,0
200,1737286473581,2100,2052,1352,1413,2100,1990,1453,1451,1406,1453,400,1368,100,0,0,0,0,0,0,0,0,0,0,0,0,63653.778869628906,128243.95434570313,192.35113525390625,104.5643081665039,0,335872,33210380288,8589930496,1916035072,0
200,1737286473782,2100,2037,400,921,1651,400,1368,1329,1459,1500,736,400,100,0,0,0,0,0,4.761904716491699,0,0,0,0,0,0,63655.20935058594,128244.37530517578,192.35113525390625,100.41841125488281,0,335872,33210380288,8589930496,1916035072,0
200,1737286473982,2100,1652,400,400,1946,1920,1277,400,1279,1406,400,400,100,0,0,0,0,0,4.761904716491699,0,0,0,0,0,0,63656.818786621094,128244.9077758789,192.35113525390625,100.84033203125,0,335872,33210380288,8589930496,1916035072,0
200,1737286474182,2100,1954,1447,1331,1688,1931,1479,1466,1499,1500,1445,1444,100,0,0,4.761904716491699,0,4.761904716491699,0,5,0,0,0,0,0,63658.492431640625,128245.49505615234,192.35113525390625,100,0,335872,33210380288,8589930496,1916035072,0
200,1737286474382,2100,1892,1321,1479,400,1855,1457,1326,1398,1449,1500,1477,100,0,0,4.761904716491699,0,4.761904716491699,0,5,0,0,0,0,0,63660.19567871094,128246.08361816406,192.35113525390625,99.58505249023438,0,335872,33210380288,8589930496,1916030976,0
200,1737286474582,2099,1861,1415,1464,2100,1975,1373,1353,1386,1251,400,1443,100,5,4.761904716491699,0,0,0,0,4.761904716491699,4.761904716491699,0,0,0,0,63661.607482910156,128246.51165771484,192.35113525390625,100,0,335872,33210380288,8589930496,1916030976,0
200,1737286474783,2100,2037,732,400,2100,400,1243,1217,1404,1322,1017,400,100,5,4.761904716491699,0,0,0,0,4.761904716491699,4.761904716491699,0,0,0,0,63663.003356933594,128246.91162109375,192.35113525390625,50.209205627441406,0,335872,33210380288,8589930496,1916030976,0
200,1737286474983,2100,522,400,400,1935,1957,1305,1381,1232,1344,833,400,100,5,4.761904716491699,0,0,0,0,4.761904716491699,4.761904716491699,0,0,0,0,63664.470275878906,128247.34875488281,192.35113525390625,100.41841125488281,0,335872,33210380288,8589930496,1916030976,0
200,1737286475183,2100,1829,1500,1452,1880,1895,1500,1499,1499,1500,1093,1423,100,5,4.761904716491699,0,0,0,0,4.761904716491699,4.761904716491699,0,0,0,0,63665.78894042969,128247.71160888672,192.35113525390625,100,0,335872,33210380288,8589930496,1916030976,0
200,1737286475383,2100,2001,1500,1452,2100,1979,1500,1500,1500,1500,1447,1466,100,5,4.761904716491699,0,0,0,0,4.761904716491699,4.761904716491699,0,0,0,0,63667.17395019531,128248.24639892578,192.35113525390625,95.39749145507813,0,335872,33210380288,8589930496,1916030976,0
200,1737286475583,2100,2100,1428,1477,1959,2006,1427,1469,1465,1473,1445,1481,100,0.8474576473236084,0.8333333730697632,0,1.6666667461395264,0.8333333730697632,0,0,0.8333333730697632,0.8264462351799011,0.8333333730697632,0,0,63668.55889892578,128248.87878417969,192.35113525390625,100.41841125488281,0,335872,33210380288,8589930496,1916030976,0
200,1737286475783,2100,1985,1382,1468,2001,1973,1467,1499,1466,1458,1456,1472,100,0,0,0,0,0,0,0,0,0,0,4.761904716491699,0,63669.942932128906,128249.50811767578,192.35113525390625,105.4393310546875,0,335872,33210380288,8589930496,1916030976,0
200,1737286475984,2099,1870,1361,1428,1881,1955,1379,1439,1441,1457,1381,1380,100,0,0,0,0,0,0,0,0,0,0,0,0,63671.34240722656,128250.14532470703,192.35113525390625,100.84033203125,0,335872,33210380288,8589930496,1916030976,0
199,1737286476184,2100,1801,1459,1460,1935,1936,1268,1354,400,1357,400,1428,100,0,0,0,0,0,0,0,0,0,0,0,0,63672.73046875,128250.77740478516,192.35113525390625,100,0,335872,33210380288,8589930496,1916030976,0
200,1737286476384,2100,2100,1430,1440,1970,1892,1500,1500,1470,1473,1432,400,100,0,0,0,0,0,4.761904716491699,4.761904716491699,0,0,4.761904716491699,0,0,63674.093017578125,128251.25958251953,192.35113525390625,100.41841125488281,0,335872,33210380288,8589930496,1916030976,0
200,1737286476584,2100,2099,1479,1469,1960,2100,1404,1500,1388,1436,1500,1410,100,0,0,0,0,0,4.761904716491699,4.761904716491699,0,0,4.761904716491699,0,0,63675.54119873047,128251.69262695313,192.35113525390625,99.58505249023438,0,335872,33210380288,8589930496,1916030976,0
200,1737286476784,2099,2027,1298,1448,2100,1830,1422,1364,1389,1448,1368,1286,100,0,0,0,0,0,0,0,0,0,0,0,0,63677.181579589844,128252.23620605469,192.35113525390625,100.84033203125,0,335872,33210380288,8589930496,1916030976,0
200,1737286476985,2099,2055,1500,1499,2032,2100,1499,1500,1499,1500,1499,1500,100,0,0,4.761904716491699,0,0,0,0,0,0,0,0,0,63678.85870361328,128252.82391357422,192.35113525390625,100.41841125488281,0,335872,33210380288,8589930496,1916030976,0
200,1737286477185,2100,532,400,1352,400,1966,1459,1147,1275,400,1421,1358,100,0,0,4.761904716491699,0,0,0,0,0,0,0,0,0,63680.59210205078,128253.43872070313,192.35113525390625,100.41841125488281,0,335872,33210380288,8589930496,1916030976,0
200,1737286477385,2099,1984,1437,1306,1691,1845,1271,1210,1174,1248,1392,1432,100,0,0,5,0,4.761904716491699,0,0,0,0,0,4.761904716491699,0,63681.93243408203,128253.81616210938,192.35113525390625,100.41841125488281,0,335872,33210380288,8589930496,1916030976,0
199,1737286477585,2100,2100,1473,1375,2100,1997,1500,1459,1500,1476,1209,1424,100,0,0,5,0,4.761904716491699,0,0,0,0,0,4.761904716491699,0,63683.323303222656,128254.2173461914,192.35113525390625,50.209205627441406,0,335872,33210380288,8589930496,1916030976,0
200,1737286477785,2100,2055,1428,1322,2100,1840,1480,1414,1437,1479,400,1419,100,0,0,5,0,4.761904716491699,0,0,0,0,0,4.761904716491699,0,63684.77600097656,128254.64862060547,192.35113525390625,100.41841125488281,0,335872,33210380288,8589930496,1916030976,0
199,1737286477985,2100,1465,1421,1383,1691,1701,1499,1461,1471,1473,1355,1437,100,0,0,5,0,4.761904716491699,0,0,0,0,0,4.761904716491699,0,63686.11242675781,128255.01770019531,192.35113525390625,99.58505249023438,0,335872,33210380288,8589930496,1916030976,0
200,1737286478185,2100,1980,1487,1417,2099,2100,1475,1479,1473,1499,400,1416,100,0,0,5,0,4.761904716491699,0,0,0,0,0,4.761904716491699,0,63687.495666503906,128255.58782958984,192.35113525390625,99.58505249023438,0,335872,33210380288,8589930496,1916030976,0
200,1737286478386,2100,2028,1500,1450,1919,1914,1409,1431,1411,1412,1249,400,100,0,0,5,0,4.761904716491699,0,0,0,0,0,4.761904716491699,0,63688.877685546875,128256.21655273438,192.35113525390625,47.8991584777832,0,335872,33210380288,8589930496,1916030976,0
200,1737286478586,2100,1689,1468,1481,1964,1974,1420,1430,1431,1349,1397,400,100,0,0,0,0.7142857313156128,0,0.7142857313156128,0,0.7142857313156128,1.4184396266937256,0,0,0,63690.26593017578,128256.84887695313,192.35113525390625,52.9411735534668,0,335872,33210380288,8589930496,1916030976,0
200,1737286478786,2100,1783,400,400,1803,1619,1331,400,1368,400,400,892,100,5,0,0,0,0,0,0,0,0,0,0,0,63691.659912109375,128257.48400878906,192.35113525390625,100.41841125488281,0,335872,33210380288,8589930496,1916030976,0
200,1737286478986,2100,1911,1415,1413,2100,1848,1500,1500,1377,1134,1148,1333,100,5,0,0,0,0,0,0,0,0,0,0,0,63693.03973388672,128258.10931396484,192.35113525390625,100.41841125488281,0,335872,33210380288,8589930496,1916030976,0
200,1737286479186,2100,2100,1472,1476,2100,2100,1452,1439,1466,1407,1499,1485,100,5,0,0,0,0,0,0,0,0,0,0,0,63694.410705566406,128258.59069824219,192.35113525390625,94.60580444335938,0,335872,33210380288,8589930496,1916030976,0
200,1737286479386,2100,1357,1300,1330,1444,1839,1477,1455,1500,1500,1187,1405,100,0,4.761904716491699,0,4.761904716491699,0,0,4.761904716491699,4.761904716491699,0,4.761904716491699,0,0,63695.84924316406,128259.01354980469,192.35113525390625,100.41841125488281,0,335872,33210380288,8589930496,1916030976,0
200,1737286479587,2100,2100,1343,1371,400,1977,1187,1397,1402,1416,1399,1299,100,0,0,0,0,0,0,0,0,0,0,0,0,63697.496337890625,128259.56091308594,192.35113525390625,100,0,335872,33210380288,8589930496,1916030976,0
200,1737286479787,2100,1960,1396,1500,1961,1992,1369,1397,1360,1401,1499,1499,100,0,0,0,0,0,0,0,0,0,0,0,0,63699.169921875,128260.14233398438,192.35113525390625,100.41841125488281,0,335872,33210380288,8589930496,1916030976,0
200,1737286479987,2099,1792,1500,1499,1802,400,837,1419,400,400,1500,1424,100,0,0,0,0,0,0,0,0,0,0,0,0,63700.89855957031,128260.75518798828,192.35113525390625,99.58505249023438,0,335872,33210380288,8589930496,1916030976,0
200,1737286480187,2100,1809,1479,1482,2020,2014,1499,1396,1387,1360,1410,1406,100,0,0,0,0,0,0,0,0,0,0,0,0,63702.24072265625,128261.126953125,192.35113525390625,50.209205627441406,0,335872,33210380288,8589930496,1916030976,0
200,1737286480387,2100,1902,1500,1499,1165,2009,1361,1449,1348,1388,400,1406,100,0,0,0,0,0,0,0,0,0,0,0,0,63703.630310058594,128261.52490234375,192.35113525390625,105.4393310546875,0,335872,33210380288,8589930496,1916022784,0
200,1737286480587,2099,546,1196,1222,1992,1131,400,1456,1451,1309,1149,1228,100,0,1.2345678806304932,1.25,0,1.25,1.2345678806304932,0,1.2345678806304932,0,0,0,0,63705.075134277344,128261.95471191406,192.35113525390625,100.41841125488281,0,335872,33210380288,8589930496,1916022784,0
200,1737286480788,2099,2020,1282,1279,1960,1975,1332,1288,1375,1374,1455,1449,100,0,1.2345678806304932,1.25,0,1.25,1.2345678806304932,0,1.2345678806304932,0,0,0,0,63706.42333984375,128262.3291015625,192.35113525390625,100,0,335872,33210380288,8589930496,1916022784,0
200,1737286480988,2100,1876,400,1348,1940,1948,1321,1354,1398,1415,1428,1461,100,0,0,0,0,0,4.761904716491699,0,0,0,0,0,0,63707.81726074219,128262.90942382813,192.35113525390625,100.84033203125,0,335872,33210380288,8589930496,1916022784,0
200,1737286481188,2100,1613,1499,1343,1690,1900,1236,1268,1284,1272,1051,1442,100,0,0,0,0,0,0,4.761904716491699,0,0,0,4.761904716491699,0,63709.19891357422,128263.53649902344,192.35113525390625,100.41841125488281,0,335872,33210380288,8589930496,1916022784,0
200,1737286481388,2100,468,1208,915,1793,1823,1291,1284,400,737,400,400,100,0,0,0,4.761904716491699,0,0,0,0,0,0,0,0,63710.585205078125,128264.17138671875,192.35113525390625,100,0,335872,33210380288,8589930496,1916022784,0
200,1737286481588,2100,2044,1479,1480,2100,2100,1479,1499,1455,1500,1469,400,100,0,0,4.761904716491699,0,0,0,0,0,0,0,0,0,63711.96124267578,128264.79571533203,192.35113525390625,100.41841125488281,0,335872,33210380288,8589930496,1916022784,0
200,1737286481789,2100,1991,1419,1201,1854,1659,1471,1472,1499,1474,1420,1393,100,5,0,0,0,0,0,0,0,0,4.761904716491699,0,0,63713.36163330078,128265.43572998047,192.35113525390625,100.41841125488281,0,335872,33210380288,8589930496,1916022784,0
199,1737286481989,2099,2100,1295,1281,1960,1763,1214,1192,1284,1192,1184,1479,100,5,0,0,4.761904716491699,0,0,0,0,0,0,4.761904716491699,0,63714.729736328125,128265.89013671875,192.35113525390625,99.58505249023438,0,335872,33210380288,8589930496,1916022784,0
200,1737286482189,2100,2036,400,400,1954,848,1305,1325,1432,1315,400,400,100,0,0,0,0,0,0,0,0,5,0,0,0,63716.19451904297,128266.33673095703,192.35113525390625,100.41841125488281,0,335872,33210380288,8589930496,1916022784,0
200,1737286482389,2099,2099,1423,1473,2024,2100,1203,1500,992,1396,1459,1410,100,0,0,0,0,4.761904716491699,0,0,0,0,0,0,0,63717.855712890625,128266.89630126953,192.35113525390625,100.41841125488281,0,335872,33210380288,8589930496,1916022784,0
200,1737286482589,2100,1917,1500,1470,1891,1994,1500,1342,1365,1306,1499,1453,100,0,0,0,0,0,0,0,5,4.761904716491699,4.761904716491699,0,0,63719.54034423828,128267.48278808594,192.35113525390625,100.41841125488281,0,335872,33210380288,8589930496,1916022784,0
200,1737286482789,2100,1823,1499,1268,1369,1640,1500,1398,1500,1453,1333,1331,100,0,0,0,0,0,0,0,0,0,0,0,0,63721.22088623047,128268.06866455078,192.35113525390625,99.58505249023438,0,335872,33210380288,8589930496,1916022784,0
200,1737286482990,2100,2100,1436,1470,2037,1882,1499,1500,1443,1500,400,1460,100,0,4.761904716491699,0,0,5,0,9.090909004211426,0,0,0,0,0,63722.578063964844,128268.45587158203,192.35113525390625,100,0,335872,33210380288,8589930496,1916022784,0
200,1737286483190,2099,510,1146,1100,1949,400,1322,400,400,400,1425,1092,100,0,4.761904716491699,0,0,5,0,9.090909004211426,0,0,0,0,0,63723.98718261719,128268.8667602539,192.35113525390625,100,0,335872,33210380288,8589930496,1916022784,0
199,1737286483390,2100,2100,1425,1500,2099,2100,1416,1459,1427,1445,1343,1473,100,5,0,0,0,0,0,0,0,0,0,0,0,63725.403869628906,128269.28009033203,192.351806640625,101.26582336425781,0,335872,33210380288,8589930496,1916022784,0
200,1737286483590,2100,2100,1499,1423,1834,1885,1500,1500,1499,1469,1299,1430,100,5,0,0,0,0,0,0,0,0,0,0,0,63726.76251220703,128269.65838623047,192.351806640625,100,0,335872,33210380288,8589930496,1916022784,0
200,1737286483790,2100,1943,1500,1475,1851,2100,1500,1352,1487,1499,400,1470,100,0,0,0,0,0,0,0,0,0,0,0,0,63728.15557861328,128270.25952148438,192.351806640625,99.58505249023438,0,335872,33210380288,8589930496,1916022784,0
200,1737286483990,2100,1959,1499,1499,2100,2100,1479,1499,1469,1467,1325,1499,100,0,0,0,0,0,5,0,0,0,0,0,0,63729.54473876953,128270.89318847656,192.351806640625,100.84033203125,0,335872,33210380288,8589930496,1916022784,0
200,1737286484190,2100,521,400,400,1480,503,905,400,400,400,400,400,100,0,0,0,0,0,5,0,0,0,0,0,0,63730.92529296875,128271.51574707031,192.351806640625,100.84033203125,0,335872,33210380288,8589930496,1916022784,0
200,1737286484391,2100,2058,1474,1458,1592,1976,1388,1419,1421,1424,1361,1428,100,0,0,0,0,0,5,0,0,0,0,0,0,63732.316162109375,128272.1469116211,192.351806640625,50.31446838378906,0,335872,33210380288,8589930496,1916022784,0
200,1737286484591,2100,2054,1474,1435,1946,1979,1417,1443,1472,1419,1404,1394,100,0,0,0,0,0,5,0,0,0,0,0,0,63733.70166015625,128272.77618408203,192.351806640625,50.31446838378906,0,335872,33210380288,8589930496,1916022784,0
200,1737286484791,2100,1765,1421,1402,1904,1905,1482,1399,1499,1500,1335,1352,100,0,0,4.761904716491699,0,0,0,0,0,0,0,0,0,63735.10461425781,128273.21667480469,192.351806640625,104.99999237060547,0,335872,33210380288,8589930496,1916022784,0
200,1737286484991,2100,1988,1409,1419,1921,2100,1466,1437,1477,1450,1379,1418,100,0,0,4.761904716491699,0,0,0,0,0,0,0,0,0,63736.589782714844,128273.67199707031,192.351806640625,100,0,335872,33210380288,8589930496,1916022784,0
200,1737286485191,2100,1486,1454,1367,1953,1545,400,1473,1440,400,400,1459,100,0,0,4.761904716491699,0,0,0,0,0,0,0,0,0,63738.29376220703,128274.25708007813,192.351806640625,50.209205627441406,0,335872,33210380288,8589930496,1916022784,0
200,1737286485391,2100,1961,1223,1280,400,2100,1395,1405,1491,1383,1055,1085,100,1.6949152946472168,0,0,0,0,0,0,0,0,0,1.6393442153930664,0,63739.946350097656,128274.82165527344,192.351806640625,50.209205627441406,0,335872,33210380288,8589930496,1916022784,0
200,1737286485592,2100,2100,1284,1258,1941,1982,1481,1420,1436,1455,1346,1140,100,1.6949152946472168,0,0,0,0,0,0,0,0,0,1.6393442153930664,0,63741.58953857422,128275.38720703125,192.351806640625,100,0,335872,33210380288,8589930496,1916022784,0
199,1737286485792,2099,2100,1425,1429,1891,2011,1452,1317,1499,1500,1499,1495,100,0,0,0,0,0,0,0,0,0,0,0,0,63742.960876464844,128275.77038574219,192.351806640625,100,0,335872,33210380288,8589930496,1916022784,0
200,1737286485992,2099,1987,1486,1475,1962,2100,1497,1498,1500,1499,1372,1483,100,0,0,0,4.761904716491699,0,0,0,0,4.761904716491699,0,0,0,63744.3828125,128276.18731689453,192.351806640625,100.84033203125,0,335872,33210380288,8589930496,1916022784,0
200,1737286486192,2100,2100,1499,400,2100,1988,1500,1500,1465,1425,1477,1483,100,0,0,0,0,0,0,0,0,0,0,0,0,63745.787658691406,128276.59301757813,192.351806640625,100.41841125488281,0,335872,33210380288,8589930496,1916022784,0
200,1737286486392,2100,1786,1351,1480,1873,1969,1427,1451,1461,1489,400,1500,100,0,0,0,0,0,0,0,0,4.761904716491699,0,0,0,63747.15478515625,128276.9769897461,192.351806640625,100.84033203125,0,335872,33210380288,8589930496,1916022784,0
200,1737286486592,2100,1823,1482,1474,2099,2100,1428,1490,1455,400,1335,1466,100,0,0,0,0,0,0,0,0,4.761904716491699,0,0,0,63748.54248046875,128277.6019897461,192.351806640625,94.60580444335938,0,335872,33210380288,8589930496,1916022784,0
200,1737286486793,2100,2054,1435,1389,1934,1913,1463,1499,1463,1458,1323,1402,100,0,0,0,0,0,0,0,0,4.761904716491699,0,0,0,63749.93005371094,128278.22998046875,192.351806640625,52.71966552734375,0,335872,33210380288,8589930496,1916022784,0
200,1737286486993,2100,2075,1432,1437,1386,1792,1399,1397,1400,1379,400,1411,100,0,0,0,0,0,0,0,0,4.761904716491699,0,0,0,63751.32391357422,128278.86755371094,192.351806640625,100.84033203125,0,335872,33210380288,8589930496,1916022784,0
200,1737286487193,2100,1841,1437,1451,1910,1828,1319,1391,1433,1452,1402,1453,100,0,0,0,0,0,0,0,0,4.761904716491699,0,0,0,63752.708435058594,128279.494140625,192.351806640625,95.39749145507813,0,335872,33210380288,8589930496,1916022784,0
200,1737286487393,2100,1592,400,1421,1876,1852,1321,1279,1412,1439,1450,1412,100,0,0,0,0,0,0,0,0,4.761904716491699,0,0,0,63754.092712402344,128280.12286376953,192.351806640625,100.41841125488281,0,335872,33210380288,8589930496,1916022784,0
200,1737286487593,2100,2100,1500,1442,1704,1571,1469,1296,1499,1376,1486,1432,100,0,0,0,0,0,0,0,0,4.761904716491699,0,0,0,63755.462951660156,128280.53857421875,192.351806640625,104.13223266601563,0,335872,33210380288,8589930496,1916022784,0
200,1737286487793,2100,1965,1309,1326,1978,1932,1301,1498,1403,1392,1276,1250,100,0,0,0,0,0,0,0,0,4.761904716491699,0,0,0,63756.97717285156,128281.0121459961,192.351806640625,101.26582336425781,0,335872,33210380288,8589930496,1916022784,0
200,1737286487994,2099,2002,1466,1478,1978,1893,1371,1407,1409,1362,1407,1437,100,0,0,0,0,0,0,0,0,4.761904716491699,0,0,0,63758.673095703125,128281.59246826172,192.351806640625,101.26582336425781,0,335872,33210380288,8589930496,1916022784,0
200,1737286488194,2100,452,1327,1461,400,1949,1454,1421,1399,1379,1214,1407,100,0.6410256624221802,0,0,0,1.2422360181808472,0.625,1.2422360181808472,0.625,0,0,0.625,0,63760.325927734375,128282.15185546875,192.351806640625,100,0,335872,33210380288,8589930496,1916022784,0
200,1737286488394,2100,460,1219,1097,400,1740,1357,1295,1366,1265,1179,1112,100,0,0,0,0,0,0,0,0,0,4.761904716491699,0,0,63761.948486328125,128282.70642089844,192.351806640625,100.41841125488281,0,335872,33210380288,8589930496,1916022784,0
200,1737286488594,2100,2099,1460,1477,1907,1872,1500,1439,1458,1499,1396,1367,100,0,4.761904716491699,9.090909004211426,4.761904716491699,0,4.761904716491699,0,4.761904716491699,0,0,0,0,63763.32861328125,128283.09442138672,192.351806640625,100,0,335872,33210380288,8589930496,1916022784,0
200,1737286488794,2100,1934,1457,1470,1988,1983,1499,1400,1468,1499,400,1454,100,0,0,0,4.761904716491699,4.761904716491699,0,0,0,0,0,4.761904716491699,0,63764.75500488281,128283.51068115234,192.351806640625,100,0,335872,33210380288,8589930496,1916022784,0
200,1737286488994,2100,1641,400,400,1932,1476,1500,1398,1457,1385,738,400,100,0,0,0,0,0,0,0,0,0,0,0,0,63766.16174316406,128283.91662597656,192.351806640625,100.41841125488281,0,335872,33210380288,8589930496,1916022784,0
200,1737286489195,2100,1960,1148,400,400,1483,1319,1384,1333,1356,1113,1341,100,0,0,0,0,0,0,0,0,0,0,0,0,63767.532165527344,128284.31103515625,192.351806640625,100,0,335872,33210380288,8589930496,1916022784,0
200,1737286489395,2100,1873,1420,1473,1735,1934,1500,1422,1460,1427,1385,1431,100,0,0,0,0,0,0,0,0,0,0,0,0,63768.915100097656,128284.93127441406,192.351806640625,95.39749145507813,0,335872,33210380288,8589930496,1916022784,0
200,1737286489595,2100,2100,1500,1499,1946,2099,400,1398,893,1390,1500,1500,100,0,4.761904716491699,4.761904716491699,0,0,0,0,4.761904716491699,0,0,0,0,63770.31994628906,128285.57080078125,192.351806640625,105.8823471069336,0,335872,33210380288,8589930496,1916022784,0
200,1737286489795,2099,1526,1310,1347,1766,1517,1307,1227,1444,1341,400,1325,100,0,4.761904716491699,4.761904716491699,0,0,0,0,4.761904716491699,0,0,0,0,63771.699645996094,128286.19128417969,192.351806640625,99.58505249023438,0,335872,33210380288,8589930496,1916022784,0
200,1737286489995,2100,1975,1454,1480,1987,2100,1480,1461,1434,1461,400,1415,100,0,0,0,0,0,0,0,0,0,0,0,0,63773.085693359375,128286.81884765625,192.351806640625,100.41841125488281,0,335872,33210380288,8589930496,1916022784,0
200,1737286490196,2099,1940,1500,1463,1923,1985,1469,1359,1438,1478,400,1463,100,0,0,0,0,0,0,0,0,4.761904716491699,0,0,0,63774.46759033203,128287.44146728516,192.351806640625,100.84033203125,0,335872,33210380288,8589930496,1916022784,0
200,1737286490396,2100,2066,991,400,2100,2099,1499,1499,1499,1499,1499,1499,100,0,0,0,0,0,0,0,0,0,4.761904716491699,0,0,63775.87365722656,128287.85137939453,192.351806640625,99.58505249023438,0,335872,33210380288,8589930496,1916022784,0
200,1737286490596,2100,2099,1446,1473,2100,2100,1499,1499,1500,1466,1423,1480,100,0,0,0,0,4.761904716491699,4.761904716491699,0,0,0,0,0,0,63777.394958496094,128288.3236694336,192.351806640625,100.84033203125,0,335872,33210380288,8589930496,1916022784,0
200,1737286490796,2099,1763,1235,1314,1724,2100,1460,1500,1470,1465,400,1377,100,5,0,0,0,0,0,0,0,0,0,0,0,63779.10388183594,128288.91680908203,192.351806640625,100,0,335872,33210380288,8589930496,1916022784,0
200,1737286490996,2099,1994,1478,1473,2100,1880,1297,1334,1271,1295,1407,1486,100,5,0,0,0,0,0,0,0,0,0,0,0,63780.756408691406,128289.46844482422,192.351806640625,100,0,335872,33210380288,8589930496,1916022784,0
200,1737286491196,2100,474,1423,1236,400,653,1476,1405,1466,1463,1226,1322,100,4.761904716491699,0,0,0,0,0,0,0,0,0,0,0,63782.33947753906,128289.99462890625,192.351806640625,100,0,335872,33210380288,8589930496,1916022784,0
200,1737286491397,2100,2100,400,400,1818,2100,1431,1434,1499,1500,400,899,100,0,0,0,0,0,0,0,0,0,0,0,0,63783.741271972656,128290.39489746094,192.351806640625,100.84033203125,0,335872,33210380288,8589930496,1916022784,0
200,1737286491597,2100,1885,1477,1447,1849,1962,1353,1370,1369,1350,1270,1371,100,0,0,0,0,0,0,0,0,0,0,0,0,63785.17761230469,128290.81573486328,192.351806640625,100,0,335872,33210380288,8589930496,1916022784,0
200,1737286491797,2100,1988,1500,1425,1869,2100,1267,1499,1499,1500,1500,1499,100,0,0,0,0,0,0,0,0,0,0,0,0,63786.55187988281,128291.20678710938,192.351806640625,50.31446838378906,0,335872,33210380288,8589930496,1916022784,0
200,1737286491997,2100,1919,1409,1408,1936,1962,1496,1500,1500,1478,1410,1418,100,0,0,0,0,0,0,0,0,0,0,0,0,63787.9375,128291.62713623047,192.351806640625,99.58505249023438,0,335872,33210380288,8589930496,1916022784,0
200,1737286492197,2100,625,576,400,1693,1726,1006,1090,1029,1256,400,400,100,0,0,0,0,0,0,0,0,0,0,0,0,63789.31085205078,128292.24444580078,192.351806640625,94.60580444335938,0,335872,33210380288,8589930496,1916022784,0
200,1737286492397,2100,2002,1444,1434,1660,1965,1500,1477,1456,1480,1074,1406,100,0,0,0,0,0,0,0,0,0,0,0,0,63790.716796875,128292.88653564453,192.351806640625,52.71966552734375,0,335872,33210380288,8589930496,1916022784,0
200,1737286492598,2100,1975,1329,1405,2100,1688,1421,1470,1456,1467,1347,1366,100,0,0,0,0,0,0,0,0,0,0,0,0,63792.10498046875,128293.5160522461,192.351806640625,47.69874572753906,0,335872,33210380288,8589930496,1916022784,0
200,1737286492798,2100,1905,1385,1500,1977,1945,1357,1447,1434,1453,1374,1467,100,0,0,0,0,0,0,0,4.761904716491699,4.761904716491699,0,0,0,63793.482971191406,128294.14074707031,192.351806640625,100,0,335872,33210380288,8589930496,1916022784,0
200,1737286492998,2100,2024,1500,1499,1174,1866,1342,1414,1375,1436,1170,1449,100,0,0,4.761904716491699,0,0,0,0,0,0,0,0,0,63794.869384765625,128294.74047851563,192.351806640625,105.4393310546875,0,335872,33210380288,8589930496,1916022784,0
200,1737286493198,2099,1903,1295,1427,1895,1732,1078,1394,1412,1422,1116,1347,100,0,0,0,0,0,0,0,0,0,0,0,0,63796.267639160156,128295.14050292969,192.351806640625,100.41841125488281,0,335872,33210380288,8589930496,1916022784,0
200,1737286493398,2100,2100,1413,1500,1965,2100,1500,1499,1410,1437,400,400,100,5,0,0,0,0,0,0,0,0,0,0,0,63797.83251953125,128295.64086914063,192.351806640625,100,0,335872,33210380288,8589930496,1916022784,0
200,1737286493598,2100,1675,1459,1468,1591,1963,1300,1370,1423,1384,1441,1485,100,0,0,0,0,0,4.761904716491699,0,0,0,0,0,0,63799.52258300781,128296.2289428711,192.351806640625,99.1735610961914,0,335872,33210380288,8589930496,1916022784,0
200,1737286493799,2100,2004,1435,1378,2100,1954,1368,1406,1423,1469,400,1461,100,0,0,0,0,0,4.761904716491699,0,0,0,0,0,0,63801.20397949219,128296.79467773438,192.351806640625,100.84033203125,0,335872,33210380288,8589930496,1916022784,0
200,1737286493999,2100,1875,1199,400,400,400,1387,1271,1307,1242,937,1496,100,0,0,0,0,0,0,0,0,0,0,0,0,63802.73406982422,128297.29626464844,192.351806640625,100,0,335872,33210380288,8589930496,1916022784,0
199,1737286494199,2100,1593,400,400,2100,1971,400,1386,1470,1436,400,400,100,0,0,0,0,9.090909004211426,0,0,0,0,0,0,0,63804.139221191406,128297.70068359375,192.351806640625,100.84033203125,0,335872,33210380288,8589930496,1916022784,0
200,1737286494399,2099,2011,400,400,1709,1887,1051,900,400,400,400,400,100,0,0,0,0,9.090909004211426,0,0,0,0,0,0,0,63805.580993652344,128298.1254272461,192.351806640625,99.58505249023438,0,335872,33210380288,8589930496,1916022784,0
200,1737286494599,2100,1463,1500,1499,400,1896,400,1500,1471,1499,1405,1499,100,0,0,0,0,9.090909004211426,0,0,0,0,0,0,0,63806.94836425781,128298.51049804688,192.351806640625,50.209205627441406,0,335872,33210380288,8589930496,1916022784,0
200,1737286494799,2100,2062,1447,1422,2100,2100,1368,1347,1410,1411,400,1299,100,0,0,0,0,9.090909004211426,0,0,0,0,0,0,0,63808.32696533203,128298.96081542969,192.351806640625,50.209205627441406,0,335872,33210380288,8589930496,1916022784,0
200,1737286494999,2100,2100,1419,1449,1967,2100,1392,1411,1408,1409,1414,1450,100,0,0,0,0,9.090909004211426,0,0,0,0,0,0,0,63809.72619628906,128299.59704589844,192.351806640625,50.209205627441406,0,335872,33210380288,8589930496,1916022784,0
200,1737286495200,2100,2041,1444,1452,1894,1930,1432,1411,1470,1466,1387,1421,100,0,0,0,0,9.090909004211426,0,0,0,0,0,0,0,63811.113525390625,128300.22784423828,192.351806640625,100.41841125488281,0,335872,33210380288,8589930496,1916022784,0
200,1737286495400,2100,988,400,1142,1028,1868,1410,1459,1446,1499,1333,1054,100,0,0,0,0,9.090909004211426,0,0,0,0,0,0,0,63812.495056152344,128300.8525390625,192.351806640625,100.41841125488281,0,335872,33210380288,8589930496,1916022784,0
200,1737286495600,2100,2100,1442,400,2100,1897,1425,1499,1467,1463,1393,1397,100,0,0,0,0,9.090909004211426,0,0,0,0,0,0,0,63813.885009765625,128301.48077392578,192.351806640625,100.84033203125,0,335872,33210380288,8589930496,1916022784,0
200,1737286495800,2100,2100,1479,1414,2100,1965,400,1295,1445,1393,1435,1481,100,0,0,0,0,9.090909004211426,0,0,0,0,0,0,0,63815.272399902344,128302.08032226563,192.352294921875,100.41841125488281,0,335872,33210380288,8589930496,1916022784,0
200,1737286496000,2100,2031,1319,1403,1948,1933,1326,1288,1327,1295,400,400,100,0,0,0,0,9.090909004211426,0,0,0,0,0,0,0,63816.665771484375,128302.4819946289,192.352294921875,99.58505249023438,0,335872,33210380288,8589930496,1916022784,0
200,1737286496201,2099,1568,1461,1449,1997,1522,1085,1126,1020,1075,1432,1381,100,1.0204081535339355,0.5,0.5,1,0,0.5025125741958618,0.9950248599052429,0.5025125741958618,1,0.5,0.5,0,63818.21911621094,128302.97943115234,192.352294921875,99.58505249023438,0,335872,33210380288,8589930496,1916022784,0
200,1737286496401,2100,453,950,400,2100,1956,400,1291,1348,1484,912,982,100,0,0,0,0,0,0,0,0,0,0,0,0,63819.90771484375,128303.56872558594,192.352294921875,100.41841125488281,0,335872,33210380288,8589930496,1916022784,0
200,1737286496601,2100,1957,1500,1499,2100,2100,1500,1424,1415,1422,1270,1499,100,0,0,0,0,4.761904716491699,0,0,0,0,4.761904716491699,0,0,63821.57403564453,128304.12744140625,192.352294921875,100.41841125488281,0,335872,33210380288,8589930496,1916022784,0
200,1737286496801,2100,629,1301,1350,2008,2017,1445,1500,1500,1481,400,1500,100,0,4.761904716491699,4.761904716491699,0,0,0,0,4.761904716491699,0,0,0,0,63823.109436035156,128304.61810302734,192.352294921875,100,0,335872,33210380288,8589930496,1916022784,0
200,1737286497001,2100,2099,1470,1469,1851,2100,1403,1472,1500,1482,1416,1500,100,0,4.761904716491699,4.761904716491699,0,0,0,0,4.761904716491699,0,0,0,0,63824.48455810547,128305.0220336914,192.352294921875,100.41841125488281,0,335872,33210380288,8589930496,1916022784,0
200,1737286497201,2100,2044,1461,1463,1602,1983,1237,1426,1277,1406,1467,400,100,0,0,0,0,0,0,0,0,0,0,4.761904716491699,0,63825.939025878906,128305.45288085938,192.352294921875,100.41841125488281,0,335872,33210380288,8589930496,1916022784,0
200,1737286497402,2100,2100,1437,1445,2100,2099,1433,1499,1499,1500,400,1386,100,0,0,0,0,0,0,0,0,0,0,0,0,63827.286071777344,128305.83489990234,192.352294921875,100,0,335872,33210380288,8589930496,1916022784,0
200,1737286497602,2099,575,400,400,400,639,1264,1265,400,1203,1383,1282,100,0,0,0,0,0,0,0,0,0,0,0,0,63828.677307128906,128306.30041503906,192.352294921875,100.41841125488281,0,335872,33210380288,8589930496,1916014592,0
200,1737286497802,2100,1708,1324,1260,1577,1899,1366,1253,1335,1424,1235,1326,100,0,0,0,0,4.761904716491699,4.761904716491699,0,0,0,0,0,0,63830.059143066406,128306.92779541016,192.352294921875,100.41841125488281,0,335872,33210380288,8589930496,1916014592,0
199,1737286498002,2100,1991,1451,1481,2099,2100,1499,1448,1500,1458,400,1481,100,0,0,0,0,4.761904716491699,4.761904716491699,0,0,0,0,0,0,63831.44445800781,128307.55645751953,192.352294921875,50.31446838378906,0,335872,33210380288,8589930496,1916014592,0
200,1737286498202,2099,567,474,792,879,400,1367,1126,1060,400,1247,723,100,0,0,0,0,4.761904716491699,4.761904716491699,0,0,0,0,0,0,63832.82470703125,128308.18249511719,192.352294921875,50.31446838378906,0,335872,33210380288,8589930496,1916014592,0
200,1737286498402,2100,2053,1398,1475,1929,1890,1458,1468,1420,1470,1427,1428,100,0,4.761904716491699,0,4.761904716491699,0,0,0,0,0,0,0,0,63834.210021972656,128308.81567382813,192.352294921875,100.41841125488281,0,335872,33210380288,8589930496,1916014592,0
200,1737286498603,2100,2013,1216,1256,1221,1935,1324,1356,1455,1365,1389,1446,100,0,0,0,0,0,0,0,0,4.761904716491699,0,0,0,63835.59210205078,128309.38989257813,192.352294921875,100,0,335872,33210380288,8589930496,1916014592,0
200,1737286498803,2100,1948,1454,1388,1958,1875,1353,1320,1467,1415,400,1500,100,0,0,0,0,0,0,0,0,4.761904716491699,0,0,0,63836.99841308594,128309.80004882813,192.352294921875,100.41841125488281,0,335872,33210380288,8589930496,1916014592,0
200,1737286499003,2100,2036,1468,1454,1991,2100,1047,1468,1479,1478,1351,1472,100,0,0,0,0,0,0,0,0,4.761904716491699,0,0,0,63838.56329345703,128310.30627441406,192.352294921875,50.209205627441406,0,335872,33210380288,8589930496,1916014592,0
200,1737286499203,2100,1467,1395,1462,2100,2006,1499,1478,1499,1463,1270,1500,100,0,0,0,0,0,0,0,0,4.761904716491699,0,0,0,63840.23254394531,128310.88775634766,192.352294921875,99.58505249023438,0,335872,33210380288,8589930496,1916014592,0
200,1737286499403,2100,1909,1369,1481,1682,1857,1499,1467,1450,1468,1248,1344,100,0,0,0,0,0,0,0,0,4.761904716491699,0,0,0,63841.936096191406,128311.47039794922,192.352294921875,100.41841125488281,0,335872,33210380288,8589930496,1916014592,0
200,1737286499604,2100,2042,866,1245,1898,400,1470,1429,1394,1460,1289,1309,100,0,0,0,0,0,0,0,0,4.761904716491699,0,0,0,63843.41815185547,128311.94622802734,192.352294921875,100.41841125488281,0,335872,33210380288,8589930496,1916014592,0
200,1737286499804,2099,2055,1500,1386,1893,1958,1370,1212,1295,1324,1374,1500,100,0,0,0,0,0,0,0,0,4.761904716491699,0,0,0,63844.78839111328,128312.3384399414,192.352294921875,100.41841125488281,0,335872,33210380288,8589930496,1916014592,0
200,1737286500004,2100,1923,1500,1476,1909,1888,1500,1500,1500,1467,1499,1479,100,5,0,0,0,0,0,0,4.761904716491699,0,0,0,0,63846.271728515625,128312.78009033203,192.352294921875,100,0,335872,33210380288,8589930496,1916014592,0
200,1737286500204,2100,2100,1402,1391,2099,2100,1499,1500,1010,1472,400,1463,100,5,0,0,0,0,0,0,4.761904716491699,0,0,0,0,63847.600830078125,128313.15167236328,192.352294921875,100.41841125488281,0,335872,33210380288,8589930496,1916014592,0
200,1737286500404,2099,1939,1437,1444,1992,2099,1393,1472,1419,1499,1499,1445,100,0,0,4.761904716491699,0,0,0,0,0,0,0,4.761904716491699,0,63848.98669433594,128313.63903808594,192.352294921875,100.41841125488281,0,335872,33210380288,8589930496,1916014592,0
200,1737286500604,2100,1410,1458,884,400,1745,1405,1475,1451,1500,797,1299,100,0,0,0,0,0,0,0,0,0,0,0,0,63850.380310058594,128314.26489257813,192.352294921875,100,0,335872,33210380288,8589930496,1916014592,0
200,1737286500805,2100,2043,1461,1475,1970,2099,1414,1346,1412,1416,1362,1415,100,0,0,0,0,0,0,0,0,0,0,0,0,63851.75714111328,128314.89514160156,192.352294921875,100.84033203125,0,335872,33210380288,8589930496,1916014592,0
200,1737286501005,2100,1786,1470,1499,2100,2099,1486,1313,1463,1456,1406,400,100,0,0,0,0,0,0,0,0,0,0,0,0,63853.147705078125,128315.53161621094,192.352294921875,50.10437774658203,0,335872,33210380288,8589930496,1916014592,0
200,1737286501205,2100,1435,1353,1425,1787,1884,1270,1448,1206,1273,1284,1432,100,0,0,0,0,0,0,0,0,0,0,0,0,63854.52941894531,128316.16137695313,192.352294921875,52.60960388183594,0,335872,33210380288,8589930496,1916014592,0
200,1737286501405,2100,2100,1392,1415,2008,1987,400,1480,1464,1420,1313,1500,100,0,0,0,0,0,0,0,0,0,0,0,0,63855.89440917969,128316.69506835938,192.352294921875,47.69874572753906,0,335872,33210380288,8589930496,1916014592,0
200,1737286501605,2100,2085,1318,1392,1756,1848,1499,1473,1499,1475,1301,1374,100,0,0,0,0,0,0,0,0,0,0,0,0,63857.33233642578,128317.12329101563,192.352294921875,100.84033203125,0,335872,33210380288,8589930496,1916268544,0
200,1737286501806,2100,2010,400,400,1923,400,1246,1282,1399,1398,938,400,100,0,0,0,0,0,0,0,0,0,0,0,0,63858.948486328125,128317.65734863281,192.352294921875,100.41841125488281,0,335872,33210380288,8589930496,1916268544,0
200,1737286502006,2100,1165,400,400,400,1930,1446,400,1457,1441,628,400,100,0,0,0,0,0,0,0,0,0,0,0,0,63860.605041503906,128318.23345947266,192.352294921875,100.84033203125,0,335872,33210380288,8589930496,1916268544,0
200,1737286502206,2100,987,1339,1199,400,1850,1151,1065,1235,1024,1084,1393,100,0,0,0,0,0,0,0,0,0,0,0,0,63862.319274902344,128318.82629394531,192.352294921875,99.58505249023438,0,335872,33210380288,8589930496,1916268544,0
200,1737286502406,2100,1932,1499,1382,1959,1992,1499,1500,1500,1499,1272,1410,100,0,0,0,0,0,0,0,0,0,0,0,0,63863.75518798828,128319.2666015625,192.352294921875,100,0,335872,33210380288,8589930496,1916502016,0
200,1737286502606,2100,2023,1404,1409,1925,1778,1378,1372,1329,1500,1317,1264,100,0,0,0,0,0,0,0,0,0,0,0,0,63865.13507080078,128319.66619873047,192.352294921875,100.41841125488281,0,335872,33210380288,8589930496,1916502016,0
200,1737286502806,2099,2052,1334,1283,1539,1806,1343,1409,1416,1483,1303,1500,100,0,0,0,0,0,0,0,0,0,0,0,0,63866.60369873047,128320.10028076172,192.352294921875,100,0,335872,33210380288,8589930496,1916502016,0
200,1737286503007,2099,1776,1471,1457,1946,2100,1095,1151,1141,1099,1410,1464,100,0.4273504614830017,0.8333333730697632,0.8333333730697632,0.4166666865348816,0.4184100329875946,0.8333333730697632,0.4184100329875946,0.4166666865348816,0.8333333730697632,0,0.4166666865348816,0,63867.922302246094,128320.46270751953,192.352294921875,100,0,335872,33210380288,8589930496,1916502016,0
199,1737286503207,2100,1340,1356,1421,1375,1764,1361,1332,1383,1320,1435,1308,100,0,0,0,4.761904716491699,4.761904716491699,0,0,0,0,4.761904716491699,0,0,63869.32208251953,128320.98126220703,192.352294921875,105.4393310546875,0,335872,33210380288,8589930496,1916502016,0
200,1737286503407,2100,2047,1452,1463,1427,1890,1353,1353,1352,1362,1385,1465,100,0,0,0,4.761904716491699,4.761904716491699,0,0,0,0,4.761904716491699,0,0,63870.69012451172,128321.6107788086,192.352294921875,100.41841125488281,0,335872,33210380288,8589930496,1916502016,0
200,1737286503607,2100,2042,1419,1364,1781,1887,1453,1358,1454,1471,1340,1337,100,0,0,0,4.761904716491699,4.761904716491699,0,0,0,0,4.761904716491699,0,0,63872.07653808594,128322.24298095703,192.352294921875,47.69874572753906,0,335872,33210380288,8589930496,1916502016,0
200,1737286503807,2100,1602,1499,1334,1319,1854,400,1210,1423,1436,1400,400,100,0,0,0,0,1.6666667461395264,0,0,1.6393442153930664,0,1.6666667461395264,0,0,63873.460876464844,128322.87298583984,192.352294921875,50.209205627441406,0,335872,33210380288,8589930496,1916502016,0
200,1737286504007,2100,2100,1499,1471,2100,2099,1499,1500,1500,1499,1289,1456,100,0,0,0,0,0,0,0,0,0,0,0,0,63874.853942871094,128323.5101928711,192.352294921875,105.8823471069336,0,335872,33210380288,8589930496,1916502016,0
200,1737286504207,2100,1797,1330,1319,1980,1854,1466,1394,1454,1453,1402,1389,100,0,0,0,4.761904716491699,0,0,4.761904716491699,0,0,0,0,0,63876.21374511719,128324.0385131836,192.352294921875,99.58505249023438,0,335872,33210380288,8589930496,1916502016,0
200,1737286504408,2100,1921,1329,1373,2099,1706,1337,1431,1436,1424,1218,1227,100,0,0,0,0,0,0,0,0,0,0,4.761904716491699,0,63877.64074707031,128324.45880126953,192.352294921875,100.41841125488281,0,335872,33210380288,8589930496,1916502016,0
200,1737286504608,2100,1792,1392,1342,1940,1947,1371,1447,1436,1447,1272,1365,100,0,0,0,0,0,4.761904716491699,0,0,0,0,0,0,63879.24060058594,128324.98315429688,192.352294921875,100.41841125488281,0,335872,33210380288,8589930496,1916502016,0
200,1737286504808,2100,1899,1473,1475,2100,1850,1500,1500,1500,1500,400,1368,100,5,0,0,0,0,0,0,0,0,0,0,0,63880.92736816406,128325.57397460938,192.352294921875,100,0,335872,33210380288,8589930496,1916502016,0
200,1737286505008,2100,1982,1436,1444,1724,2100,1499,1499,1456,1460,400,1361,100,0,0,0,0,0,0,0,0,0,0,0,0,63882.62634277344,128326.15954589844,192.352294921875,100.41841125488281,0,335872,33210380288,8589930496,1916502016,0
200,1737286505208,2100,1957,1234,1420,2100,1945,1412,1416,1456,1471,1324,1411,100,0,0,0,0,0,0,0,0,0,0,0,0,63884.05554199219,128326.59313964844,192.352294921875,99.58505249023438,0,335872,33210380288,8589930496,1916502016,0
200,1737286505409,2100,2043,1266,1283,1858,1542,1356,1437,1443,400,400,1225,100,0,0,0,4.761904716491699,0,0,0,0,0,0,0,0,63885.44189453125,128326.9887084961,192.352294921875,100.84033203125,0,335872,33210380288,8589930496,1916502016,0
199,1737286505609,2100,1800,1249,1228,1950,1456,1468,1306,1403,1348,1273,1268,100,0,4.761904716491699,5,0,0,0,0,0,0,0,0,0,63886.919006347656,128327.427734375,192.352294921875,100,0,335872,33210380288,8589930496,1916502016,0
200,1737286505809,2100,531,400,1230,400,1940,400,931,400,400,1250,1354,100,5,0,0,0,0,0,4.761904716491699,0,0,0,0,0,63888.24969482422,128327.79705810547,192.35296630859375,100.41841125488281,0,335872,33210380288,8589930496,1916502016,0
199,1737286506009,2100,2099,1364,400,1827,2100,1500,1499,1499,1499,785,1410,100,0,0,0,0,0,4.761904716491699,0,5,4.761904716491699,0,0,0,63889.6494140625,128328.32403564453,192.35296630859375,100,0,335872,33210380288,8589930496,1916502016,0
200,1737286506209,2099,1984,400,1409,1020,1652,400,1137,400,1155,400,879,100,0,0,0,0,0,4.761904716491699,0,5,4.761904716491699,0,0,0,63891.0224609375,128328.94696044922,192.35296630859375,100,0,335872,33210380288,8589930496,1916502016,0
200,1737286506409,2100,1701,1441,1469,2100,1978,1422,1439,1443,1439,1299,1402,100,0,0,0,0,0,0,0,0,0,0,0,0,63892.409912109375,128329.57604980469,192.35296630859375,100.41841125488281,0,335872,33210380288,8589930496,1916502016,0
200,1737286506609,2100,1742,1277,1279,1919,1909,1412,1391,1391,1452,400,1291,100,0,4.761904716491699,0,4.761904716491699,4.761904716491699,0,0,0,0,0,0,0,63893.81164550781,128330.21313476563,192.35296630859375,100.41841125488281,0,335872,33210380288,8589930496,1916502016,0
200,1737286506810,2100,2051,1364,1391,1985,1998,1401,1356,1422,1426,400,1351,100,0,4.761904716491699,0,4.761904716491699,4.761904716491699,0,0,0,0,0,0,0,63895.18200683594,128330.83056640625,192.35296630859375,95.39749145507813,0,335872,33210380288,8589930496,1916502016,0
200,1737286507010,2100,2100,1474,1435,1865,2100,1500,1484,1421,1500,400,1413,100,0,4.761904716491699,0,4.761904716491699,4.761904716491699,0,0,0,0,0,0,0,63896.57861328125,128331.3413696289,192.35296630859375,50.10437774658203,0,335872,33210380288,8589930496,1916502016,0
200,1737286507210,2100,2100,1414,1419,1906,2100,1470,1500,1500,400,1295,1384,100,0,4.761904716491699,0,4.761904716491699,4.761904716491699,0,0,0,0,0,0,0,63898.01806640625,128331.76348876953,192.35296630859375,100.41841125488281,0,335872,33210380288,8589930496,1916502016,0
200,1737286507410,2100,1934,1499,1434,1753,1673,1479,1457,1500,1478,1387,1414,100,0,4.761904716491699,0,4.761904716491699,4.761904716491699,0,0,0,0,0,0,0,63899.64727783203,128332.30267333984,192.35296630859375,105.4393310546875,0,335872,33210380288,8589930496,1916493824,0
200,1737286507610,2099,2040,1402,1391,1938,1945,1477,1473,1500,1437,1227,1297,100,0,4.761904716491699,0,4.761904716491699,4.761904716491699,0,0,0,0,0,0,0,63901.3193359375,128332.88177490234,192.35296630859375,100.41841125488281,0,335872,33210380288,8589930496,1916493824,0
200,1737286507811,2100,1194,1500,400,1891,1859,1500,1500,1500,1500,1500,1479,100,0,4.761904716491699,0,4.761904716491699,4.761904716491699,0,0,0,0,0,0,0,63903.037658691406,128333.47546386719,192.35296630859375,100.41841125488281,0,335872,33210380288,8589930496,1916493824,0
200,1737286508011,2100,2100,1475,1467,1867,1874,1500,1499,1499,1432,1468,1463,100,0,4.761904716491699,0,4.761904716491699,4.761904716491699,0,0,0,0,0,0,0,63904.42999267578,128333.88330078125,192.35296630859375,100,0,335872,33210380288,8589930496,1916493824,0
199,1737286508211,2100,1682,1460,1456,1962,1913,1499,1500,1500,1500,1434,1382,100,0,4.761904716491699,0,4.761904716491699,4.761904716491699,0,0,0,0,0,0,0,63905.84014892578,128334.29577636719,192.35296630859375,100,0,335872,33210380288,8589930496,1916493824,0
200,1737286508411,2100,2010,1400,400,1727,2100,1483,1409,1500,1429,1324,1346,100,0,4.761904716491699,0,4.761904716491699,4.761904716491699,0,0,0,0,0,0,0,63907.315979003906,128334.73510742188,192.35296630859375,100,0,335872,33210380288,8589930496,1916493824,0
200,1737286508611,2100,493,1369,1453,2100,2005,1438,1475,1477,1459,1369,1459,100,1.1299434900283813,0,0,0,0,0.5586591958999634,1.1049723625183105,1.1049723625183105,0.5586591958999634,0.5555555820465088,0.5555555820465088,0,63908.6396484375,128335.09588623047,192.35296630859375,100.84033203125,0,335872,33210380288,8589930496,1916493824,0
200,1737286508811,2099,2020,1500,1425,1609,2100,1340,1227,1359,1302,1450,1434,100,1.1299434900283813,0,0,0,0,0.5586591958999634,1.1049723625183105,1.1049723625183105,0.5586591958999634,0.5555555820465088,0.5555555820465088,0,63910.03973388672,128335.64447021484,192.35296630859375,50.209205627441406,0,335872,33210380288,8589930496,1916493824,0
200,1737286509012,2100,1639,1372,1349,1876,2100,1438,1472,1479,1423,400,1400,100,0,0,0,1.6393442153930664,1.6666667461395264,0,0,0,0,0,0,0,63911.416259765625,128336.26544189453,192.35296630859375,50.209205627441406,0,335872,33210380288,8589930496,1916493824,0
200,1737286509212,2099,575,1015,1369,400,1803,1311,1456,1347,1393,821,400,100,0,0,0,0,0,0,0,0,4.761904716491699,0,0,0,63912.816650390625,128336.8998413086,192.35296630859375,100,0,335872,33210380288,8589930496,1916493824,0
200,1737286509412,2100,1909,1480,1400,1653,1654,1359,1446,1375,1358,1227,1369,100,0,0,0,0,0,0,0,0,4.761904716491699,0,0,0,63914.208251953125,128337.53283691406,192.35296630859375,100.84033203125,0,335872,33210380288,8589930496,1916493824,0
200,1737286509612,2100,1836,1167,1162,1373,1487,1499,1351,1426,1416,1232,1214,100,0,0,0,0,0,4.761904716491699,0,0,0,0,0,0,63915.592834472656,128338.15496826172,192.35296630859375,100,0,335872,33210380288,8589930496,1916493824,0
200,1737286509812,2099,1970,1442,1391,2100,1975,1474,1499,1465,1478,400,1423,100,0,0,0,0,0,0,0,0,0,0,0,0,63916.97009277344,128338.63507080078,192.35296630859375,100.41841125488281,0,335872,33210380288,8589930496,1916493824,0
200,1737286510012,2099,2034,400,1315,1994,400,1444,1376,1393,1395,1157,1277,100,0,0,0,4.761904716491699,0,0,0,0,0,0,0,0,63918.43371582031,128339.07666015625,192.35296630859375,100,0,335872,33210380288,8589930496,1916493824,0
200,1737286510213,2100,1966,1463,1467,2100,1935,1454,1399,1461,1471,1243,1459,100,0,0,0,4.761904716491699,0,0,0,0,0,0,0,0,63920.075256347656,128339.61944580078,192.35296630859375,100.41841125488281,0,335872,33210380288,8589930496,1916493824,0
199,1737286510413,2100,2100,1500,1499,2100,2100,1499,1499,1499,1499,400,1500,100,0,0,0,4.761904716491699,0,0,0,0,0,0,0,0,63921.74987792969,128340.2007446289,192.35296630859375,50.10437774658203,0,335872,33210380288,8589930496,1916493824,0
200,1737286510613,2100,2013,400,477,1831,1506,1087,1180,1097,1357,400,927,100,0,0,0,4.761904716491699,0,0,0,0,0,0,0,0,63923.492126464844,128340.82037353516,192.35296630859375,50.10437774658203,0,335872,33210380288,8589930496,1916493824,0
200,1737286510813,2100,2100,400,1486,2100,2100,1500,1500,1411,1500,400,1470,100,0,0,0,0,0,0,0,0,0,0,0,0,63924.83367919922,128341.19177246094,192.35296630859375,100.41841125488281,0,335872,33210380288,8589930496,1916493824,0
200,1737286511013,2100,2009,1444,1499,1658,2095,1421,1499,1499,1500,1499,1500,100,0,0,0,0,4.761904716491699,4.761904716491699,4.761904716491699,4.761904716491699,0,4.761904716491699,4.761904716491699,0,63926.246826171875,128341.59155273438,192.35296630859375,100.84033203125,0,335872,33210380288,8589930496,1916493824,0
200,1737286511213,2100,1893,1451,1471,1979,2100,1246,1293,1202,1302,1398,1411,100,0,0,0,0,0,0,0,0,0,0,0,0,63927.69659423828,128342.02880859375,192.35296630859375,99.1735610961914,0,335872,33210380288,8589930496,1916493824,0
200,1737286511414,2100,1947,1450,1460,2100,2100,1439,1499,1500,1500,739,1500,100,0,0,0,0,0,0,0,0,4.761904716491699,0,0,0,63929.04626464844,128342.40490722656,192.35296630859375,100.84033203125,0,335872,33210380288,8589930496,1916493824,0
199,1737286511614,2099,2030,1437,1433,1961,1968,1335,1343,1368,1334,1479,1380,100,0,0,0,0,0,0,0,0,4.761904716491699,0,0,0,63930.441467285156,128342.98291015625,192.35296630859375,100,0,335872,33210380288,8589930496,1916493824,0
200,1737286511814,2100,694,1281,1370,866,1051,1369,1340,1401,1465,1470,1443,100,0,0,0,0,0,0,0,0,4.761904716491699,0,0,0,63931.835205078125,128343.61138916016,192.35296630859375,52.8301887512207,0,335872,33210380288,8589930496,1916493824,0
200,1737286512014,2100,2009,1469,1499,1894,2099,1499,400,1500,1500,1430,1500,100,0,0,0,0,0,0,0,0,4.761904716491699,0,0,0,63933.220642089844,128344.23809814453,192.35296630859375,95.39749145507813,0,335872,33210380288,8589930496,1916493824,0
200,1737286512214,2100,1495,1159,1421,400,1743,1382,400,400,400,1398,1331,100,0,0,0,0,0,0,0,0,4.761904716491699,0,0,0,63934.603759765625,128344.86767578125,192.35296630859375,100.41841125488281,0,335872,33210380288,8589930496,1916493824,0
200,1737286512414,2099,1985,1395,1500,1998,2100,1346,1391,1348,1365,1443,1436,100,0,0,0,0,0,0,0,0,4.761904716491699,0,0,0,63936.024658203125,128345.49237060547,192.35296630859375,100.41841125488281,0,335872,33210380288,8589930496,1930956800,0
200,1737286512614,2100,2017,1300,1441,2100,1985,1419,1463,1411,1442,1209,1215,100,0,0,0,0,0,0,0,0,0,0,0,0,63937.415100097656,128345.92761230469,192.35296630859375,100.41841125488281,0,335872,33210380288,8589930496,1930956800,0
200,1737286512815,2099,522,1134,400,1503,1852,1499,1297,1469,1458,400,400,100,0,4.761904716491699,0,4.761904716491699,0,0,0,0,0,0,0,0,63938.89465332031,128346.37927246094,192.35296630859375,100.41841125488281,0,335872,33210380288,8589930496,1930956800,0
200,1737286513015,2100,1719,1446,1380,2099,1954,1499,1500,1499,1276,1404,400,100,0,0,0,0,0,0,0,0,0,0,0,0,63940.58331298828,128346.95251464844,192.35296630859375,100.41841125488281,0,335872,33210380288,8589930496,1930956800,0
200,1737286513215,2100,1738,1453,1118,1886,400,1164,1043,1045,1079,1271,1454,100,0,0,0,0,0,0,0,0,0,0,0,0,63942.248962402344,128347.5210571289,192.35296630859375,100,0,335872,33210380288,8589930496,1930956800,0
200,1737286513415,2100,1992,1499,1372,2095,1922,1500,1499,1430,1500,1424,1500,100,0,0,0,0,0,0,0,0,0,0,0,0,63943.927978515625,128348.10864257813,192.35296630859375,52.60960388183594,0,335872,33210380288,8589930496,1930956800,0
200,1737286513615,2100,2069,1467,1447,1996,2100,1328,1376,1364,1378,1328,1423,100,0,0,0,0,0,0,0,0,0,0,0,0,63945.278381347656,128348.48358154297,192.35296630859375,50.10437774658203,0,335872,33210380288,8589930496,1930956800,0
200,1737286513816,2100,2100,1500,1177,1776,2099,1500,1315,1500,1447,1159,1500,100,0,0,0,0,0,0,0,0,0,0,0,0,63946.699462890625,128348.8970336914,192.35296630859375,50,0,335872,33210380288,8589930496,1930956800,0
200,1737286514016,2099,2036,1388,400,400,1889,1499,1499,400,1499,1425,1422,100,0,0,0,0,0,0,0,0,0,0,0,0,63948.12713623047,128349.31579589844,192.35296630859375,50,0,335872,33210380288,8589930496,1930956800,0
200,1737286514216,2099,486,1190,400,400,1539,1441,1444,1416,920,1044,400,100,1.0204081535339355,1,0.9900990128517151,1,1,0,0,1,0,0.9900990128517151,0,0,63949.47253417969,128349.68829345703,192.35296630859375,100,0,335872,33210380288,8589930496,1930956800,0
200,1737286514416,2100,2099,1442,1409,2100,2100,941,1421,1415,1424,400,1439,100,1.0204081535339355,1,0.9900990128517151,1,1,0,0,1,0,0.9900990128517151,0,0,63950.92156982422,128350.275390625,192.35296630859375,47.69874572753906,0,335872,33210380288,8589930496,1935183872,0
200,1737286514616,2099,1755,1277,1416,1467,1879,1500,1499,1499,1422,1361,1326,100,1.0204081535339355,1,0.9900990128517151,1,1,0,0,1,0,0.9900990128517151,0,0,63952.35272216797,128350.89379882813,192.35296630859375,100.41841125488281,0,335872,33210380288,8589930496,1935183872,0
200,1737286514816,2100,1632,1403,1064,1640,2100,1499,896,1499,1473,400,1365,100,1.2820513248443604,0,0,0,0,1.2345678806304932,1.25,0,0,0,0,0,63953.81561279297,128351.5308227539,192.35296630859375,105.4393310546875,0,335872,33210380288,8589930496,1935183872,0
200,1737286515017,2100,1750,1430,1463,1887,1932,1473,1476,1500,1460,1390,1423,100,0,0,0,0,0,0,4.761904716491699,0,4.761904716491699,0,0,0,63955.2578125,128352.16485595703,192.35296630859375,95.39749145507813,0,335872,33210380288,8589930496,1935183872,0
200,1737286515217,2100,2099,400,400,2043,1919,1285,1436,1129,1499,400,400,100,0,0,0,4.761904716491699,4.761904716491699,0,0,0,0,0,0,0,63956.703125,128352.79486083984,192.35296630859375,100,0,335872,33210380288,8589930496,1935183872,0
199,1737286515417,2099,2100,1434,1364,1975,2099,1407,1500,1500,1499,1323,1310,100,0,0,0,4.761904716491699,4.761904716491699,0,0,0,0,0,0,0,63958.11218261719,128353.2992553711,192.35296630859375,99.58505249023438,0,335872,33210380288,8589930496,1933090816,0
200,1737286515617,2100,1979,1422,1449,2100,1936,1435,1410,1451,400,1354,1431,100,0,0,0,4.761904716491699,4.761904716491699,0,0,0,0,0,0,0,63959.548095703125,128353.71856689453,192.35296630859375,50.10437774658203,0,335872,33210380288,8589930496,1933090816,0
200,1737286515817,2099,1946,1423,1431,1996,2065,1359,1289,1355,1366,1485,1458,100,0,0,0,4.761904716491699,4.761904716491699,0,0,0,0,0,0,0,63961.182373046875,128354.25769042969,192.35296630859375,105.8823471069336,0,335872,33210380288,8589930496,1933090816,0
200,1737286516017,2100,1984,1386,1423,1965,2100,1475,1405,1471,1422,1366,1373,100,0,0,0,4.761904716491699,4.761904716491699,0,0,0,0,0,0,0,63962.852966308594,128354.83813476563,192.35296630859375,100,0,335872,33210380288,8589930496,1933090816,0
200,1737286516218,2099,1606,1468,1499,2100,400,1500,1499,1500,1448,1500,1499,100,0,0,0,4.761904716491699,4.761904716491699,0,0,0,0,0,0,0,63964.59729003906,128355.45184326172,192.35296630859375,95,0,335872,33210380288,8589930496,1933090816,0
200,1737286516418,2100,1833,400,400,400,781,1330,1425,1428,1231,1473,1295,100,0.8547009229660034,0.8333333730697632,0,0.8333333730697632,0.8333333730697632,0.8333333730697632,0,1.6528924703598022,0.8333333730697632,0,0.8333333730697632,0,63965.97869873047,128355.85443115234,192.35296630859375,100,0,335872,33210380288,8589930496,1932808192,0
200,1737286516618,2099,2100,1472,1474,2100,1921,1499,1081,400,1500,400,1479,100,0,0,0,0,0,0,0,0,0,0,0,0,63967.389404296875,128356.26489257813,192.35296630859375,100.41841125488281,0,335872,33210380288,8589930496,1932808192,0
200,1737286516818,2100,1942,1454,1499,1875,2100,1500,1286,400,1400,400,1449,100,0,0,4.761904716491699,0,0,5,0,0,0,4.761904716491699,0,0,63968.861267089844,128356.70166015625,192.35296630859375,100.41841125488281,0,335872,33210380288,8589930496,1932808192,0
162,1737286517055,2100,1478,1305,1424,1952,1643,1470,1402,1332,1460,1394,1478,100,0,0,0,0,0,0,4.1666669845581055,0,0,0,0,0,63970.45129394531,128357.14270019531,192.35296630859375,119.50206756591797,0,335872,33210380288,8589930496,1932808192,0
200,1737286517218,2100,2024,1076,958,1579,1803,1500,1439,1471,1441,1097,400,100,0,0,0,0,0,0,4.1666669845581055,0,0,0,0,0,63971.623779296875,128357.60998535156,192.35296630859375,67.60563659667969,0,335872,33210380288,8589930496,1929519104,0
200,1737286517419,2100,2100,1358,400,400,1650,1499,1499,1446,1499,1271,400,100,0,0,0,0,0,0,4.1666669845581055,0,0,0,0,0,63973.07550048828,128358.24560546875,192.3536376953125,55.55555725097656,0,335872,33210380288,8589930496,1931374592,0
199,1737286517619,2100,1724,1404,1467,1884,1940,1500,1500,1499,1499,1319,1474,100,0,0,0,0,0,0,4.1666669845581055,0,0,0,0,0,63974.51281738281,128358.86242675781,192.3536376953125,99.1735610961914,0,335872,33210380288,8589930496,1931374592,0
200,1737286517819,2099,2100,1345,1410,2100,1978,1500,1499,1484,1500,1416,1477,100,0,0,0,0,0,0,4.1666669845581055,0,0,0,0,0,63975.94757080078,128359.49346923828,192.3536376953125,99.1735610961914,0,335872,33210380288,8589930496,1931374592,0
200,1737286518019,2100,1973,1474,1332,2100,1951,1480,1499,1457,1481,1406,1411,100,1.3333333730697632,0,1.298701286315918,0,0,0,0,0,1.298701286315918,1.3157894611358643,2.5641026496887207,0,63977.384216308594,128360.12811279297,192.3536376953125,100.41841125488281,0,335872,33210380288,8589930496,1931374592,0
200,1737286518219,2099,1996,1454,1437,1907,1849,1404,1329,1472,1474,1351,1453,100,0,0,0,4.761904716491699,4.761904716491699,0,4.761904716491699,0,0,0,0,0,63978.79577636719,128360.61712646484,192.3536376953125,100.41841125488281,0,335872,33210380288,8589930496,1931374592,0
200,1737286518419,2100,1657,1328,1299,1636,1869,1500,1463,1407,1467,1257,1300,100,0,0,0,4.761904716491699,4.761904716491699,0,4.761904716491699,0,0,0,0,0,63980.239318847656,128361.04974365234,192.3536376953125,100,0,335872,33210380288,8589930496,1931374592,0
200,1737286518619,2100,2030,1386,1464,1899,1870,1398,1387,1286,1412,1275,1377,100,0,0,0,0,0,4.761904716491699,0,0,0,0,0,0,63981.89422607422,128361.60168457031,192.3536376953125,100.84033203125,0,335872,33210380288,8589930496,1931374592,0
200,1737286518820,2100,2057,1467,1387,1966,1910,1455,1274,1379,1401,1471,1371,100,0,0,0,0,0,4.761904716491699,0,0,0,0,0,0,63983.55010986328,128362.17846679688,192.3536376953125,50.10437774658203,0,335872,33210380288,8589930496,1931374592,0
200,1737286519020,2100,1882,1274,1204,1773,1916,1425,1345,1405,1448,1425,1433,100,0,0,0,0,0,4.761904716491699,0,0,0,0,0,0,63985.28967285156,128362.79901123047,192.3536376953125,100.41841125488281,0,335872,33210380288,8589930496,1931374592,0
200,1737286519220,2100,2100,400,400,2100,1866,1499,1500,1499,1500,1428,1500,100,0,0,0,0,0,4.761904716491699,0,0,0,0,0,0,63986.64074707031,128363.18432617188,192.3536376953125,100,0,335872,33210380288,8589930496,1931374592,0
200,1737286519420,2100,1960,1499,1499,2100,1986,1500,1499,1440,1456,1417,1499,100,0,0,0,0,0,4.761904716491699,0,0,0,0,0,0,63988.05480957031,128363.59777832031,192.3536376953125,100,0,335872,33210380288,8589930496,1931374592,0
200,1737286519620,2100,1499,1261,1192,1717,1528,1356,1456,1315,1467,1316,1383,100,0,0,0,0,0,4.761904716491699,0,0,0,0,0,0,63989.503662109375,128364.02478027344,192.3536376953125,100.41841125488281,0,335872,33210380288,8589930496,1931374592,0
200,1737286519821,2100,2100,1402,1225,1976,1905,1196,400,1359,1131,1237,1492,100,0.7299270033836365,0.7142857313156128,0.7092198133468628,0.7194244861602783,0,0.7142857313156128,0,1.4184396266937256,0.7142857313156128,0,0,0,63990.84240722656,128364.39752197266,192.3536376953125,100.41841125488281,0,335872,33210380288,8589930496,1931374592,0
199,1737286520021,2100,1903,1414,1469,2100,2100,1500,1459,1500,1499,1422,1449,100,0,0,0,0,0,0,0,0,0,0,0,0,63992.2587890625,128364.94036865234,192.3536376953125,104.5643081665039,0,335872,33210380288,8589930496,1925992448,0
200,1737286520221,2100,2033,400,400,1836,400,1146,1267,1282,1484,400,400,100,0,0,0,0,0,0,0,0,0,0,0,0,63993.709411621094,128365.57354736328,192.3536376953125,100.84033203125,0,335872,33210380288,8589930496,1933758464,0
200,1737286520421,2100,2004,1463,1500,1945,1779,1439,1432,1464,1431,1483,1416,100,0,0,0,4.761904716491699,0,0,4.761904716491699,0,4.761904716491699,0,4.761904716491699,0,63995.14880371094,128366.20837402344,192.3536376953125,100,0,335872,33210380288,8589930496,1931067392,0
200,1737286520621,2100,1908,1499,1499,2100,2100,1499,1499,1499,1499,895,1499,100,0,0,0,4.761904716491699,0,0,4.761904716491699,0,4.761904716491699,0,4.761904716491699,0,63996.5830078125,128366.83349609375,192.3536376953125,100.41841125488281,0,335872,33210380288,8589930496,1931067392,0
200,1737286520821,2099,2056,1324,1271,1807,1942,1349,1415,1499,1454,1152,1418,100,0,0,0,4.761904716491699,0,0,4.761904716491699,0,4.761904716491699,0,4.761904716491699,0,63998.04309082031,128367.4750366211,192.3536376953125,50.10437774658203,0,335872,33210380288,8589930496,1931067392,0
200,1737286521022,2100,1972,1499,1419,2100,2067,1499,1453,1499,1335,1439,1449,100,0,0,0,4.761904716491699,0,0,4.761904716491699,0,4.761904716491699,0,4.761904716491699,0,63999.422912597656,128367.95593261719,192.3536376953125,100.84033203125,0,335872,33210380288,8589930496,1931067392,0
200,1737286521222,2100,458,1499,1484,1933,2100,1379,1499,1500,1339,1253,1499,100,0,0,0,0,2.4691357612609863,1.25,1.2345678806304932,0,0,2.4691357612609863,0,0,64000.84777832031,128368.37786865234,192.3536376953125,100.84033203125,0,335872,33210380288,8589930496,1931067392,0
200,1737286521422,2099,1778,1433,1472,2099,2100,1403,1469,1414,1414,1462,1500,100,5,0,0,0,0,0,0,0,0,0,0,0,64002.501953125,128368.93188476563,192.3536376953125,100,0,335872,33210380288,8589930496,1930997760,0
200,1737286521622,2100,2057,1456,1402,1962,2100,1500,1499,1500,1500,1387,1468,100,0,0,0,0,0,4.761904716491699,0,5,0,0,0,0,64004.158752441406,128369.50866699219,192.3536376953125,100.41841125488281,0,335872,33210380288,8589930496,1930997760,0
200,1737286521822,2100,2100,1422,1384,1967,2000,1414,1388,1391,1474,1458,1422,100,0,0,0,4.761904716491699,0,0,0,0,0,0,0,0,64005.88983154297,128370.1206665039,192.3536376953125,99.1735610961914,0,335872,33210380288,8589930496,1930997760,0
200,1737286522023,2100,2062,1410,1460,1950,2099,1252,1384,1398,1380,1471,1499,100,0,0,0,0,0,0,0,0,0,0,0,0,64007.26641845703,128370.52795410156,192.3536376953125,100.84033203125,0,335872,33210380288,8589930496,1930997760,0
200,1737286522223,2099,494,400,400,1522,400,1254,1310,1350,1360,942,400,100,0,0,0,0,0,0,0,0,0,0,0,0,64008.656982421875,128370.9291381836,192.3536376953125,100,0,335872,33210380288,8589930496,1930997760,0
200,1737286522423,2004,1980,1475,1404,1954,1930,1456,1499,1500,1500,1370,1423,100,0,0,0,0,0,0,4.761904716491699,0,4.761904716491699,0,0,0,64010.127685546875,128371.37103271484,192.3536376953125,100.84033203125,0,335872,33210380288,8589930496,1930997760,0
200,1737286522623,2100,1947,400,400,1722,1372,400,400,400,400,400,400,100,0,0,0,0,0,0,4.761904716491699,0,4.761904716491699,0,0,0,64011.44451904297,128371.7387084961,192.3536376953125,99.58505249023438,0,335872,33210380288,8589930496,1930997760,0
200,1737286522823,2099,2019,1467,1499,1971,1970,1392,1468,1471,1473,1429,1463,100,0,0,0,0,0,0,4.761904716491699,0,4.761904716491699,0,0,0,64012.876037597656,128372.26922607422,192.3536376953125,50.209205627441406,0,335872,33210380288,8589930496,1925914624,0
200,1737286523023,2099,1789,1286,1422,1693,1871,999,400,400,400,1344,753,100,0,0,0,0,0,0,4.761904716491699,0,4.761904716491699,0,0,0,64014.33044433594,128372.90515136719,192.3536376953125,100.41841125488281,0,335872,33210380288,8589930496,1929768960,0
200,1737286523224,2100,1991,1394,1265,1928,2100,1371,1449,1462,1464,1100,1434,100,0,0,0,0,0,0,4.761904716491699,0,4.761904716491699,0,0,0,64015.758850097656,128373.53228759766,192.3536376953125,100.41841125488281,0,335872,33210380288,8589930496,1929768960,0
200,1737286523424,2100,2050,951,400,1188,1885,1349,1380,1321,1394,934,400,100,0,0,0,0,0,0,0,0,0,0,0,0,64017.201232910156,128374.16247558594,192.3536376953125,100,0,335872,33210380288,8589930496,1927077888,0
200,1737286523624,2100,575,400,1499,2100,1909,1500,1500,1401,1430,1478,1499,100,5,0,4.761904716491699,0,0,0,0,0,4.761904716491699,0,0,0,64018.65643310547,128374.79779052734,192.3536376953125,100.84033203125,0,335872,33210380288,8589930496,1930928128,0
200,1737286523824,2100,1896,400,1474,1886,2100,1409,1310,1499,1414,1500,1477,100,0,0,0,0,4.761904716491699,0,0,0,0,0,0,0,64020.06018066406,128375.34869384766,192.3536376953125,100.41841125488281,0,335872,33210380288,8589930496,1930928128,0
200,1737286524024,2100,2100,1428,1463,2099,2015,1389,1390,1432,1455,1500,1456,100,0,0,0,0,0,0,0,0,0,0,0,0,64021.47821044922,128375.7642211914,192.3536376953125,100,0,335872,33210380288,8589930496,1930928128,0
200,1737286524224,2100,2032,1302,1279,1903,1795,1441,1442,1384,1376,1246,1230,100,0,0,0,0,0,0,0,4.761904716491699,0,0,4.761904716491699,0,64023.05780029297,128376.27624511719,192.3536376953125,100,0,335872,33210380288,8589930496,1930928128,0
200,1737286524425,2100,535,870,1499,400,913,1362,1420,1397,1496,1220,1499,100,0,0,0,0,0,0,0,0,0,4.761904716491699,0,0,64024.73132324219,128376.86254882813,192.3536376953125,100.41841125488281,0,335872,33210380288,8589930496,1930928128,0
200,1737286524625,2100,541,400,400,1942,400,1294,1404,400,1299,1060,1386,100,0,0,0,0,0,0,0,0,0,4.761904716491699,0,0,64026.418029785156,128377.43963623047,192.3536376953125,100.41841125488281,0,335872,33210380288,8589930496,1930928128,0
200,1737286524825,2100,1796,1431,1499,2100,1816,1499,1499,1500,1456,1446,1287,100,0,0,0,0,0,4.761904716491699,0,4.761904716491699,0,0,0,0,64027.88720703125,128377.90393066406,192.3536376953125,100,0,335872,33210380288,8589930496,1930928128,0
200,1737286525025,2099,1777,1273,1499,1645,2013,1314,1380,1500,1376,1472,1500,100,0,0,0,9.090909004211426,0,0,0,0,0,0,0,0,64029.27294921875,128378.30377197266,192.3536376953125,99.58505249023438,0,335872,33210380288,8589930496,1930928128,0
200,1737286525225,2100,1907,1440,1447,2100,1964,1500,1464,1443,1499,1114,1307,100,0,0,0,9.090909004211426,0,0,0,0,0,0,0,0,64030.74743652344,128378.7437133789,192.3536376953125,101.26582336425781,0,335872,33210380288,8589930496,1930928128,0
200,1737286525425,2100,2047,1242,1423,1993,1774,1372,1401,1347,1331,1364,1439,100,0,0,0,9.090909004211426,0,0,0,0,0,0,0,0,64032.07403564453,128379.11322021484,192.3536376953125,50.10437774658203,0,335872,33210380288,8589930496,1930031104,0
200,1737286525626,2100,2050,1344,1407,1525,2100,1474,1412,1350,1381,1455,1500,100,0,0,0,9.090909004211426,0,0,0,0,0,0,0,0,64033.469177246094,128379.59790039063,192.3536376953125,100.41841125488281,0,335872,33210380288,8589930496,1930031104,0
200,1737286525826,2100,1901,400,400,1747,1621,1408,1199,1372,1441,400,400,100,0,0,0,9.090909004211426,0,0,0,0,0,0,0,0,64034.91583251953,128380.22485351563,192.3536376953125,100,0,335872,33210380288,8589930496,1932726272,0
200,1737286526026,2099,2100,1479,1500,1976,2003,1500,1500,1477,1482,1403,1467,100,0,0,0,9.090909004211426,0,0,0,0,0,0,0,0,64036.361083984375,128380.86297607422,192.3536376953125,100.41841125488281,0,335872,33210380288,8589930496,1932726272,0
200,1737286526226,2100,1948,1499,1500,2024,2100,1500,1499,1499,1499,1500,1499,100,0,0,0,9.090909004211426,0,0,0,0,0,0,0,0,64037.791564941406,128381.4912109375,192.3536376953125,105.4393310546875,0,335872,33210380288,8589930496,1932726272,0
200,1737286526426,2099,1974,1462,1427,1780,1787,1212,1272,1266,1190,1473,1455,100,0,0,0,9.090909004211426,0,0,0,0,0,0,0,0,64039.236389160156,128382.12329101563,192.3536376953125,95,0,335872,33210380288,8589930496,1929437184,0
200,1737286526627,2100,1948,400,400,998,2100,1404,1476,1399,1362,1141,400,100,0,0,0,9.090909004211426,0,0,0,0,0,0,0,0,64040.633361816406,128382.6499633789,192.3536376953125,100.41841125488281,0,335872,33210380288,8589930496,1929437184,0
200,1737286526827,2100,548,1431,1386,400,1293,851,958,400,400,1436,1441,100,0,0,0,9.090909004211426,0,0,0,0,0,0,0,0,64042.049560546875,128383.05908203125,192.3536376953125,100.41841125488281,0,335872,33210380288,8589930496,1929437184,0
200,1737286527027,2100,2100,1500,1455,2099,2100,1385,1420,1418,1411,1268,1468,100,0,0,0,0,0,0,0,4.761904716491699,0,0,0,0,64043.676696777344,128383.60131835938,192.3536376953125,100.41841125488281,0,335872,33210380288,8589930496,1929437184,0
200,1737286527227,2100,1928,1452,1478,1945,1949,1499,1360,1408,1409,1499,1467,100,0,0,0,0,0,0,0,0,0,0,0,0,64045.34100341797,128384.17742919922,192.3536376953125,100.41841125488281,0,335872,33210380288,8589930496,1929437184,0
200,1737286527427,2100,2003,1398,1457,2011,2099,1498,1459,1448,1429,1319,1421,100,0,0,0,0,0,0,0,0,0,0,0,0,64047.060546875,128384.77117919922,192.3536376953125,100,0,335872,33210380288,8589930496,1929408512,0
200,1737286527628,2099,1953,400,400,1590,1961,1461,1500,1467,1463,1083,1499,100,0,0,0,4.761904716491699,0,0,0,0,0,0,0,0,64048.4970703125,128385.21307373047,192.3536376953125,100.84033203125,0,335872,33210380288,8589930496,1929408512,0
200,1737286527828,2100,2040,867,400,1560,1449,400,1453,1435,1433,400,400,100,0,0,0,0,0,0,0,0,0,0,0,0,64049.90350341797,128385.62194824219,192.3543701171875,99.58505249023438,0,335872,33210380288,8589930496,1929408512,0
200,1737286528028,2100,1926,1484,400,1904,1945,1419,1500,1480,400,1428,1500,100,0,0,0,0,0,0,0,0,0,0,0,0,64051.39245605469,128386.06677246094,192.3543701171875,100.84033203125,0,335872,33210380288,8589930496,1929408512,0
200,1737286528228,2100,1857,1350,1484,2099,2100,1459,1439,1475,1476,1323,400,100,4.761904716491699,4.761904716491699,4.761904716491699,0,0,0,0,0,0,0,0,0,64052.712463378906,128386.43127441406,192.3543701171875,100,0,335872,33210380288,8589930496,1929408512,0
200,1737286528428,2100,2100,1479,1475,2021,2100,1499,1499,1499,1499,1470,1436,100,4.761904716491699,4.761904716491699,4.761904716491699,0,0,0,0,0,0,0,0,0,64054.13024902344,128386.93377685547,192.3543701171875,100,0,335872,33210380288,8589930496,1925521408,0
200,1737286528628,2100,1835,1222,1376,1947,1732,1500,1448,1440,1436,1145,1136,100,0,0,0,0,0,4.761904716491699,0,0,0,0,0,0,64055.553283691406,128387.55841064453,192.3543701171875,100.84033203125,0,335872,33210380288,8589930496,1929125888,0
200,1737286528829,2100,548,1084,1369,986,1541,1414,1401,1379,1433,1170,1446,100,0,0,0,0,4.761904716491699,0,0,5,0,5,0,0,64057.0126953125,128388.1948852539,192.3543701171875,100,0,335872,33210380288,8589930496,1929125888,0
200,1737286529029,2100,1954,1500,1500,1979,2100,1391,1383,1413,1406,400,1499,100,0,0,0,4.761904716491699,0,0,0,0,4.761904716491699,0,5,0,64058.475830078125,128388.83630371094,192.3543701171875,100.84033203125,0,335872,33210380288,8589930496,1929125888,0
200,1737286529229,2100,1773,1289,1225,1925,1838,1270,1284,1279,1242,1381,1205,100,0,0,0,4.761904716491699,0,0,0,0,4.761904716491699,0,5,0,64059.89636230469,128389.45379638672,192.3543701171875,104.5643081665039,0,335872,33210380288,8589930496,1929125888,0
200,1737286529429,2100,1964,1499,1499,2099,1997,1480,1453,1477,1481,1363,1426,100,0,0,0,4.761904716491699,0,0,0,0,4.761904716491699,0,5,0,64061.31219482422,128389.98358154297,192.3543701171875,47.79874038696289,0,335872,33210380288,8589930496,1929125888,0
199,1737286529629,2100,2100,1440,1451,1975,1909,1484,1434,1449,1473,1304,1404,100,1.6949152946472168,0,1.6666667461395264,0,0,1.6666667461395264,1.6393442153930664,0,1.6666667461395264,0,0,0,64062.74932861328,128390.40362548828,192.3543701171875,50.31446838378906,0,335872,33210380288,8589930496,1929125888,0
200,1737286529829,2099,1918,1112,400,400,1894,1322,400,1469,1473,1126,1085,100,0,0,0,0,4.761904716491699,0,0,0,0,0,0,0,64064.352294921875,128390.92962646484,192.3543701171875,100,0,335872,33210380288,8589930496,1929125888,0
200,1737286530030,2099,1908,1093,1179,1846,1993,1462,1466,1399,1368,1286,1396,100,0,0,0,0,4.761904716491699,0,0,0,0,0,0,0,64066.023010253906,128391.50952148438,192.3543701171875,100,0,335872,33210380288,8589930496,1929125888,0
200,1737286530230,2100,1600,1457,1466,1799,1761,1230,1260,1167,1185,1339,1414,100,0,0,0,0,4.761904716491699,0,0,0,0,0,0,0,64067.731994628906,128392.09979248047,192.3543701171875,50.209205627441406,0,335872,33210380288,8589930496,1929125888,0
200,1737286530430,2100,2100,1445,1498,1937,2100,1500,1500,1347,1500,400,400,100,0,0,0,0,4.761904716491699,0,0,0,0,0,0,0,64069.17333984375,128392.54620361328,192.3543701171875,99.58505249023438,0,335872,33210380288,8589930496,1929125888,0
199,1737286530630,2099,1956,1335,1401,1684,1788,1437,1500,1482,1433,1373,1394,100,0,0,0,0,4.761904716491699,0,0,0,0,0,0,0,64070.562561035156,128392.94403076172,192.3543701171875,100.41841125488281,0,335872,33210380288,8589930496,1929125888,0
200,1737286530830,2100,2100,1479,1418,2100,400,1433,1368,400,1475,1397,1469,100,0,0,0,0,4.761904716491699,0,0,0,0,0,0,0,64072.053466796875,128393.39044189453,192.3543701171875,100.41841125488281,0,335872,33210380288,8589930496,1929125888,0
200,1737286531030,2100,1987,1374,1357,2100,2100,1362,1403,1378,1403,400,1320,100,0,0,0,4.761904716491699,0,0,0,0,0,0,0,0,64073.38171386719,128393.75732421875,192.3543701171875,100.41841125488281,0,335872,33210380288,8589930496,1929125888,0
200,1737286531230,2100,1879,1404,1385,2100,1948,1433,1424,1465,1454,864,400,100,0,0,0,0,0,0,0,0,0,0,0,0,64074.810974121094,128394.24822998047,192.3543701171875,100.41841125488281,0,335872,33210380288,8589930496,1923145728,0
200,1737286531431,2100,511,400,400,993,1536,1337,1414,1454,1350,1113,1339,100,0,0,0,0,0,0,0,0,0,0,0,0,64076.25012207031,128394.87976074219,192.3543701171875,100,0,335872,33210380288,8589930496,1929797632,0
200,1737286531631,2100,1895,400,400,1965,1963,1294,400,1377,1234,400,400,100,0,0,0,0,0,0,0,0,0,0,0,0,64077.690673828125,128395.50415039063,192.3543701171875,105.4393310546875,0,335872,33210380288,8589930496,1929797632,0
200,1737286531831,2100,2054,1474,1421,1938,2100,1500,400,1499,1500,1415,1424,100,0,0,0,0,0,0,0,0,4.761904716491699,0,0,0,64079.15362548828,128396.14093017578,192.3543701171875,100.41841125488281,0,335872,33210380288,8589930496,1929797632,0
200,1737286532031,2100,1618,1416,1369,1859,2100,1500,1349,1469,1499,1360,1355,100,0,0,0,4.761904716491699,0,5,0,0,0,0,0,0,64080.59521484375,128396.77160644531,192.3543701171875,95,0,335872,33210380288,8589930496,1929797632,0
200,1737286532231,2100,1888,1499,1500,2100,1846,1339,1445,1496,1497,1436,1462,100,0,0,0,4.761904716491699,0,5,0,0,0,0,0,0,64082.03387451172,128397.36810302734,192.3543701171875,104.99999237060547,0,335872,33210380288,8589930496,1929797632,0
200,1737286532431,2099,2050,1433,1465,1979,2100,1436,1428,1421,1396,1456,1396,100,0,0,0,0,4.761904716491699,0,0,0,0,4.761904716491699,0,0,64083.44348144531,128397.78039550781,192.3543701171875,100.41841125488281,0,335872,33210380288,8589930496,1929297920,0
200,1737286532632,2100,2030,1094,1398,2100,1874,1280,1404,1421,1210,1220,1396,100,0,0,0,0,4.761904716491699,0,0,0,0,4.761904716491699,0,0,64084.998291015625,128398.27532958984,192.3543701171875,50.10437774658203,0,335872,33210380288,8589930496,1929297920,0
200,1737286532832,2100,1804,1291,400,1902,1947,1216,400,400,400,1028,1240,100,0,0,0,0,4.761904716491699,0,0,0,0,4.761904716491699,0,0,64086.690185546875,128398.86346435547,192.3543701171875,100.41841125488281,0,335872,33210380288,8589930496,1929297920,0
199,1737286533032,2100,1806,400,1425,1872,2099,1500,1468,1487,1500,1359,1337,100,0,0,0,0,4.761904716491699,0,0,0,0,4.761904716491699,0,0,64088.36877441406,128399.42181396484,192.3543701171875,100.84033203125,0,335872,33210380288,8589930496,1929297920,0
200,1737286533232,2100,2100,1456,1463,2100,1954,1499,1486,1487,1464,1376,1459,100,0,0,0,0,4.761904716491699,0,0,0,0,4.761904716491699,0,0,64089.90197753906,128399.92083740234,192.3543701171875,100,0,335872,33210380288,8589930496,1929297920,0
200,1737286533432,2100,1971,1148,1500,2100,2099,1428,1443,1443,1392,1500,1499,100,0,0,0,0,4.761904716491699,0,0,0,0,4.761904716491699,0,0,64091.31042480469,128400.32946777344,192.3543701171875,100,0,335872,33210380288,8589930496,1927110656,0
200,1737286533632,2099,535,1447,1114,1834,1978,1499,1409,1457,1429,947,1189,100,0,0,0,0,4.761904716491699,0,0,0,0,4.761904716491699,0,0,64092.77551269531,128400.76483154297,192.3543701171875,100.41841125488281,0,335872,33210380288,8589930496,1927110656,0
200,1737286533833,2100,2099,1434,1282,1970,1931,1465,1330,1378,1454,1064,1293,100,0.6410256624221802,0.6289308071136475,0.625,0.6289308071136475,0,0,0,1.2422360181808472,0.625,0.625,0.625,0,64094.142517089844,128401.15142822266,192.3543701171875,100.41841125488281,0,335872,33210380288,8589930496,1927110656,0
200,1737286534033,2100,504,400,400,1478,400,400,1500,1406,1315,400,400,100,0,0,0,0,0,0,4.761904716491699,0,0,0,0,0,64095.53106689453,128401.6021118164,192.3543701171875,100.41841125488281,0,335872,33210380288,8589930496,1927110656,0
200,1737286534233,2100,2099,1459,1499,2100,2100,1341,1499,1462,1461,400,1481,100,0,0,0,0,4.761904716491699,4.761904716491699,5,0,0,0,0,0,64096.983154296875,128402.23016357422,192.3543701171875,100.84033203125,0,335872,33210380288,8589930496,1928843264,0
200,1737286534433,2100,1987,1500,1499,1781,1973,1478,1456,1470,1499,1470,1438,100,0,0,0,0,0,0,0,0,0,0,0,0,64098.43127441406,128402.8637084961,192.3543701171875,100.41841125488281,0,335872,33210380288,8589930496,1929519104,0
200,1737286534633,2099,1910,1273,1373,2100,1921,1447,1422,1434,1423,1341,1360,100,0,0,0,0,0,0,0,0,0,0,0,0,64099.87615966797,128403.4912109375,192.3543701171875,100,0,335872,33210380288,8589930496,1929519104,0
200,1737286534833,2100,1637,1500,1275,1543,1960,1414,1253,1395,1389,1422,1453,100,0,0,0,0,4.761904716491699,0,0,0,0,0,5,0,64101.348876953125,128404.13195800781,192.3543701171875,100.41841125488281,0,335872,33210380288,8589930496,1929519104,0
200,1737286535034,2100,2100,400,400,1705,400,1377,1440,1328,1448,843,400,100,5,0,0,0,0,0,0,0,4.761904716491699,0,0,0,64102.75891113281,128404.68933105469,192.3543701171875,100.41841125488281,0,335872,33210380288,8589930496,1929519104,0
199,1737286535234,2100,1700,1201,1290,1718,1902,1242,1361,1357,1411,1410,1347,100,5,0,0,0,0,0,0,0,4.761904716491699,0,0,0,64104.178649902344,128405.10327148438,192.3543701171875,100.41841125488281,0,335872,33210380288,8589930496,1929519104,0
200,1737286535434,2100,2008,1438,1446,2022,1884,1499,1499,1500,1480,1479,1368,100,0,5,0,0,0,0,0,0,0,0,0,0,64105.759826660156,128405.61169433594,192.3543701171875,100.41841125488281,0,335872,33210380288,8589930496,1929519104,0
200,1737286535634,2100,1908,1390,1460,2009,1847,1476,1499,1482,1471,400,1326,100,0,0,0,0,0,0,0,0,0,0,0,0,64107.44744873047,128406.20770263672,192.3543701171875,100,0,335872,33210380288,8589930496,1929519104,0
200,1737286535834,2100,1991,1393,1286,1728,1723,1480,1500,1472,1489,1363,1361,100,4.761904716491699,0,0,0,0,0,0,0,0,0,0,0,64109.143798828125,128406.78326416016,192.3543701171875,100.41841125488281,0,335872,33210380288,8589930496,1929519104,0
200,1737286536034,2100,2007,1467,1408,2100,2100,1448,1449,1442,1407,1400,1332,100,4.761904716491699,0,0,0,0,0,0,0,0,0,0,0,64110.63000488281,128407.25598144531,192.3543701171875,100,0,335872,33210380288,8589930496,1929519104,0
199,1737286536235,2100,1916,1499,1332,1345,637,1499,400,1446,1453,1405,1499,100,0,0,0,4.761904716491699,0,4.761904716491699,0,0,0,0,0,0,64112.02355957031,128407.6558227539,192.3543701171875,100.41841125488281,0,335872,33210380288,8589930496,1929519104,0
200,1737286536435,2100,2100,1439,1422,2100,1753,1500,1499,1275,1500,1396,1347,100,0,0,0,0,0,0,0,0,0,0,0,0,64113.505310058594,128408.09594726563,192.3543701171875,100,0,335872,33210380288,8589930496,1929519104,0
200,1737286536635,2100,1834,400,400,400,1738,1328,1189,400,400,1410,400,100,0,0,0,0,0,0,0,0,0,0,0,0,64114.84289550781,128408.46936035156,192.3543701171875,100.41841125488281,0,335872,33210380288,8589930496,1929519104,0
200,1737286536835,2100,2100,1480,1500,2100,2100,1409,1323,1419,400,1273,1500,100,0,0,0,0,0,0,0,0,0,0,0,0,64116.24792480469,128408.94793701172,192.3543701171875,50.209205627441406,0,335872,33210380288,8589930496,1929519104,0
200,1737286537035,2100,1877,1468,1477,1751,1760,1464,1499,1500,1455,1437,1469,100,0,0,0,0,0,0,0,0,0,0,0,0,64117.68572998047,128409.57415771484,192.3543701171875,100.41841125488281,0,335872,33210380288,8589930496,1932533760,0
200,1737286537236,2100,1643,1006,400,1067,1921,1499,1468,1479,1462,1264,1085,100,0,0,0,0,0,0,0,0,0,0,0,0,64119.14453125,128410.2074584961,192.3543701171875,95.39749145507813,0,335872,33210380288,8589930496,1932533760,0
200,1737286537436,2100,2064,1390,1356,2100,2100,1499,1499,1431,1500,1380,1452,100,0,0,0,0,0,0,0,0,0,0,0,0,64120.587646484375,128410.84204101563,192.3543701171875,105.4393310546875,0,335872,33210380288,8589930496,1929543680,0
200,1737286537636,2100,2100,1486,1482,1621,2099,400,1499,1500,1478,1454,1455,100,0,0.8333333730697632,0.8333333730697632,0,0,0,0,0.8333333730697632,0.8333333730697632,1.6393442153930664,0,0,64122.04089355469,128411.47650146484,192.3543701171875,100.41841125488281,0,335872,33210380288,8589930496,1929543680,0
200,1737286537836,2099,2100,1499,1499,1945,1975,1373,1367,1403,1416,1500,1500,100,0,0,0,0,0,0,0,0,0,0,0,0,64123.446533203125,128412.01501464844,192.3543701171875,100.84033203125,0,335872,33210380288,8589930496,1929543680,0
200,1737286538036,2100,1995,1475,1300,2099,1935,1423,1500,1500,1500,1458,1464,100,4.761904716491699,0,0,4.761904716491699,0,0,4.761904716491699,0,0,0,0,0,64124.869567871094,128412.42791748047,192.3543701171875,100,0,335872,33210380288,8589930496,1929543680,0
200,1737286538236,2100,1977,1434,1424,1997,2100,1366,1398,1394,1410,1348,1382,100,0,0,4.761904716491699,0,5,0,0,0,0,0,0,0,64126.46356201172,128412.94653320313,192.3543701171875,100,0,335872,33210380288,8589930496,1929543680,0
200,1737286538437,2100,2061,1347,400,2100,1828,400,400,400,879,1395,1418,100,0,0,0,0,0,0,0,0,4.761904716491699,0,0,0,64128.14270019531,128413.52825927734,192.3543701171875,100.41841125488281,0,335872,33210380288,8589930496,1929523200,0
200,1737286538637,2099,2100,1500,1500,2099,1850,1302,1339,400,1335,1499,1315,100,0,0,0,0,0,0,0,0,0,0,0,0,64129.8388671875,128414.11346435547,192.3543701171875,100,0,335872,33210380288,8589930496,1929523200,0
199,1737286538837,2100,1773,1499,1500,2100,2100,1408,400,1415,1500,400,1500,100,0,0,0,0,4.761904716491699,4.761904716491699,0,0,0,0,4.761904716491699,0,64131.31787109375,128414.58093261719,192.3543701171875,100.41841125488281,0,335872,33210380288,8589930496,1929523200,0
200,1737286539037,2100,1960,1474,1462,1931,1954,1416,1359,1421,1473,1335,1461,100,0,0,0,0,0,0,0,4.761904716491699,0,0,0,0,64132.698791503906,128414.97332763672,192.3543701171875,100.41841125488281,0,335872,33210380288,8589930496,1929523200,0
200,1737286539237,2099,2100,1462,1395,1924,1678,1499,1483,1445,1480,1272,1345,100,5,0,0,0,0,0,0,0,0,0,0,0,64134.16748046875,128415.4066772461,192.3543701171875,100,0,335872,33210380288,8589930496,1929523200,0
200,1737286539437,2100,1982,1340,1408,770,400,1430,1477,1472,1474,1341,1414,100,5,0,0,0,0,0,0,0,0,0,0,0,64135.51495361328,128415.78448486328,192.3543701171875,100,0,335872,33210380288,8589930496,1929523200,0
200,1737286539638,2100,1791,1399,1146,1736,1013,1421,1453,1458,1358,1429,1500,100,0,0,0,0,0,0,5,0,0,0,0,0,64136.930603027344,128416.25964355469,192.3543701171875,100.84033203125,0,335872,33210380288,8589930496,1929523200,0
200,1737286539838,2100,1828,400,1433,1862,2100,1500,1286,1500,1499,400,1484,100,0,0,0,4.761904716491699,0,0,0,5,0,0,4.761904716491699,0,64138.36358642578,128416.88488769531,192.3543701171875,100,0,335872,33210380288,8589930496,1932718080,0
200,1737286540038,2100,1986,1484,1433,2100,2100,1500,1479,1438,400,400,1428,100,4.761904716491699,0,0,0,0,0,0,0,0,0,0,0,64139.83721923828,128417.52905273438,192.3543701171875,100.41841125488281,0,335872,33210380288,8589930496,1932718080,0
199,1737286540238,2100,2100,1499,1500,2100,1985,1477,1430,1437,1467,1499,1499,100,0,0,0,0,0,0,0,0,0,0,0,0,64141.28533935547,128418.1626586914,192.3543701171875,100.41841125488281,0,335872,33210380288,8589930496,1932718080,0
200,1737286540438,2100,1803,1383,1500,1953,1607,1438,1500,1484,1444,1286,1374,100,0,0,0,4.761904716491699,0,0,0,0,0,0,0,0,64142.71142578125,128418.78271484375,192.35498046875,100.41841125488281,0,335872,33210380288,8589930496,1929728000,0
200,1737286540638,2100,1684,1337,1461,1994,1999,1461,1414,1409,1439,400,1238,100,0,0,0,4.761904716491699,0,0,0,0,0,0,0,0,64144.12109375,128419.3364868164,192.35498046875,100.41841125488281,0,335872,33210380288,8589930496,1929728000,0
200,1737286540839,2100,1828,400,400,400,1964,1374,1299,1427,1500,1159,855,100,0,0,0,0,0,0,0,0,0,0,0,0,64145.543029785156,128419.75524902344,192.35498046875,100.84033203125,0,335872,33210380288,8589930496,1929728000,0
200,1737286541039,2100,1755,1381,1367,1997,1939,1129,1147,1098,1002,1339,1372,100,0,0,0,0,0,0,0,0,0,0,0,0,64147.11584472656,128420.25952148438,192.35498046875,100.41841125488281,0,335872,33210380288,8589930496,1929728000,0
199,1737286541239,2100,1735,1446,1500,1980,1731,1457,1486,1499,1467,1394,1289,100,0,0,0,0,4.761904716491699,0,0,0,0,0,0,0,64148.80114746094,128420.84948730469,192.35498046875,99.58505249023438,0,335872,33210380288,8589930496,1929728000,0
200,1737286541439,2100,2027,1500,1499,1887,1976,1370,1406,1499,1469,1430,1413,100,0,0,0,0,4.761904716491699,0,0,0,0,0,0,0,64150.49591064453,128421.4302368164,192.35498046875,100,0,335872,33210380288,8589930496,1929650176,0
200,1737286541639,2100,2072,1475,1421,2099,2100,1369,1357,1356,1434,400,1436,100,0,4.761904716491699,0,0,0,0,0,0,0,0,0,0,64151.98547363281,128421.91094970703,192.35498046875,100,0,335872,33210380288,8589930496,1929650176,0
200,1737286541839,2100,2044,1208,1343,1950,2000,1377,1180,1386,1453,1140,1291,100,0,4.761904716491699,0,0,0,0,0,0,0,0,0,0,64153.361389160156,128422.30279541016,192.35498046875,50.209205627441406,0,335872,33210380288,8589930496,1929650176,0
200,1737286542040,2100,540,1285,1216,400,1203,1369,1350,1404,1377,400,1288,100,0,4.761904716491699,0,0,0,0,0,0,0,0,0,0,64154.80578613281,128422.732421875,192.35498046875,100.41841125488281,0,335872,33210380288,8589930496,1929650176,0
200,1737286542240,2100,2034,1230,1377,400,1867,1430,1320,1279,1192,1255,1352,100,0,0,1.2345678806304932,0,1.25,0,1.25,0,1.2345678806304932,0,1.25,0,64156.15753173828,128423.11700439453,192.35498046875,100.41841125488281,0,335872,33210380288,8589930496,1929650176,0
200,1737286542440,2100,1812,1411,1499,1879,1901,1500,1499,1499,1500,1479,1464,100,0,0,0,0,0,4.761904716491699,4.761904716491699,0,4.761904716491699,0,0,0,64157.58416748047,128423.57275390625,192.35498046875,100.41841125488281,0,335872,33210380288,8589930496,1926361088,0
200,1737286542640,2099,2100,1392,1386,2100,1971,1427,1395,400,400,1299,1337,100,0,0,0,0,0,4.761904716491699,4.761904716491699,0,4.761904716491699,0,0,0,64159.01110839844,128424.19793701172,192.35498046875,100,0,335872,33210380288,8589930496,1932517376,0
200,1737286542840,2099,2042,1449,1411,1668,2100,1354,1292,1435,1428,1475,1444,100,0,0,0,5,0,0,0,0,0,0,0,0,64160.45782470703,128424.82830810547,192.35498046875,100.84033203125,0,335872,33210380288,8589930496,1932517376,0
200,1737286543041,2100,1706,1385,1500,1963,2100,1229,1272,1163,1275,1403,1410,100,5,0,0,0,0,0,0,0,0,0,0,0,64161.903564453125,128425.4609375,192.35498046875,104.99999237060547,0,335872,33210380288,8589930496,1932517376,0
200,1737286543241,2100,1687,1068,400,400,400,1456,1317,1362,1415,869,1117,100,5,0,0,0,0,0,0,0,0,0,0,0,64163.333984375,128426.08386230469,192.35498046875,95,0,335872,33210380288,8589930496,1932517376,0
200,1737286543441,2100,1134,1085,400,400,400,400,400,1422,1375,400,400,100,0,0,0,0,0,0,0,0,0,0,0,0,64164.772216796875,128426.70886230469,192.35498046875,100.41841125488281,0,335872,33210380288,8589930496,1929228288,0
200,1737286543641,2099,2000,1500,1499,2100,2100,1500,1499,1479,1500,1499,1428,100,0,0,0,0,0,0,0,0,0,0,0,0,64166.15856933594,128427.11749267578,192.35498046875,104.99999237060547,0,335872,33210380288,8589930496,1929211904,0
200,1737286543841,2100,2100,1324,1314,1915,1766,1435,1322,1464,1470,1230,1126,100,0,0,0,0,0,4.761904716491699,0,0,0,0,0,0,64167.675354003906,128427.5903930664,192.35498046875,100.84033203125,0,335872,33210380288,8589930496,1929211904,0
200,1737286544042,2100,2055,1397,1381,1908,1793,1310,1383,1403,1447,1196,1369,100,0,0,0,0,0,4.761904716491699,0,0,0,0,0,0,64169.36999511719,128428.17932128906,192.35498046875,99.58505249023438,0,335872,33210380288,8589930496,1929211904,0
200,1737286544242,2100,616,400,400,892,1961,1329,1368,1419,1419,955,918,100,0,0,0,0,4.761904716491699,0,0,4.761904716491699,0,0,0,0,64171.013427734375,128428.73748779297,192.35498046875,100.41841125488281,0,335872,33210380288,8589930496,1929211904,0
200,1737286544442,2100,1882,1481,1455,1950,2099,1500,1377,1500,1500,400,400,100,0,0,0,0,0,4.761904716491699,0,0,0,0,0,0,64172.62139892578,128429.29016113281,192.35498046875,100,0,335872,33210380288,8589930496,1929175040,0
200,1737286544642,2099,1962,1429,1389,1853,1955,1500,1500,1453,1480,1352,1429,100,0,0,0,0,0,0,4.761904716491699,0,0,0,0,0,64173.99444580078,128429.67395019531,192.35498046875,100,0,335872,33210380288,8589930496,1929175040,0
199,1737286544842,2100,1992,1443,1362,2099,2016,1500,1500,1500,1500,1410,1469,100,0,4.761904716491699,0,0,5,0,0,0,0,0,0,0,64175.42803955078,128430.08953857422,192.35498046875,100.41841125488281,0,335872,33210380288,8589930496,1929175040,0
200,1737286545042,2100,1704,400,400,1912,1626,1499,1381,1461,1389,877,400,100,0,0,0,0,0,0,4.761904716491699,0,4.761904716491699,0,0,0,64176.82116699219,128430.50146484375,192.35498046875,99.58505249023438,0,335872,33210380288,8589930496,1929175040,0
200,1737286545243,2100,2056,1441,1440,1957,2099,1443,1376,1450,1413,1362,1426,100,0,0,0,0,0,0,4.761904716491699,0,4.761904716491699,0,0,0,64178.189514160156,128430.89282226563,192.35498046875,100.84033203125,0,335872,33210380288,8589930496,1929175040,0
200,1737286545443,2099,2048,1405,1462,1703,1973,1453,1359,1422,1412,1363,1453,100,0,0,0,0,0,0,4.761904716491699,0,4.761904716491699,0,0,0,64179.634338378906,128431.52606201172,192.35498046875,50.209205627441406,0,335872,33210380288,8589930496,1932533760,0
200,1737286545643,2100,1778,1357,1446,1894,1842,1091,1136,1153,1112,1289,1409,100,0,0,0,0,0,0,4.761904716491699,0,4.761904716491699,0,0,0,64181.060485839844,128432.14624023438,192.35498046875,100,0,335872,33210380288,8589930496,1932533760,0
200,1737286545843,2100,1953,1447,1475,2100,2100,1415,1355,1271,1428,1485,1481,100,0,0,0,0,0,0,4.761904716491699,0,4.761904716491699,0,0,0,64182.514709472656,128432.78192138672,192.35498046875,95.39749145507813,0,335872,33210380288,8589930496,1932533760,0
200,1737286546043,2100,2057,1383,1272,1605,2100,1431,1481,1470,1474,1263,1325,100,0,0,0,0,0,0,4.761904716491699,0,4.761904716491699,0,0,0,64183.96112060547,128433.41589355469,192.35498046875,104.5643081665039,0,335872,33210380288,8589930496,1932533760,0
200,1737286546244,2100,2033,1499,1398,1612,1024,1229,1204,1237,400,1450,1500,100,0,0,0,0,0,0,4.761904716491699,0,4.761904716491699,0,0,0,64185.38806152344,128434.02685546875,192.35498046875,100.84033203125,0,335872,33210380288,8589930496,1932533760,0
200,1737286546444,2100,1688,1398,1419,1704,1955,1466,1471,1389,1463,1290,1264,100,0.7299270033836365,0.7142857313156128,0.7142857313156128,0.7142857313156128,0,0,0,0.7142857313156128,0.7142857313156128,0.7142857313156128,1.4184396266937256,0,64186.77215576172,128434.42993164063,192.35498046875,100.84033203125,0,335872,33210380288,8589930496,1932533760,0
200,1737286546644,2100,1803,400,400,1191,1844,1122,400,400,400,400,400,100,5,0,0,0,4.761904716491699,4.761904716491699,0,0,0,0,0,0,64188.28601074219,128434.89923095703,192.35498046875,100,0,335872,33210380288,8589930496,1932533760,0
200,1737286546844,2100,1958,1475,1499,2100,1996,400,1432,1459,1500,400,1499,100,0,0,0,0,0,0,0,0,0,0,0,0,64189.98498535156,128435.49334716797,192.35498046875,100.41841125488281,0,335872,33210380288,8589930496,1932533760,0
200,1737286547044,2100,1849,1388,1154,2099,2100,1499,1499,1289,1475,1189,1392,100,0,0,0,4.761904716491699,0,0,0,4.761904716491699,0,4.761904716491699,0,0,64191.643798828125,128436.05145263672,192.35498046875,100,0,335872,33210380288,8589930496,1932533760,0
200,1737286547245,2100,2047,1381,1419,1983,1706,1444,1468,1499,1411,1104,1410,100,0,0,0,4.761904716491699,0,0,0,4.761904716491699,0,4.761904716491699,0,0,64193.228759765625,128436.59088134766,192.35498046875,100,0,335872,33210380288,8589930496,1932533760,0
200,1737286547445,2100,1945,1412,1366,1224,1960,1411,1433,1358,1457,1145,1420,100,0,0,0,0,0,0,0,0,0,0,0,0,64194.599548339844,128436.97631835938,192.35498046875,100.41841125488281,0,335872,33210380288,8589930496,1932533760,0
200,1737286547645,2099,1833,1499,1499,1844,2029,1500,1448,1443,1446,1500,1451,100,0,0,0,0,4.761904716491699,0,4.761904716491699,0,0,0,0,0,64196.0380859375,128437.39947509766,192.35498046875,100,0,335872,33210380288,8589930496,1932533760,0
200,1737286547845,2099,2100,1500,1500,1961,2100,1500,1336,1500,1500,1099,1375,100,0,0,0,0,0,0,0,0,0,0,0,0,64197.41632080078,128437.79595947266,192.35498046875,100.41841125488281,0,335872,33210380288,8589930496,1932533760,0
200,1737286548045,2099,1734,1425,1431,1887,1840,1500,1486,1424,1438,1476,1499,100,0,0,0,4.761904716491699,0,4.761904716491699,0,0,0,0,0,0,64198.77941894531,128438.18426513672,192.35498046875,100,0,335872,33210380288,8589930496,1932533760,0
200,1737286548245,2100,1935,1360,1327,1914,1967,1401,1500,1414,1446,1343,1371,100,0,0,4.761904716491699,0,0,0,0,0,4.761904716491699,0,0,0,64200.242736816406,128438.8257446289,192.35498046875,100,0,335872,33210380288,8589930496,1928757248,0
200,1737286548446,2100,510,1403,1473,2100,894,1500,1362,1419,1500,400,1380,100,0,0,0,0,0,0,0,0,0,0,0,0,64201.671936035156,128439.45477294922,192.35498046875,95.39749145507813,0,335872,33210380288,8589930496,1929580544,0
200,1737286548646,2099,1865,1426,1468,1952,2100,1453,1500,1500,1479,1352,1469,100,0,0,0,0,0,0,0,0,0,0,4.761904716491699,0,64203.118713378906,128440.08801269531,192.35498046875,105.8823471069336,0,335872,33210380288,8589930496,1929580544,0
200,1737286548846,2099,487,1383,1423,2100,2100,1500,1500,1264,1499,1398,400,100,0,0,0,0,0,0,0,0,0,0,4.761904716491699,0,64204.571044921875,128440.72271728516,192.35498046875,100,0,335872,33210380288,8589930496,1929580544,0
200,1737286549046,2100,2100,1478,1473,2100,2100,1446,1474,1411,1466,1420,400,100,4.761904716491699,0,0,0,4.761904716491699,0,0,0,0,0,0,0,64205.994140625,128441.34478759766,192.35498046875,100.41841125488281,0,335872,33210380288,8589930496,1929580544,0
200,1737286549246,2100,1895,1444,1455,2100,1994,1479,1481,1408,1450,1441,1424,100,4.761904716491699,0,0,0,4.761904716491699,0,0,0,0,0,0,0,64207.36950683594,128441.74243164063,192.35498046875,50.209205627441406,0,335872,33210380288,8589930496,1929580544,0
200,1737286549447,2100,2035,1436,1365,2100,1919,400,1460,1375,1461,1232,1298,100,4.761904716491699,0,0,0,4.761904716491699,0,0,0,0,0,0,0,64208.87683105469,128442.21362304688,192.35498046875,100.41841125488281,0,335872,33210380288,8589930496,1929580544,0
199,1737286549647,2100,1992,1499,1447,2006,2100,1500,1500,1500,1467,1463,1499,100,4.761904716491699,0,0,0,4.761904716491699,0,0,0,0,0,0,0,64210.58776855469,128442.81121826172,192.35498046875,100,0,335872,33210380288,8589930496,1929580544,0
199,1737286549847,2100,2100,1444,1415,2100,2039,1469,1499,1500,1499,1395,1450,100,4.761904716491699,0,0,0,4.761904716491699,0,0,0,0,0,0,0,64212.222229003906,128443.36138916016,192.35498046875,100.41841125488281,0,335872,33210380288,8589930496,1929580544,0
200,1737286550047,2099,2032,1423,1422,1934,1824,1199,1163,1221,1206,400,1438,100,4.761904716491699,0,0,0,4.761904716491699,0,0,0,0,0,0,0,64213.83953857422,128443.90869140625,192.35498046875,100.41841125488281,0,335872,33210380288,8589930496,1929580544,0
200,1737286550247,2099,1767,400,1433,400,1861,1114,1167,1357,1301,400,1500,100,4.761904716491699,0,0,0,4.761904716491699,0,0,0,0,0,0,0,64215.217224121094,128444.3080444336,192.35498046875,50.209205627441406,0,335872,33210380288,8589930496,1929580544,0
200,1737286550447,2100,2100,1442,1474,1970,2009,1445,1476,1421,1450,1376,1430,100,4.761904716491699,0,0,0,4.761904716491699,0,0,0,0,0,0,0,64216.633361816406,128444.72064208984,192.35565185546875,100,0,335872,33210380288,8589930496,1929580544,0
200,1737286550647,2100,1646,1187,1155,1571,1928,1421,1428,1410,1499,1253,1181,100,4.761904716491699,0,0,0,4.761904716491699,0,0,0,0,0,0,0,64218.04522705078,128445.13104248047,192.35565185546875,100,0,335872,33210380288,8589930496,1929580544,0
200,1737286550848,2100,1704,400,400,1953,1846,400,1261,1447,1404,400,400,100,4.761904716491699,0,0,0,4.761904716491699,0,0,0,0,0,0,0,64219.425537109375,128445.52551269531,192.35565185546875,100.41841125488281,0,335872,33210380288,8589930496,1929580544,0
200,1737286551048,2100,2026,1200,1002,1930,1872,1297,400,722,400,912,1251,100,4.761904716491699,0,0,0,4.761904716491699,0,0,0,0,0,0,0,64220.86798095703,128446.13098144531,192.35565185546875,100.41841125488281,0,335872,33210380288,8589930496,1932660736,0
200,1737286551248,2100,1985,400,1479,2100,2100,1414,1500,1500,1442,1500,400,100,0,0,0,0,4.761904716491699,0,0,0,0,0,0,0,64222.29821777344,128446.75537109375,192.35565185546875,100.41841125488281,0,335872,33210380288,8589930496,1932660736,0
200,1737286551448,2099,2100,1491,1469,1914,1849,1429,1456,1419,1476,400,1392,100,4.761904716491699,0,0,0,0,0,0,0,0,0,0,0,64223.7587890625,128447.3931274414,192.35565185546875,100,0,335872,33210380288,8589930496,1929371648,0
200,1737286551648,2100,1964,1468,1500,2100,1964,1338,1370,1382,1324,1500,1500,100,4.761904716491699,0,0,0,0,0,0,0,0,0,0,0,64225.21008300781,128448.02178955078,192.35565185546875,100.41841125488281,0,335872,33210380288,8589930496,1929371648,0
200,1737286551848,2099,1490,1327,1157,1798,1992,1200,1429,1443,1468,1048,400,100,0,0,0,0,0,0,0,5,0,4.761904716491699,0,0,64226.64208984375,128448.64880371094,192.35565185546875,99.58505249023438,0,335872,33210380288,8589930496,1929371648,0
200,1737286552049,2100,1739,1500,1423,1990,1995,1368,1473,1500,1500,1499,1394,100,0,0,0,0,0,0,0,0,0,4.761904716491699,0,0,64228.066833496094,128449.13189697266,192.35565185546875,100.84033203125,0,335872,33210380288,8589930496,1929371648,0
200,1737286552249,2100,2071,1404,1460,2100,1819,1499,1466,1499,1500,1453,1469,100,0,0,0,0,0,0,0,0,0,4.761904716491699,0,0,64229.52160644531,128449.56945800781,192.35565185546875,100,0,335872,33210380288,8589930496,1929371648,0
200,1737286552449,2100,2100,1439,400,2100,1911,1438,1476,1480,1499,1322,1499,100,0,0,0,0,0,4.761904716491699,0,0,0,0,0,0,64231.17419433594,128450.11492919922,192.35565185546875,100.41841125488281,0,335872,33210380288,8589930496,1929236480,0
200,1737286552649,2099,1817,1264,1433,2025,1885,1500,1500,1499,1391,1344,1205,100,0,0,4.761904716491699,0,0,0,0,0,0,0,0,0,64232.84112548828,128450.69067382813,192.35565185546875,100.41841125488281,0,335872,33210380288,8589930496,1929236480,0
200,1737286552849,2019,1701,1436,1459,1761,1314,1321,400,1275,1311,1463,1469,100,0,0,0,4.761904716491699,0,0,0,0,0,0,0,0,64234.579345703125,128451.30212402344,192.35565185546875,100.41841125488281,0,335872,33210380288,8589930496,1929236480,0
200,1737286553050,2100,2099,1435,1500,1828,2100,1500,1499,970,1421,1500,1500,100,0,0,0,0,0,0,0,0,0,0,0,0,64235.932067871094,128451.6801147461,192.35565185546875,100,0,335872,33210380288,8589930496,1929236480,0
199,1737286553250,2099,496,400,1144,400,1914,1373,1323,1500,1405,400,400,100,0,0,0,0,0,0,0,0,0,0,0,0,64237.31286621094,128452.0712890625,192.35565185546875,100.41841125488281,0,335872,33210380288,8589930496,1929236480,0
200,1737286553450,2100,2100,1424,1450,2099,2100,1376,1431,1473,1471,1392,1398,100,4.761904716491699,0,0,0,0,0,0,0,0,0,0,0,64238.78546142578,128452.51171875,192.35565185546875,100.41841125488281,0,335872,33210380288,8589930496,1929236480,0
199,1737286553650,2100,1807,1483,1500,2100,1967,1351,1399,1367,1387,1478,1478,100,0,0,0,0,0,0,0,5,0,0,0,0,64240.13055419922,128452.88537597656,192.35565185546875,99.58505249023438,0,335872,33210380288,8589930496,1929236480,0
200,1737286553850,2099,1900,1418,1420,2100,1956,1330,1231,1298,1336,1477,1430,100,0,0,0,0,0,0,0,5,0,0,0,0,64241.54461669922,128453.43914794922,192.35565185546875,100,0,335872,33210380288,8589930496,1924153344,0
200,1737286554050,2100,2045,1405,1444,2099,1763,1391,1356,1227,1426,1457,1450,100,0,0,0,0,0,0,0,5,0,0,0,0,64243.004943847656,128454.07647705078,192.35565185546875,50.31446838378906,0,335872,33210380288,8589930496,1931993088,0
200,1737286554251,2099,533,916,400,1578,1878,1405,400,1444,1370,878,400,100,0,0,0,0,0,0,0,5,0,0,0,0,64244.44024658203,128454.70526123047,192.35565185546875,105.8823471069336,0,335872,33210380288,8589930496,1931993088,0
200,1737286554451,2100,1801,1492,662,400,1953,1305,1412,1351,1403,1210,400,100,0,0,0,0,0,0,0,5,0,0,0,0,64245.88995361328,128455.33660888672,192.35565185546875,95,0,335872,33210380288,8589930496,1930194944,0
200,1737286554651,2100,2100,1393,1351,1985,1702,1396,1475,1292,1454,1366,1499,100,0,0,0,0,0,0,0,5,0,0,0,0,64247.353942871094,128455.97521972656,192.35565185546875,99.58505249023438,0,335872,33210380288,8589930496,1930194944,0
200,1737286554851,2100,2099,1448,1410,2100,1986,1499,1236,1472,1472,1347,1400,100,0,0,0,0,0,0,0,5,0,0,0,0,64248.72204589844,128456.41662597656,192.35565185546875,99.58505249023438,0,335872,33210380288,8589930496,1930194944,0
200,1737286555051,2099,1931,1373,1317,2053,2100,1479,1499,1499,1446,400,1437,100,0,0,0,0,0,0,0,5,0,0,0,0,64250.188232421875,128456.8588256836,192.35565185546875,50.10437774658203,0,335872,33210380288,8589930496,1930194944,0
199,1737286555251,2099,1991,1358,1313,1988,1804,1408,1415,1346,1453,1322,1252,100,0,0,0,0,0,0,0,5,0,0,0,0,64251.872985839844,128457.42309570313,192.35565185546875,100.41841125488281,0,335872,33210380288,8589930496,1930194944,0
200,1737286555452,2100,2100,1447,1477,1896,1911,1413,1405,1400,1404,1375,1468,100,0,0,0,0,0,0,0,5,0,0,0,0,64253.53955078125,128457.99841308594,192.35565185546875,100.41841125488281,0,335872,33210380288,8589930496,1929949184,0
200,1737286555652,2099,1931,880,400,400,1872,1398,1370,400,1160,864,400,100,0,0,0,0,0,4.761904716491699,0,0,0,0,0,0,64255.24481201172,128458.59741210938,192.35565185546875,100.41841125488281,0,335872,33210380288,8589930496,1929949184,0
200,1737286555852,2100,1928,1477,1380,2099,1981,1442,1485,1433,1484,1500,1438,100,5,0,0,0,0,0,0,0,4.761904716491699,0,0,0,64256.59436035156,128458.97052001953,192.35565185546875,100.84033203125,0,335872,33210380288,8589930496,1929949184,0
199,1737286556052,2100,2100,1499,1500,1962,1982,1475,1500,1485,1468,1500,1499,100,4.761904716491699,4.761904716491699,4.761904716491699,0,0,0,0,0,0,0,0,0,64258.01428222656,128459.38311767578,192.35565185546875,99.58505249023438,0,335872,33210380288,8589930496,1929949184,0
200,1737286556252,2100,666,400,1499,2100,1634,1354,1420,1318,1338,1474,1282,100,0,0,0,0,0,0,0,0,0,0,0,0,64259.45391845703,128459.80474853516,192.35565185546875,100,0,335872,33210380288,8589930496,1929949184,0
200,1737286556452,2100,2009,1353,1428,2100,2100,1453,1339,1340,1272,1365,1317,100,0,0,0,0,0,0,0,0,0,0,0,0,64260.795959472656,128460.16870117188,192.35565185546875,100.41841125488281,0,335872,33210380288,8589930496,1929949184,0
200,1737286556652,2099,2045,1227,1245,1985,1971,1411,1464,1404,1373,1307,1280,100,0,0,0,0,0,0,0,0,0,0,0,0,64262.21691894531,128460.74249267578,192.35565185546875,50.209205627441406,0,335872,33210380288,8589930496,1928716288,0
200,1737286556853,2100,1881,400,400,1597,1872,1430,1134,1259,1373,400,400,100,0,0,0,0,0,0,0,0,0,0,0,0,64263.67510986328,128461.3764038086,192.35565185546875,105.8823471069336,0,335872,33210380288,8589930496,1928716288,0
200,1737286557053,2099,2038,400,400,1822,400,979,400,843,400,1205,400,100,0,0,0,0,0,0,0,0,0,0,0,0,64265.126708984375,128462.01068115234,192.35565185546875,95,0,335872,33210380288,8589930496,1928716288,0
200,1737286557253,2100,2100,1500,1500,2100,2099,1500,1499,1499,1500,400,1466,100,0,0,0,0,0,0,0,0,0,0,0,0,64266.561096191406,128462.63403320313,192.35565185546875,100.41841125488281,0,335872,33210380288,8589930496,1928716288,0
200,1737286557453,2100,1651,1499,1441,1886,1595,1440,1499,1472,1470,1431,1347,100,0,0,0,0,0,0,0,0,0,0,0,0,64268.029052734375,128463.27355957031,192.35565185546875,100,0,335872,33210380288,8589930496,1928904704,0
200,1737286557653,2100,1845,1392,1425,1880,1887,1302,1334,1360,1383,400,1414,100,0,0,0,0.7194244861602783,0.7142857313156128,0,0,0.7142857313156128,0.7142857313156128,0.7142857313156128,0.7142857313156128,0,64269.41174316406,128463.73016357422,192.35565185546875,104.99999237060547,0,335872,33210380288,8589930496,1928904704,0
200,1737286557854,2100,1626,1253,1123,400,400,1464,1236,1399,1460,1062,1111,100,0,0,0,0,0,0,0,0,0,0,0,0,64270.87097167969,128464.1694946289,192.35565185546875,100.84033203125,0,335872,33210380288,8589930496,1928904704,0
200,1737286558054,2099,1982,1361,1460,1875,1930,1453,1456,1389,1432,400,1344,100,0,0,0,0,0,0,0,0,0,0,0,0,64272.537170410156,128464.71697998047,192.35565185546875,100.41841125488281,0,335872,33210380288,8589930496,1928904704,0
200,1737286558254,2100,2099,1499,1499,2100,1948,1435,1408,1406,1435,1500,1500,100,0,0,0,0,0,0,0,0,0,0,0,0,64274.194580078125,128465.30114746094,192.35565185546875,50.10437774658203,0,335872,33210380288,8589930496,1928904704,0
200,1737286558454,2100,1727,1393,1484,1313,1990,1449,1499,1500,1476,1403,1500,100,0,0,0,0,0,0,0,0,0,0,0,0,64275.92822265625,128465.9189453125,192.35565185546875,100.84033203125,0,335872,33210380288,8589930496,1928904704,0
200,1737286558654,2100,2073,1450,1420,2100,2100,1482,1390,1492,1358,400,1402,100,0,0,0,0,0,0,0,0,0,0,0,0,64277.26745605469,128466.28973388672,192.35565185546875,100.84033203125,0,335872,33210380288,8589930496,1928904704,0
200,1737286558854,2100,1969,1450,1391,1920,1927,1335,1377,1319,1302,1390,1436,100,0,0,0,0,0,0,0,0,0,0,0,0,64278.66912841797,128466.6953125,192.35565185546875,100,0,335872,33210380288,8589930496,1928904704,0
200,1737286559055,2100,1494,400,1273,802,2099,1385,1325,400,400,1474,400,100,4.761904716491699,0,0,0,5,0,0,0,0,0,0,0,64280.128479003906,128467.12707519531,192.35565185546875,100,0,335872,33210380288,8589930496,1928904704,0
200,1737286559255,2100,2002,1459,1460,1937,1876,1366,1434,1450,1426,1250,1448,100,4.761904716491699,0,0,0,5,0,0,0,0,0,0,0,64281.46954345703,128467.49951171875,192.35565185546875,100.84033203125,0,335872,33210380288,8589930496,1928904704,0
200,1737286559455,2100,1938,1363,1456,1840,2100,1470,1499,1500,1480,1401,1442,100,4.761904716491699,0,0,0,5,0,0,0,0,0,0,0,64282.89147949219,128468.03912353516,192.35565185546875,47.5,0,335872,33210380288,8589930496,1928351744,0
200,1737286559655,2100,1420,1419,1439,1763,1690,1500,1485,1453,1486,1373,1462,100,4.761904716491699,0,0,0,5,0,0,0,0,0,0,0,64284.365295410156,128468.67065429688,192.35565185546875,100.84033203125,0,335872,33210380288,8589930496,1932480512,0
200,1737286559855,2100,2035,400,400,1856,1917,1499,1272,1439,400,914,400,100,4.761904716491699,0,0,0,5,0,0,0,0,0,0,0,64285.814025878906,128469.31329345703,192.35565185546875,105.4393310546875,0,335872,33210380288,8589930496,1932480512,0
200,1737286560056,2100,1983,1430,400,2050,2019,1500,1404,1339,1500,1379,943,100,4.761904716491699,0,0,0,5,0,0,0,0,0,0,0,64287.25451660156,128469.94158935547,192.35565185546875,100.41841125488281,0,335872,33210380288,8589930496,1932480512,0
200,1737286560256,2100,1783,1398,1447,1763,1920,1277,1262,1264,1266,1356,1428,100,4.761904716491699,0,0,0,5,0,0,0,0,0,0,0,64288.707763671875,128470.57165527344,192.35565185546875,95.39749145507813,0,335872,33210380288,8589930496,1932480512,0
200,1737286560456,2100,2100,1499,1477,2100,2100,1433,1437,1436,1410,1499,1388,100,4.761904716491699,0,0,0,5,0,0,0,0,0,0,0,64290.107177734375,128471.10028076172,192.35565185546875,52.499996185302734,0,335872,33210380288,8589930496,1929191424,0
200,1737286560656,2100,1864,1444,1450,1727,2100,1471,1465,1449,1453,1386,1469,100,4.761904716491699,0,0,0,5,0,0,0,0,0,0,0,64291.5380859375,128471.51806640625,192.35565185546875,100.84033203125,0,335872,33210380288,8589930496,1929191424,0
200,1737286560856,2100,1850,1452,1400,2099,2005,1210,1032,1254,1180,1451,1414,100,4.761904716491699,0,0,0,5,0,0,0,0,0,0,0,64293.14666748047,128472.04309082031,192.35565185546875,100,0,335872,33210380288,8589930496,1929191424,0
200,1737286561057,2100,1572,1413,1419,400,400,1347,1346,1015,1213,1296,1417,100,4.761904716491699,0,0,0,5,0,0,0,0,0,0,0,64294.833557128906,128472.6353149414,192.35565185546875,100.84033203125,0,335872,33210380288,8589930496,1929191424,0
200,1737286561257,2100,1860,1499,1238,2099,1996,1363,400,1434,1402,1500,1499,100,4.761904716491699,0,0,0,5,0,0,0,0,0,0,0,64296.52801513672,128473.21295166016,192.35565185546875,99.58505249023438,0,335872,33210380288,8589930496,1929191424,0
200,1737286561457,2100,2100,1477,1499,2100,2100,1499,400,1418,1441,1500,1486,100,0.4273504614830017,0.8333333730697632,0.4166666865348816,0.4184100329875946,0.4184100329875946,0.8333333730697632,0.8333333730697632,0,0.4166666865348816,0,0.4184100329875946,0,64297.97772216797,128473.66046142578,192.35565185546875,99.58505249023438,0,335872,33210380288,8589930496,1928921088,0
200,1737286561657,2100,1851,1469,1471,1756,1904,1500,1446,1481,1499,1420,1386,100,0,0,0,0,0,0,0,4.761904716491699,0,4.761904716491699,0,0,64299.36688232422,128474.06030273438,192.35565185546875,100.84033203125,0,335872,33210380288,8589930496,1928921088,0
200,1737286561857,2100,1917,853,905,1970,2045,1499,1444,1499,1500,1476,998,100,5,0,0,0,0,4.761904716491699,0,4.761904716491699,0,0,0,0,64300.85479736328,128474.5044555664,192.35565185546875,100,0,335872,33210380288,8589930496,1928921088,0
200,1737286562057,2100,1928,1324,1314,1991,1942,1427,1433,1334,1465,1271,1339,100,5,0,0,0,0,4.761904716491699,0,4.761904716491699,0,0,0,0,64302.182556152344,128474.87463378906,192.35565185546875,100.41841125488281,0,335872,33210380288,8589930496,1928921088,0
200,1737286562258,2100,749,1499,971,400,1912,1284,1360,1352,1397,1088,400,100,0,0,0,0,0,0,0,0,0,4.761904716491699,0,0,64303.615966796875,128475.38836669922,192.35565185546875,95.7983169555664,0,335872,33210380288,8589930496,1928921088,0
200,1737286562458,2100,2100,1424,1406,2037,1999,1500,1499,1500,1500,1332,400,100,0,0,4.761904716491699,4.761904716491699,0,0,0,0,0,0,0,0,64305.05041503906,128476.01635742188,192.35565185546875,100.41841125488281,0,335872,33210380288,8589930496,1927569408,0
200,1737286562658,2100,1915,1272,1424,1775,1342,400,1424,1439,1500,1253,1317,100,0,0,0,0,5,0,0,0,0,0,0,0,64306.505310058594,128476.64477539063,192.35565185546875,100,0,335872,33210380288,8589930496,1929187328,0
200,1737286562858,2100,1974,1436,1309,1561,1865,1427,1429,1415,1464,688,1454,100,0,5,0,4.761904716491699,0,0,0,0,0,0,0,0,64307.945556640625,128477.27813720703,192.35565185546875,104.99999237060547,0,335872,33210380288,8589930496,1929187328,0
200,1737286563058,2099,1536,1443,1459,1860,1941,1456,1446,1384,1453,400,1451,100,0,5,0,4.761904716491699,0,0,0,0,0,0,0,0,64309.373291015625,128477.90380859375,192.35565185546875,95.39749145507813,0,335872,33210380288,8589930496,1929187328,0
200,1737286563259,2100,2055,1464,1467,1921,1985,1380,1331,1275,1336,400,1457,100,0,5,0,4.761904716491699,0,0,0,0,0,0,0,0,64310.78253173828,128478.42010498047,192.35565185546875,52.71966552734375,0,335872,33210380288,8589930496,1929187328,0
200,1737286563459,2100,577,1448,400,1946,1923,1417,1343,1389,1417,1082,1034,100,0,5,0,4.761904716491699,0,0,0,0,0,0,0,0,64312.200744628906,128478.83380126953,192.35565185546875,100.41841125488281,0,335872,33210380288,8589930496,1929187328,0
199,1737286563659,2099,2060,1420,1499,2099,1968,1500,1500,1430,917,1474,1499,100,0,5,0,4.761904716491699,0,0,0,0,0,0,0,0,64313.82922363281,128479.37866210938,192.35565185546875,100,0,335872,33210380288,8589930496,1929187328,0
200,1737286563859,2100,2026,1500,1500,1508,1863,1409,1173,1305,1436,400,1500,100,0,5,0,4.761904716491699,0,0,0,0,0,0,0,0,64315.501220703125,128479.962890625,192.35565185546875,100,0,335872,33210380288,8589930496,1929187328,0
200,1737286564059,2100,1879,1500,1499,2021,2100,1473,1429,1475,1498,1500,1376,100,0,0,0,0,0,0,0,0,0,0,0,0,64317.214416503906,128480.55334472656,192.35565185546875,100,0,335872,33210380288,8589930496,1929187328,0
200,1737286564259,2100,1856,1454,1428,2023,1874,1350,1303,1356,1285,1440,1484,100,5,0,0,0,0,0,0,0,0,0,0,0,64318.62646484375,128480.98083496094,192.35565185546875,100.41841125488281,0,335872,33210380288,8589930496,1929187328,0
200,1737286564460,2099,492,400,1080,1423,400,1276,1381,1345,1363,1220,400,100,0,0,0,0,0,0,0,4.761904716491699,0,0,0,0,64320.022705078125,128481.38439941406,192.35565185546875,100.41841125488281,0,335872,33210380288,8589930496,1929187328,0
199,1737286564660,2100,1699,400,400,1541,1952,1427,1499,1422,1407,400,400,100,0,0,0,0,0,0,0,4.761904716491699,0,0,0,0,64321.49658203125,128481.82305908203,192.35565185546875,100.41841125488281,0,335872,33210380288,8589930496,1929187328,0
199,1737286564860,2099,2039,400,400,593,1839,1413,1251,1366,400,1145,400,100,0,0,0,4.761904716491699,0,4.761904716491699,4.761904716491699,0,0,0,0,0,64322.813720703125,128482.18878173828,192.35565185546875,100,0,335872,33210380288,8589930496,1929187328,0
199,1737286565060,2100,2009,1285,1407,1668,1747,1240,1352,1041,1391,920,1339,100,0,0,0,4.761904716491699,0,4.761904716491699,4.761904716491699,0,0,0,0,0,64324.223205566406,128482.69567871094,192.35565185546875,50.209205627441406,0,335872,33210380288,8589930496,1925300224,0
200,1737286565260,2100,2100,400,1475,2099,2100,1500,1500,1500,1476,1393,1353,100,0,0,0,4.761904716491699,0,4.761904716491699,4.761904716491699,0,0,0,0,0,64325.66369628906,128483.33203125,192.35565185546875,100,0,335872,33210380288,8589930496,1929027584,0
199,1737286565460,2100,1947,1483,1469,1964,1834,1499,1499,1481,1474,1348,1409,100,0,0,0,4.761904716491699,0,4.761904716491699,4.761904716491699,0,0,0,0,0,64327.11248779297,128483.9658203125,192.35565185546875,100.41841125488281,0,335872,33210380288,8589930496,1929875456,0
199,1737286565660,2099,2005,1272,1354,1485,1739,1471,1500,1473,1462,1256,1240,100,0,0,0,4.761904716491699,0,4.761904716491699,4.761904716491699,0,0,0,0,0,64328.57257080078,128484.60498046875,192.35565185546875,100.41841125488281,0,335872,33210380288,8589930496,1929875456,0
200,1737286565860,2100,2100,1373,1284,1552,2100,1478,1357,1404,1472,1312,1378,100,0,0,0,4.761904716491699,0,4.761904716491699,4.761904716491699,0,0,0,0,0,64329.99969482422,128485.22821044922,192.35565185546875,100.41841125488281,0,335872,33210380288,8589930496,1929875456,0
200,1737286566060,2100,1654,1358,1169,400,1688,1424,1340,400,1463,400,1201,100,0,0,0,0,0,0,0,0,0,0,0,0,64331.39208984375,128485.74401855469,192.35565185546875,100,0,335872,33210380288,8589930496,1929875456,0
200,1737286566261,2099,1897,400,400,1927,821,1178,1280,1401,400,400,400,100,0,0,0,0,0,0,0,0,0,0,0,0,64332.809631347656,128486.15850830078,192.35565185546875,100.84033203125,0,335872,33210380288,8589930496,1929875456,0
200,1737286566461,2100,2100,1408,1469,2059,2012,1499,1376,1499,1499,1400,1499,100,0,4.761904716491699,0,5,5,0,4.761904716491699,5,0,0,0,0,64334.42370605469,128486.69464111328,192.35565185546875,100.41841125488281,0,335872,33210380288,8589930496,1929875456,0
200,1737286566661,2099,1971,1310,1349,1775,1950,1500,1483,1417,1447,1220,1259,100,0,0,4.761904716491699,0,0,4.761904716491699,0,0,0,4.761904716491699,0,0,64336.08770751953,128487.27325439453,192.35565185546875,100.41841125488281,0,335872,33210380288,8589930496,1929875456,0
200,1737286566861,2099,1756,1500,1500,1958,2017,1458,1379,1431,1468,1330,1500,100,0,0,0,0,0,0,0,0,0,0,0,0,64337.806579589844,128487.87670898438,192.35565185546875,100,0,335872,33210380288,8589930496,1929875456,0
200,1737286567061,2099,1748,1453,1415,400,400,1215,1077,1200,1242,1457,1410,100,0,0,0,0,0,0,0,4.761904716491699,0,0,4.761904716491699,0,64339.230895996094,128488.31030273438,192.35565185546875,100.41841125488281,0,335872,33210380288,8589930496,1929875456,0
200,1737286567262,2100,2100,1500,1472,2100,2100,1499,1425,1466,1500,1500,1500,100,4.761904716491699,0,0,0,0,4.761904716491699,0,0,0,0,0,0,64340.62536621094,128488.71630859375,192.35565185546875,100,0,335872,33210380288,8589930496,1929875456,0
200,1737286567462,2100,1242,1335,1392,1700,1512,400,1466,1467,1030,1438,1345,100,4.761904716491699,0,0,0,0,4.761904716491699,0,0,0,0,0,0,64342.082092285156,128489.14874267578,192.35565185546875,100,0,335872,33210380288,8589930496,1929875456,0
199,1737286567662,2100,1993,1500,1499,2100,1900,1333,1383,1207,1499,1452,1441,100,4.761904716491699,0,0,0,0,4.761904716491699,0,0,0,0,0,0,64343.414794921875,128489.52154541016,192.35565185546875,50.10437774658203,0,335872,33210380288,8589930496,1929875456,0
200,1737286567862,2099,1879,1451,1186,2099,1655,1500,1427,1473,1475,1353,1440,100,4.761904716491699,0,0,0,0,4.761904716491699,0,0,0,0,0,0,64344.82489013672,128490.00372314453,192.35565185546875,105.4393310546875,0,335872,33210380288,8589930496,1924194304,0
200,1737286568062,2100,1995,1440,1499,2100,1987,1434,1464,1427,1477,1419,1446,100,4.761904716491699,0,0,0,0,4.761904716491699,0,0,0,0,0,0,64346.25115966797,128490.6275024414,192.35565185546875,95.39749145507813,0,335872,33210380288,8589930496,1932021760,0
200,1737286568262,2099,2100,1304,1321,1639,1943,1421,1465,1458,1444,1335,1306,100,4.761904716491699,0,0,0,0,4.761904716491699,0,0,0,0,0,0,64347.69708251953,128491.26165771484,192.35565185546875,50.10437774658203,0,335872,33210380288,8589930496,1932021760,0
200,1737286568463,2100,1768,1355,1430,1413,1515,1499,1499,1500,1499,913,1368,100,4.761904716491699,0,0,0,0,4.761904716491699,0,0,0,0,0,0,64349.14465332031,128491.89337158203,192.35565185546875,100.41841125488281,0,335872,33210380288,8589930496,1929629696,0
200,1737286568663,2100,2092,400,1400,1983,1922,1324,1217,1179,1170,1259,400,100,0,0,0.7092198133468628,0.7142857313156128,0,0,0.7142857313156128,0,1.4184396266937256,0,0.7142857313156128,0,64350.567443847656,128492.51403808594,192.35565185546875,100.41841125488281,0,335872,33210380288,8589930496,1929629696,0
200,1737286568863,2100,1826,400,400,1901,1930,1240,400,948,400,1451,400,100,0,0,0,0,4.761904716491699,0,0,0,0,0,0,0,64351.99206542969,128493.10272216797,192.35565185546875,100.41841125488281,0,335872,33210380288,8589930496,1929629696,0
200,1737286569063,2100,1965,1500,1374,1527,1899,1430,1455,1499,1444,1461,1461,100,5,0,0,4.761904716491699,0,0,0,0,0,5,0,0,64353.39825439453,128493.51293945313,192.35565185546875,100,0,335872,33210380288,8589930496,1929629696,0
200,1737286569263,2100,2100,1429,1500,1841,1917,1286,1440,1323,1349,1332,1303,100,0,4.761904716491699,0,0,0,0,0,4.761904716491699,0,0,0,0,64354.94903564453,128494.00946044922,192.35565185546875,100,0,335872,33210380288,8589930496,1929629696,0
200,1737286569464,2099,1984,1320,1395,1568,1870,1500,1450,1476,1449,400,1345,100,0,4.761904716491699,0,0,0,0,0,4.761904716491699,0,0,0,0,64356.64392089844,128494.60290527344,192.35565185546875,100,0,335872,33210380288,8589930496,1929330688,0
200,1737286569664,2099,715,400,1121,400,1873,1326,1258,1299,400,900,400,100,0,0,0,0,0,0,0,0,0,0,0,0,64358.31701660156,128495.16174316406,192.35565185546875,100.84033203125,0,335872,33210380288,8589930496,1929330688,0
200,1737286569864,2100,1757,1266,1346,1901,1936,1340,1236,1316,1315,1445,1241,100,0,0,0,0,0,0,0,0,0,0,0,0,64359.85614013672,128495.66748046875,192.35565185546875,100.41841125488281,0,335872,33210380288,8589930496,1929330688,0
200,1737286570064,2100,1612,762,400,1873,1861,1387,1334,400,1100,400,400,100,0,0,4.761904716491699,0,0,0,0,0,0,0,0,0,64361.24041748047,128496.0639038086,192.35565185546875,100,0,335872,33210380288,8589930496,1929330688,0
200,1737286570264,2100,2100,400,1469,1946,2100,1387,1395,1407,1402,1213,1439,100,0,0,0,0,4.761904716491699,0,0,0,0,0,0,0,64362.697326660156,128496.48962402344,192.35565185546875,99.58505249023438,0,335872,33210380288,8589930496,1929031680,0
200,1737286570464,2099,1994,1483,1465,1752,1485,1269,1267,1270,1323,1420,1499,100,0,0,0,0,0,0,0,0,0,0,4.761904716491699,0,64364.06317138672,128496.87774658203,192.35565185546875,100,0,335872,33210380288,8589930496,1929031680,0
199,1737286570665,2099,2045,400,1425,1492,1558,1416,1500,1392,1500,872,896,100,0,0,0,0,0,0,9.090909004211426,0,0,0,0,0,64365.44256591797,128497.32611083984,192.35565185546875,100.41841125488281,0,335872,33210380288,8589930496,1929031680,0
200,1737286570865,2100,702,400,400,400,400,1367,1357,1405,1357,794,1154,100,0,0,0,0,0,4.761904716491699,0,4.761904716491699,5,0,0,0,64366.88885498047,128497.95416259766,192.35565185546875,100,0,335872,33210380288,8589930496,1932644352,0
200,1737286571065,2100,1978,1472,1371,1921,1929,1268,1356,1450,1422,1462,1500,100,0,0,0,0,0,0,0,0,0,0,4.761904716491699,0,64368.32312011719,128498.58026123047,192.35565185546875,100,0,335872,33210380288,8589930496,1932644352,0
200,1737286571265,2099,2037,1470,1461,2009,1832,1445,1479,1485,1477,1384,400,100,0,0,0,0,0,0,0,0,0,0,4.761904716491699,0,64369.762268066406,128499.2103881836,192.35565185546875,100,0,335872,33210380288,8589930496,1932644352,0
200,1737286571465,2099,1962,1457,1423,2100,1520,1400,1324,1453,1447,1499,1500,100,0,4.761904716491699,0,0,0,4.761904716491699,0,0,0,0,0,0,64371.21350097656,128499.84387207031,192.35565185546875,100,0,335872,33210380288,8589930496,1929953280,0
200,1737286571665,2099,1972,1220,1346,1710,1977,1354,1465,1464,1355,1239,1362,100,0,4.761904716491699,0,0,0,4.761904716491699,0,0,0,0,0,0,64372.63037109375,128500.4136352539,192.35565185546875,50.31446838378906,0,335872,33210380288,8589930496,1929953280,0
200,1737286571866,2100,2039,1460,1441,2100,1884,1393,1115,1448,1481,1443,1337,100,0,4.761904716491699,0,0,0,4.761904716491699,0,0,0,0,0,0,64374.02795410156,128500.8189086914,192.35565185546875,50.31446838378906,0,335872,33210380288,8589930496,1929953280,0
200,1737286572066,2099,2100,1347,1437,1925,1905,1500,1499,1439,1481,400,1306,100,0,4.761904716491699,0,0,0,4.761904716491699,0,0,0,0,0,0,64375.605041503906,128501.3291015625,192.35565185546875,50.10437774658203,0,335872,33210380288,8589930496,1929953280,0
199,1737286572266,2100,1739,1499,1389,1973,2100,1440,1464,1464,1473,1366,1466,100,0,4.761904716491699,0,0,0,4.761904716491699,0,0,0,0,0,0,64377.27508544922,128501.91259765625,192.35565185546875,100,0,335872,33210380288,8589930496,1929953280,0
200,1737286572466,2100,2100,400,1470,2100,2100,1500,1420,1465,1491,400,1428,100,0,4.761904716491699,0,0,0,4.761904716491699,0,0,0,0,0,0,64378.95526123047,128502.48760986328,192.35565185546875,100,0,335872,33210380288,8589930496,1929682944,0
200,1737286572666,2100,2100,1473,1463,1669,2100,1472,1474,1469,1422,1500,1478,100,0,4.761904716491699,0,0,0,4.761904716491699,0,0,0,0,0,0,64380.44201660156,128502.96673583984,192.35565185546875,52.60960388183594,0,335872,33210380288,8589930496,1929682944,0
200,1737286572866,2100,2005,400,1233,1286,1916,1500,1482,1472,1476,1271,1278,100,0,4.761904716491699,0,0,0,4.761904716491699,0,0,0,0,0,0,64381.83953857422,128503.37274169922,192.35638427734375,100.41841125488281,0,335872,33210380288,8589930496,1929682944,0
200,1737286573067,2099,1350,1442,1363,1948,1747,1412,1400,1413,1462,1170,1030,100,0,4.761904716491699,0,0,0,4.761904716491699,0,0,0,0,0,0,64383.29949951172,128503.80029296875,192.35638427734375,100.41841125488281,0,335872,33210380288,8589930496,1929682944,0
200,1737286573267,2100,2100,400,1426,2099,1944,1499,1500,1404,1499,400,1428,100,0,4.761904716491699,0,0,0,4.761904716491699,0,0,0,0,0,0,64384.657165527344,128504.1820678711,192.35638427734375,100.41841125488281,0,335872,33210380288,8589930496,1929682944,0
200,1737286573467,2100,1804,1401,1408,1774,1569,1412,1449,1264,1244,1337,1440,100,1.388888955116272,0.456620991230011,0.45454543828964233,0.9090908765792847,0.9090908765792847,0,0.45454543828964233,0.45454543828964233,0.45454543828964233,0.45454543828964233,0,0,64386.05480957031,128504.64831542969,192.35638427734375,100.41841125488281,0,335872,33210380288,8589930496,1929682944,0
200,1737286573667,2099,1947,1427,1482,2100,2100,1452,1499,1438,1472,400,1421,100,0,0,0,4.761904716491699,0,0,0,4.761904716491699,0,4.761904716491699,0,0,64387.49499511719,128505.27545166016,192.35638427734375,100,0,335872,33210380288,8589930496,1932136448,0
200,1737286573867,2100,1875,1341,1336,1778,1990,1297,1342,1500,1470,1387,1381,100,0,0,4.761904716491699,0,0,0,0,0,0,0,4.761904716491699,0,64388.953369140625,128505.90692138672,192.35638427734375,100,0,335872,33210380288,8589930496,1932136448,0
200,1737286574067,2100,1967,1500,1449,1957,1979,1332,1348,1343,1415,1266,1474,100,0,0,4.761904716491699,0,0,0,0,0,0,0,4.761904716491699,0,64390.376525878906,128506.5297241211,192.35638427734375,95,0,335872,33210380288,8589930496,1932136448,0
200,1737286574268,2100,1613,938,1297,400,2100,1365,1441,1348,1380,1221,1369,100,0,0,0,0,0,4.761904716491699,0,0,5,0,0,0,64391.84069824219,128507.16864013672,192.35638427734375,100.84033203125,0,335872,33210380288,8589930496,1932136448,0
200,1737286574468,2100,2100,1466,1499,2100,1894,1499,1348,1500,1499,1406,1500,100,0,4.761904716491699,0,0,0,0,0,0,0,0,0,0,64393.246337890625,128507.71783447266,192.35638427734375,100.41841125488281,0,335872,33210380288,8589930496,1930342400,0
200,1737286574668,2100,2099,400,1264,1714,400,1029,1449,1163,1500,1500,400,100,0,4.761904716491699,0,0,0,0,0,0,0,0,0,0,64394.6787109375,128508.13488769531,192.35638427734375,100,0,335872,33210380288,8589930496,1930342400,0
200,1737286574868,2100,1991,1500,1431,2100,1999,1500,1451,1500,1445,1414,1500,100,5,0,0,0,0,0,0,0,0,4.761904716491699,0,0,64396.258361816406,128508.64044189453,192.35638427734375,100,0,335872,33210380288,8589930496,1930342400,0
200,1737286575068,2100,649,400,400,1801,1771,1400,1469,724,1458,1347,1137,100,0,0,0,0,0,0,0,0,4.761904716491699,0,0,0,64397.944580078125,128509.2314453125,192.35638427734375,99.58505249023438,0,335872,33210380288,8589930496,1930342400,0
200,1737286575269,2099,1984,1384,1441,2099,1921,1379,1390,1390,1396,1380,1427,100,0,0,0,0,0,0,0,0,4.761904716491699,0,0,0,64399.63104248047,128509.80114746094,192.35638427734375,100.41841125488281,0,335872,33210380288,8589930496,1930342400,0
200,1737286575469,2100,540,400,1206,1903,400,1442,1361,1414,1448,844,400,100,0,0,0,0,0,0,0,0,4.761904716491699,0,0,0,64401.13995361328,128510.28796386719,192.35638427734375,50.31446838378906,0,335872,33210380288,8589930496,1930133504,0
200,1737286575669,2100,1908,1460,1466,2100,1832,1500,1477,1463,1433,1351,1473,100,0,0,0,0,0,0,0,0,4.761904716491699,0,0,0,64402.52917480469,128510.68353271484,192.35638427734375,99.58505249023438,0,335872,33210380288,8589930496,1930133504,0
200,1737286575869,2100,1995,1373,1298,1916,2100,1467,1396,1472,1466,1299,1318,100,0,0,0,0,0,0,0,0,4.761904716491699,0,0,0,64403.98425292969,128511.11218261719,192.35638427734375,100.41841125488281,0,335872,33210380288,8589930496,1930133504,0
200,1737286576069,2100,1913,1305,1407,1727,1605,1486,1461,1453,1499,1251,1354,100,0,0,0,0,0,0,0,0,4.761904716491699,0,0,0,64405.34130859375,128511.49407958984,192.35638427734375,100.41841125488281,0,335872,33210380288,8589930496,1930133504,0
200,1737286576270,2100,1817,400,506,1367,1167,1328,1458,1391,1358,400,400,100,0,0,0,0,0,0,0,0,4.761904716491699,0,0,0,64406.76135253906,128511.95916748047,192.35638427734375,100.84033203125,0,335872,33210380288,8589930496,1930133504,0
200,1737286576470,2100,1910,400,1439,2100,1932,1500,1499,1500,1500,1379,1421,100,0,0,0,0,0,0,0,0,4.761904716491699,0,0,0,64408.19934082031,128512.58905029297,192.35638427734375,104.99999237060547,0,335872,33210380288,8589930496,1927639040,0
200,1737286576670,2099,2100,1429,1429,1725,400,1483,1499,1500,1429,1417,400,100,0,0,0,0,0,0,0,0,4.761904716491699,0,0,0,64409.650390625,128513.21807861328,192.35638427734375,95.39749145507813,0,335872,33210380288,8589930496,1929256960,0
200,1737286576870,2100,2100,1452,1458,2100,1993,1475,1462,1476,1450,1318,1433,100,0,0,0,0,0,0,0,0,4.761904716491699,0,0,0,64411.091735839844,128513.8480834961,192.35638427734375,105.4393310546875,0,335872,33210380288,8589930496,1929256960,0
200,1737286577070,2100,1959,1382,1275,1825,1703,1477,1328,1458,1477,1246,1199,100,0,0,0,0,4.761904716491699,0,4.761904716491699,0,0,0,0,0,64412.52575683594,128514.46826171875,192.35638427734375,100.84033203125,0,335872,33210380288,8589930496,1929256960,0
200,1737286577270,2100,1900,1486,1449,1889,1973,1243,1442,1172,1172,1395,1409,100,0,0,0,0,0,4.761904716491699,0,4.761904716491699,0,0,0,0,64413.97821044922,128515.0941772461,192.35638427734375,99.58505249023438,0,335872,33210380288,8589930496,1929256960,0
200,1737286577471,2099,2019,1454,1391,1837,2100,1287,1284,1358,1275,1225,1378,100,0,0,0,0,0,4.761904716491699,0,4.761904716491699,0,0,0,0,64415.362731933594,128515.49792480469,192.35638427734375,100.84033203125,0,335872,33210380288,8589930496,1929256960,0
200,1737286577671,2100,2100,1500,1479,1988,1844,1499,1393,1399,1413,400,1462,100,0,0,0,0,0,0,0,0,0,0,0,0,64416.882385253906,128515.97033691406,192.35638427734375,100.41841125488281,0,335872,33210380288,8589930496,1929256960,0
200,1737286577871,2100,2100,1395,1479,2100,2099,1405,1323,1499,1499,1459,1499,100,0,0,0,5,0,0,0,0,0,0,0,0,64418.59893798828,128516.57415771484,192.35638427734375,100.41841125488281,0,335872,33210380288,8589930496,1929256960,0
200,1737286578071,2099,2100,1500,1500,2010,1964,1412,1472,1460,1446,1438,1421,100,0,5,5,0,0,0,0,0,0,0,0,0,64420.25079345703,128517.12774658203,192.35638427734375,100,0,335872,33210380288,8589930496,1929256960,0
200,1737286578271,2100,2100,1399,1471,2008,1639,1391,1417,1416,1381,1339,1468,100,4.761904716491699,0,0,0,0,0,0,0,0,0,0,0,64421.822509765625,128517.64959716797,192.35638427734375,100,0,335872,33210380288,8589930496,1926746112,0
200,1737286578472,2100,2057,1355,1426,1868,2100,1416,1381,1463,1468,1407,1429,100,0,0,0,0,0,0,0,0,0,4.761904716491699,0,0,64423.207275390625,128518.04083251953,192.35638427734375,100.84033203125,0,335872,33210380288,8589930496,1926746112,0
199,1737286578672,2100,540,400,400,1733,1887,400,1258,1213,1233,716,951,100,0,0,0,0,0,0,0,0,0,0,0,0,64424.66094970703,128518.4697265625,192.35638427734375,100,0,335872,33210380288,8589930496,1926746112,0
200,1737286578872,2100,2020,400,400,1854,1689,1296,1219,1245,1309,811,400,100,0,0,0,0,0,0,0,0,4.761904716491699,0,0,0,64426.015563964844,128518.8490600586,192.35638427734375,100.84033203125,0,335872,33210380288,8589930496,1926746112,0
200,1737286579072,2100,1947,1472,1500,1977,2100,1500,1437,1471,1384,400,1476,100,5,0,0,0,4.761904716491699,0,0,0,0,0,0,0,64427.39807128906,128519.27709960938,192.35638427734375,100,0,335872,33210380288,8589930496,1926746112,0
200,1737286579272,2100,2100,1499,1473,2100,1893,1453,1430,1413,1423,1486,1478,100,0,0,0,0,0,0,0,0,0,0,0,0,64428.862243652344,128519.9174194336,192.35638427734375,100,0,335872,33210380288,8589930496,1929080832,0
200,1737286579472,2100,2044,1409,1452,1886,2100,1486,1421,1434,1423,1339,1417,100,0,0,0,0,0,0,0,0,4.761904716491699,0,0,0,64430.29766845703,128520.54479980469,192.35638427734375,100.41841125488281,0,335872,33210380288,8589930496,1927028736,0
200,1737286579672,2100,1965,1402,1413,1785,1866,1382,400,1410,1406,1240,1314,100,0,0,0,0,0,0,0,0,0,4.761904716491699,4.761904716491699,0,64431.75634765625,128521.177734375,192.35638427734375,100.41841125488281,0,335872,33210380288,8589930496,1928683520,0
200,1737286579873,2100,478,1389,1390,400,2100,1370,400,400,1184,1278,1440,100,0,4.761904716491699,0,0,0,0,0,0,0,0,0,0,64433.20349121094,128521.80932617188,192.35638427734375,100.41841125488281,0,335872,33210380288,8589930496,1928683520,0
200,1737286580073,2100,2067,1431,1500,1986,2100,1500,1500,1499,1277,820,1500,100,0,0,0,0,0,0,0,0,0,0,0,0,64434.61749267578,128522.38549804688,192.35638427734375,100.41841125488281,0,335872,33210380288,8589930496,1928683520,0
200,1737286580273,2099,512,1276,1332,400,1876,1280,1294,1294,1428,400,1307,100,0,0,0,0,0,0,0,0,0,0,0,0,64436.02502441406,128522.79180908203,192.35638427734375,99.58505249023438,0,335872,33210380288,8589930496,1928683520,0
200,1737286580473,2100,1648,1499,1500,1946,1963,1328,1375,1394,1499,1401,1429,100,0,0,0,0,0,0,0,0,0,0,0,0,64437.600524902344,128523.29553222656,192.35638427734375,50.10437774658203,0,335872,33210380288,8589930496,1928683520,0
200,1737286580673,2100,2038,1499,1499,1643,1545,1499,1500,1444,1386,1431,1417,100,0,0,0,1.6666667461395264,0,1.6393442153930664,1.6393442153930664,3.278688430786133,0,0,1.6393442153930664,0,64439.29278564453,128523.8882446289,192.35638427734375,50.10437774658203,0,335872,33210380288,8589930496,1928683520,0
200,1737286580873,2099,2044,1425,1471,2100,1995,1402,1362,1365,1333,1436,1450,100,0,0,0,1.6666667461395264,0,1.6393442153930664,1.6393442153930664,3.278688430786133,0,0,1.6393442153930664,0,64440.98077392578,128524.4594116211,192.35638427734375,100,0,335872,33210380288,8589930496,1928683520,0
200,1737286581074,2099,537,1302,1309,1635,1567,400,400,1351,1427,1203,1239,100,0,0,0,0,4.761904716491699,0,0,0,0,0,0,0,64442.49334716797,128524.94830322266,192.35638427734375,100.41841125488281,0,335872,33210380288,8589930496,1928683520,0
200,1737286581274,2099,2100,713,1071,1955,1211,1347,1378,1434,400,1135,400,100,0,0,0,0,4.761904716491699,0,0,0,0,0,0,0,64443.88562011719,128525.3461303711,192.35638427734375,100.41841125488281,0,335872,33210380288,8589930496,1928679424,0
199,1737286581474,2100,1871,1434,1499,2100,1801,1423,1362,1499,1479,1479,1500,100,0,4.761904716491699,0,0,0,4.761904716491699,0,0,0,0,0,0,64445.34259033203,128525.77532958984,192.35638427734375,100,0,335872,33210380288,8589930496,1928679424,0
200,1737286581674,2099,1951,1424,1413,2100,1849,1463,1479,1461,1500,1328,400,100,0,0,0,0,0,0,4.761904716491699,0,0,0,0,0,64446.69543457031,128526.15600585938,192.35638427734375,99.58505249023438,0,335872,33210380288,8589930496,1928679424,0
200,1737286581874,2100,1782,1367,1360,1996,1716,1460,1500,1478,1476,1382,1410,100,0,0,0,0,0,0,4.761904716491699,0,0,0,0,0,64448.096740722656,128526.61248779297,192.35638427734375,100.41841125488281,0,335872,33210380288,8589930496,1928679424,0
200,1737286582074,2100,1810,1467,1499,1907,1961,1472,1499,1472,1442,1295,1391,100,0,0,0,0,0,0,0,0,0,0,0,0,64449.557189941406,128527.24798583984,192.35638427734375,100.41841125488281,0,335872,33210380288,8589930496,1931902976,0
200,1737286582275,2100,1751,400,624,2100,1330,1390,1444,1451,1465,400,1189,100,5,0,0,0,0,0,0,0,0,0,0,0,64451.00354003906,128527.87969970703,192.35638427734375,100.41841125488281,0,335872,33210380288,8589930496,1931902976,0
200,1737286582475,2099,603,400,400,1989,1773,1308,1245,1214,1102,1395,1429,100,5,0,0,0,0,0,0,0,0,0,0,0,64452.43029785156,128528.4994506836,192.35638427734375,100.41841125488281,0,335872,33210380288,8589930496,1927999488,0
200,1737286582675,2099,400,1393,1323,1933,1843,1252,1270,891,1439,1027,1453,100,5,0,0,0,0,0,0,0,0,0,0,0,64453.892639160156,128529.13708496094,192.35638427734375,50.209205627441406,0,335872,33210380288,8589930496,1928765440,0
200,1737286582875,2100,1967,1499,1475,1962,2100,1353,1439,1430,1402,1500,1461,100,5,0,0,0,0,0,0,0,0,0,0,0,64455.28826904297,128529.68811035156,192.35638427734375,100,0,335872,33210380288,8589930496,1928765440,0
200,1737286583075,2100,2027,1385,1380,2099,2100,1500,1500,1500,1500,400,1460,100,5,0,0,0,0,0,0,0,0,0,0,0,64456.712158203125,128530.1029663086,192.35638427734375,99.58505249023438,0,335872,33210380288,8589930496,1928765440,0
200,1737286583275,2100,2014,1436,1406,2008,2100,1369,1437,1460,1392,400,400,100,5,0,0,0,0,0,0,0,0,0,0,0,64458.28747558594,128530.60510253906,192.35638427734375,100.41841125488281,0,335872,33210380288,8589930496,1928765440,0
200,1737286583476,2100,1839,1408,1409,1620,1925,1499,1455,1422,1453,1100,1423,100,5,0,0,0,0,0,0,0,0,0,0,0,64459.97692871094,128531.19787597656,192.35638427734375,100.41841125488281,0,335872,33210380288,8589930496,1928765440,0
200,1737286583676,2099,1772,1338,1384,1925,1954,1315,1012,1236,1250,1210,934,100,5,0,0,0,0,0,0,0,0,0,0,0,64461.675231933594,128531.77221679688,192.35638427734375,100,0,335872,33210380288,8589930496,1928765440,0
200,1737286583876,2100,2100,400,1469,1962,2100,1477,1499,1481,1489,1436,1369,100,5,0,0,0,0,0,0,0,0,0,0,0,64463.16662597656,128532.25146484375,192.35638427734375,100.41841125488281,0,335872,33210380288,8589930496,1928765440,0
200,1737286584076,2100,2100,1490,1471,1891,2100,1482,1500,1499,1480,1349,1382,100,5,0,0,0,0,0,0,0,0,0,0,0,64464.5517578125,128532.64685058594,192.35638427734375,99.58505249023438,0,335872,33210380288,8589930496,1928765440,0
200,1737286584276,2100,2013,1469,1499,2100,1972,1438,400,1479,1481,1313,1455,100,5,0,0,0,0,0,0,0,0,0,0,0,64466.006774902344,128533.07525634766,192.35638427734375,100.84033203125,0,335872,33210380288,8589930496,1928765440,0
200,1737286584476,2099,1519,1390,1459,1730,2100,1408,1427,1469,1461,400,1288,100,5,0,0,0,0,0,0,0,0,0,0,0,64467.359436035156,128533.45623779297,192.35638427734375,100.41841125488281,0,335872,33210380288,8589930496,1928765440,0
200,1737286584676,2099,2100,1208,1478,1705,1560,1449,1471,1456,1474,1230,1258,100,5,0,0,0,0,0,0,0,0,0,0,0,64468.77307128906,128533.91766357422,192.35638427734375,100,0,335872,33210380288,8589930496,1928765440,0
200,1737286584877,2100,2100,400,400,1781,1665,400,1309,1283,1399,400,400,100,5,0,0,0,0,0,0,0,0,0,0,0,64470.21398925781,128534.55450439453,192.35638427734375,105.4393310546875,0,335872,33210380288,8589930496,1932541952,0
200,1737286585077,2100,486,400,1401,400,400,1500,1500,1007,1500,1500,1500,100,5,0,0,0,0,0,0,0,0,0,0,0,64471.667236328125,128535.1869506836,192.35638427734375,95.39749145507813,0,335872,33210380288,8589930496,1932541952,0
200,1737286585277,2100,2100,1478,1500,1858,1976,1388,1500,1422,1436,1449,1499,100,5,0,0,0,0,0,0,0,0,0,0,0,64473.10418701172,128535.8139038086,192.35638427734375,104.5643081665039,0,335872,33210380288,8589930496,1932541952,0
200,1737286585477,2100,2099,1370,1438,1994,2100,1499,1500,1499,1499,1459,1500,100,5,0,0,0,0,0,0,0,0,0,0,0,64474.5517578125,128536.43981933594,192.3568115234375,95,0,335872,33210380288,8589930496,1928654848,0
200,1737286585677,2099,1973,1467,1499,1907,1808,1445,1474,1480,1419,1473,1470,100,5,0,0,0,0,0,0,0,0,0,0,0,64475.94030761719,128537.00073242188,192.3568115234375,104.99999237060547,0,335872,33210380288,8589930496,1928654848,0
200,1737286585878,2100,2100,1354,1432,1980,1950,1394,1114,1348,1369,1370,1498,100,0,0,4.761904716491699,0,0,4.761904716491699,0,0,0,0,0,0,64477.354431152344,128537.41418457031,192.3568115234375,100,0,335872,33210380288,8589930496,1928654848,0
200,1737286586078,2100,2045,1268,1445,1880,1944,1322,1363,1371,1308,1238,1273,100,0,0,0,0,0,0,0,0,0,0,0,0,64478.93341064453,128537.92755126953,192.3568115234375,101.26582336425781,0,335872,33210380288,8589930496,1928654848,0
199,1737286586278,2100,2100,1472,1409,1991,1868,1500,1480,1500,1500,1331,1499,100,0,0,0,4.761904716491699,0,0,0,0,0,0,0,0,64480.60723876953,128538.5132446289,192.3568115234375,100,0,335872,33210380288,8589930496,1928912896,0
200,1737286586478,2100,2016,400,400,1627,1329,400,1265,1120,1190,400,400,100,0,0,0,4.761904716491699,0,0,0,0,0,0,0,0,64482.29296875,128539.07690429688,192.3568115234375,94.60580444335938,0,335872,33210380288,8589930496,1928912896,0
200,1737286586678,2100,1860,1286,1321,1871,1905,1500,1429,1500,1427,1331,1328,100,0,0,0,4.761904716491699,0,0,0,0,0,0,0,0,64483.79949951172,128539.58435058594,192.3568115234375,52.60960388183594,0,335872,33210380288,8589930496,1928912896,0
200,1737286586878,2100,2032,1283,1269,2100,2100,1374,1289,1383,1365,1121,1237,100,0,0,0,4.761904716491699,0,0,0,0,0,0,0,0,64485.16827392578,128539.9732055664,192.3568115234375,50.10437774658203,0,335872,33210380288,8589930496,1928912896,0
200,1737286587079,2100,474,400,400,400,2100,1348,1352,1425,1234,743,400,100,0,0,0,4.761904716491699,0,0,0,0,0,0,0,0,64486.62194824219,128540.40936279297,192.3568115234375,50.10437774658203,0,335872,33210380288,8589930496,1928912896,0
200,1737286587279,2100,2100,1402,1460,2100,1897,1500,400,400,1500,1471,1428,100,0,0,0,4.761904716491699,0,0,0,0,0,0,0,0,64487.97576904297,128540.79296875,192.3568115234375,100.41841125488281,0,335872,33210380288,8589930496,1928908800,0
200,1737286587479,2100,1914,1309,1500,1735,1978,1435,1500,1482,1481,1227,1452,100,0,0,0,4.761904716491699,0,0,0,0,0,0,0,0,64489.36486816406,128541.22625732422,192.3568115234375,100,0,335872,33210380288,8589930496,1928908800,0
200,1737286587679,2100,1905,1405,400,2100,2100,1500,1499,1465,1396,400,1500,100,0,0,0,4.761904716491699,0,0,0,0,0,0,0,0,64490.786865234375,128541.84558105469,192.3568115234375,95,0,335872,33210380288,8589930496,1932505088,0
200,1737286587879,2100,902,1307,1352,1941,400,1499,400,1449,1460,1416,400,100,0,0,0,4.761904716491699,0,0,0,0,0,0,0,0,64492.242248535156,128542.48040771484,192.3568115234375,50.31446838378906,0,335872,33210380288,8589930496,1932505088,0
200,1737286588079,2100,1996,1228,1104,400,400,1495,1384,1435,1467,1189,1378,100,0,0,0,4.761904716491699,0,0,0,0,0,0,0,0,64493.670654296875,128543.10662841797,192.3568115234375,100.84033203125,0,335872,33210380288,8589930496,1932505088,0
200,1737286588280,2099,1921,1160,1066,400,2100,1310,743,400,400,1188,1217,100,0.5128205418586731,0,0,0.5025125741958618,0.5,0,0,0,1,0.5,0.5,0,64495.11212158203,128543.73559570313,192.3568115234375,105.8823471069336,0,335872,33210380288,8589930496,1932505088,0
199,1737286588480,2099,1583,1378,1393,1764,1937,1332,1447,1390,1402,1221,1457,100,0.5128205418586731,0,0,0.5025125741958618,0.5,0,0,0,1,0.5,0.5,0,64496.56066894531,128544.36950683594,192.3568115234375,95.39749145507813,0,335872,33210380288,8589930496,1929814016,0
200,1737286588680,2100,2017,400,1500,2021,1804,1500,1327,1220,400,1359,1443,100,0,0,0,0,0,0,0,0,0,0,0,0,64497.95263671875,128544.79272460938,192.3568115234375,99.58505249023438,0,335872,33210380288,8589930496,1929814016,0
200,1737286588880,2100,1775,1392,1464,1712,2100,1447,1416,1431,1463,400,1285,100,0,0,0,0,0,4.761904716491699,5,0,0,0,0,0,64499.45764160156,128545.25872802734,192.3568115234375,100.84033203125,0,335872,33210380288,8589930496,1929814016,0
200,1737286589080,2100,1967,1343,1500,2009,1980,1426,1430,1500,1500,1436,1450,100,5,0,0,0,0,0,0,0,0,0,0,0,64501.15417480469,128545.84197998047,192.3568115234375,99.58505249023438,0,335872,33210380288,8589930496,1929814016,0
200,1737286589280,2100,1900,1499,1469,1858,1969,1267,1372,1410,1410,1430,1500,100,0,0,4.761904716491699,0,0,0,4.761904716491699,4.761904716491699,4.761904716491699,0,4.761904716491699,0,64502.795349121094,128546.39813232422,192.3568115234375,100.41841125488281,0,335872,33210380288,8589930496,1929691136,0
200,1737286589481,2100,1716,1422,1500,1662,1961,1382,1354,1447,1434,400,1448,100,0,0,4.761904716491699,0,0,0,4.761904716491699,4.761904716491699,4.761904716491699,0,4.761904716491699,0,64504.412536621094,128546.95532226563,192.3568115234375,100,0,335872,33210380288,8589930496,1929691136,0
200,1737286589681,2100,1963,1426,1500,1890,1949,877,1036,1015,1093,1250,1353,100,0,0,4.761904716491699,4.761904716491699,0,0,0,0,0,0,0,0,64505.786560058594,128547.34796142578,192.3568115234375,100.41841125488281,0,335872,33210380288,8589930496,1929691136,0
200,1737286589881,2100,1502,1221,509,1904,1690,1394,1212,1300,1205,400,400,100,0,0,4.761904716491699,4.761904716491699,0,0,0,0,0,0,0,0,64507.200744628906,128547.75622558594,192.3568115234375,50,0,335872,33210380288,8589930496,1929691136,0
200,1737286590081,2100,2100,1397,1487,2100,1927,1411,1433,1499,1457,861,1500,100,0,0,4.761904716491699,4.761904716491699,0,0,0,0,0,0,0,0,64508.61407470703,128548.17102050781,192.3568115234375,99.58505249023438,0,335872,33210380288,8589930496,1929691136,0
200,1737286590281,2100,2065,1466,1472,1935,1912,1345,1359,1363,1342,400,1433,100,1.2820513248443604,0,0,1.25,1.25,0,0,0,0,1.2345678806304932,0,0,64509.98223876953,128548.56213378906,192.3568115234375,99.58505249023438,0,335872,33210380288,8589930496,1929691136,0
200,1737286590482,2099,2051,1435,1211,1828,2100,1410,1465,1467,1463,1400,1448,100,1.2820513248443604,0,0,1.25,1.25,0,0,0,0,1.2345678806304932,0,0,64511.41375732422,128549.18664550781,192.3568115234375,100.84033203125,0,335872,33210380288,8589930496,1932673024,0
200,1737286590682,2100,2041,1324,1258,1837,1867,1363,1325,1328,1394,400,1366,100,0,5,0,0,0,0,0,0,0,0,0,0,64512.84893798828,128549.81469726563,192.3568115234375,100,0,335872,33210380288,8589930496,1932673024,0
200,1737286590882,2100,2099,400,1428,2100,1829,1500,1419,1455,1500,874,1500,100,0,0,0,0,0,4.761904716491699,0,0,0,0,0,0,64514.30749511719,128550.45166015625,192.3568115234375,105.8823471069336,0,335872,33210380288,8589930496,1932673024,0
200,1737286591082,2099,2100,400,1500,1933,1957,1464,1458,1500,1478,1418,1466,100,4.761904716491699,0,0,0,0,0,0,0,0,0,0,0,64515.755798339844,128551.0864868164,192.3568115234375,95.39749145507813,0,335872,33210380288,8589930496,1932673024,0
200,1737286591282,2100,1969,1497,1458,1928,1831,1402,1475,1471,1442,1306,1405,100,0,0,0,0,5,0,0,0,0,5,0,0,64517.18713378906,128551.70501708984,192.3568115234375,104.99999237060547,0,335872,33210380288,8589930496,1932673024,0
200,1737286591483,2100,1964,1153,1238,2100,1918,1391,1388,1419,1460,1268,1219,100,0,0,0,0,5,0,0,0,0,5,0,0,64518.57733154297,128552.11041259766,192.3568115234375,100,0,335872,33210380288,8589930496,1932673024,0
200,1737286591683,2100,2048,1455,1500,1865,1954,1347,1349,1360,1320,1392,1464,100,0,0,0,0,0,0,0,0,0,0,0,0,64520.08532714844,128552.5810546875,192.3568115234375,100,0,335872,33210380288,8589930496,1932673024,0
200,1737286591883,2071,2100,1471,913,400,1629,1499,1499,1198,1489,1363,1499,100,0,0,0,0,0,0,0,0,0,0,0,0,64521.79315185547,128553.18298339844,192.3568115234375,50.209205627441406,0,335872,33210380288,8589930496,1932673024,0
200,1737286592083,2100,2100,1500,1462,2100,2100,1500,1422,1400,1424,400,1499,100,0,0,0,0,0,0,0,0,0,0,0,0,64523.455505371094,128553.7359008789,192.3568115234375,100.84033203125,0,335872,33210380288,8589930496,1932673024,0
200,1737286592283,2100,2045,1465,1448,2099,1864,1476,1454,1430,1451,400,1363,100,0,0,0,0,0,0,0,0,0,0,0,0,64525.038818359375,128554.28057861328,192.3568115234375,99.58505249023438,0,335872,33210380288,8589930496,1932673024,0
200,1737286592483,2100,504,1179,1062,400,400,1341,1445,1447,1458,1147,1189,100,0,0,0,0,0,0,0,0,0,0,0,0,64526.42150878906,128554.66998291016,192.3568115234375,100.84033203125,0,335872,33210380288,8589930496,1932673024,0
200,1737286592684,2100,2038,1357,1383,2100,1873,1365,1354,1414,1434,1343,1370,100,0,0,0,0,0,0,0,0,0,0,0,0,64527.84948730469,128555.08624267578,192.3568115234375,100.84033203125,0,335872,33210380288,8589930496,1932673024,0
200,1737286592884,2099,2100,1367,1432,2100,2012,1499,400,1500,1499,400,1378,100,0,0,0,0,0,4.761904716491699,0,0,4.761904716491699,0,0,0,64529.234436035156,128555.48583984375,192.3568115234375,100.41841125488281,0,335872,33210380288,8589930496,1932673024,0
200,1737286593084,2100,1969,1359,1393,1981,1995,1436,1444,1410,1408,400,1422,100,4.761904716491699,0,0,0,0,0,0,0,0,0,4.761904716491699,0,64530.6123046875,128555.88665771484,192.3568115234375,100.41841125488281,0,335872,33210380288,8589930496,1932673024,0
200,1737286593284,2100,1957,1467,1393,2099,2100,1499,1450,1451,1499,1390,1469,100,0,4.761904716491699,0,0,0,0,0,0,0,0,0,0,64532.05242919922,128556.51062011719,192.3568115234375,100,0,335872,33210380288,8589930496,1929969664,0
200,1737286593484,2100,1827,1500,1427,1146,1371,1422,1465,1469,1432,1364,1410,100,5,0,0,0,0,0,0,0,0,0,0,0,64533.490783691406,128557.14599609375,192.3568115234375,95.39749145507813,0,335872,33210380288,8589930496,1928908800,0
200,1737286593685,2100,1400,400,755,400,1448,1432,1398,1448,1356,873,400,100,0,0,0,0,4.761904716491699,4.761904716491699,4.761904716491699,0,0,0,0,0,64534.9296875,128557.77478027344,192.3568115234375,105.4393310546875,0,335872,33210380288,8589930496,1928908800,0
200,1737286593885,2100,2099,1499,1278,2099,1928,1451,1430,1500,1500,1476,400,100,0,0,0,4.761904716491699,0,0,0,4.761904716491699,0,0,0,0,64536.3837890625,128558.41345214844,192.3568115234375,100.41841125488281,0,335872,33210380288,8589930496,1928908800,0
200,1737286594085,2100,1640,1389,1235,400,1885,1162,1051,1046,1128,1357,1456,100,0,0,0,4.761904716491699,0,0,0,4.761904716491699,0,0,0,0,64537.801208496094,128559.02819824219,192.3568115234375,100.41841125488281,0,335872,33210380288,8589930496,1928908800,0
200,1737286594285,2100,1993,1385,1500,2100,2100,1432,1416,1464,1499,1338,1418,100,0,0,0,0,0,0,0,0,0,0,0,0,64539.19177246094,128559.43035888672,192.3568115234375,100.41841125488281,0,335872,33210380288,8589930496,1928908800,0
200,1737286594485,2100,524,1370,1417,1948,1668,1393,1242,1340,1318,1285,1303,100,0,0,0,0,0,0,0,0,0,0,0,0,64540.705993652344,128559.90356445313,192.3568115234375,99.58505249023438,0,335872,33210380288,8589930496,1928908800,0
200,1737286594685,2100,2100,1088,1272,1641,1475,1458,1480,1328,1410,989,1102,100,0,0,0,0,0,0,0,0,0,0,0,0,64542.412353515625,128560.50012207031,192.3568115234375,100.84033203125,0,335872,33210380288,8589930496,1928908800,0
200,1737286594886,2100,1856,1349,1358,1965,1960,1463,1351,1380,1365,1355,1441,100,0,0,0,0,0,0,4.761904716491699,0,0,0,0,0,64544.04180908203,128561.0404663086,192.3568115234375,100,0,335872,33210380288,8589930496,1928908800,0
200,1737286595086,2099,2038,1463,400,2099,2100,1500,1500,1500,1500,1360,1363,100,0,0,0,0,0,0,4.761904716491699,0,0,0,0,0,64545.656982421875,128561.59576416016,192.3568115234375,50.10437774658203,0,335872,33210380288,8589930496,1928908800,0
200,1737286595286,2099,1714,1364,1433,1932,1921,1380,1448,1318,1364,1289,1339,100,0,0,0,0,0,0,4.761904716491699,0,0,0,0,0,64547.032958984375,128561.9849243164,192.3568115234375,50.10437774658203,0,335872,33210380288,8589930496,1928908800,0
200,1737286595486,2100,2100,1404,1500,2100,1829,400,1499,1500,1480,1431,400,100,0,0,0,0,0,0,4.761904716491699,0,0,0,0,0,64548.448669433594,128562.39874267578,192.35748291015625,50.209205627441406,0,335872,33210380288,8589930496,1928908800,0
200,1737286595686,2100,1578,1458,1500,1972,1727,1355,1353,1500,1361,400,1477,100,0,0,0,0,0,0,4.761904716491699,0,0,0,0,0,64549.85723876953,128562.80755615234,192.35748291015625,99.58505249023438,0,335872,33210380288,8589930496,1928908800,0
200,1737286595886,2100,1887,1089,400,1594,1984,1370,1500,1450,400,1044,1106,100,0,0,0,0,0,0,4.761904716491699,0,0,0,0,0,64551.232482910156,128563.19360351563,192.35748291015625,100.84033203125,0,335872,33210380288,8589930496,1928908800,0
200,1737286596087,2100,2015,1082,892,400,1903,1500,1413,1440,1500,1464,1003,100,0,0,0,0,0,0,4.761904716491699,0,0,0,0,0,64552.68908691406,128563.8125,192.35748291015625,100.41841125488281,0,335872,33210380288,8589930496,1928642560,0
200,1737286596287,2099,487,400,400,400,400,1441,1393,1309,1273,400,400,100,1.2820513248443604,0,0.6211180090904236,0.6289308071136475,0,0,0,0.625,1.2422360181808472,0,0,0,64554.127990722656,128564.4423828125,192.35748291015625,100.41841125488281,0,335872,33210380288,8589930496,1928642560,0
199,1737286596487,2100,1841,1421,1477,2100,2099,1400,1456,1387,1381,1453,400,100,0,4.761904716491699,0,0,0,0,0,0,0,4.761904716491699,0,0,64555.56951904297,128565.06555175781,192.35748291015625,100,0,335872,33210380288,8589930496,1929441280,0
199,1737286596687,2099,2030,400,872,1694,1890,1225,1184,1244,1188,400,967,100,0,4.761904716491699,0,0,0,0,0,0,0,4.761904716491699,0,0,64557.028381347656,128565.69958496094,192.35748291015625,100.84033203125,0,335872,33210380288,8589930496,1929441280,0
200,1737286596887,2100,2099,1500,1438,2099,1864,1461,1457,1453,1388,1500,1327,100,0,4.761904716491699,0,0,0,0,0,0,0,4.761904716491699,0,0,64558.4521484375,128566.32165527344,192.35748291015625,50,0,335872,33210380288,8589930496,1929441280,0
200,1737286597087,2099,1986,1434,1429,2100,2099,1478,1484,1422,975,1366,1483,100,0,4.761904716491699,0,0,0,0,0,0,0,4.761904716491699,0,0,64559.86071777344,128566.78912353516,192.35748291015625,100.84033203125,0,335872,33210380288,8589930496,1929441280,0
200,1737286597287,2099,1977,1471,1499,2100,1995,1500,1499,1499,1500,1500,1499,100,0,4.761904716491699,0,0,0,0,0,0,0,4.761904716491699,0,0,64561.323669433594,128567.22900390625,192.35748291015625,99.58505249023438,0,335872,33210380288,8589930496,1929433088,0
200,1737286597487,2100,2037,1384,1418,1958,1833,1475,1473,1417,1473,400,1420,100,0,4.761904716491699,0,0,0,0,0,0,0,4.761904716491699,0,0,64562.986267089844,128567.78332519531,192.35748291015625,100.84033203125,0,335872,33210380288,8589930496,1929433088,0
200,1737286597688,2100,2100,1500,1448,1988,400,1136,992,1152,1186,1373,1464,100,0,4.761904716491699,0,0,0,0,0,0,0,4.761904716491699,0,0,64564.66931152344,128568.37030029297,192.35748291015625,100,0,335872,33210380288,8589930496,1929433088,0
200,1737286597888,2100,2100,1461,400,1893,1982,1499,1500,1499,1499,1424,1384,100,0,4.761904716491699,0,0,0,0,0,0,0,4.761904716491699,0,0,64566.37609863281,128568.96154785156,192.35748291015625,100.84033203125,0,335872,33210380288,8589930496,1929433088,0
200,1737286598088,2100,1600,1411,1463,1893,1917,1285,1399,1231,1387,400,1392,100,0,4.761904716491699,0,0,0,0,0,0,0,4.761904716491699,0,0,64567.73669433594,128569.3442993164,192.35748291015625,100.84033203125,0,335872,33210380288,8589930496,1929433088,0
200,1737286598288,2100,1888,1500,1422,1626,1819,1499,1499,1500,1476,1344,1399,100,5,0,0,0,0,0,0,0,0,0,0,0,64569.14001464844,128569.74725341797,192.35748291015625,100.41841125488281,0,335872,33210380288,8589930496,1929433088,0
200,1737286598488,2099,491,1349,1214,400,400,1499,1404,1441,1482,1190,1279,100,0,0,0,0,0,0,0,0,0,0,0,0,64570.580139160156,128570.1732788086,192.35748291015625,99.58505249023438,0,335872,33210380288,8589930496,1929134080,0
200,1737286598688,2100,1710,1210,1347,1801,1672,1410,1367,1414,1347,400,1310,100,0,0,0,0,0,0,0,0,0,0,0,0,64571.940368652344,128570.55584716797,192.35748291015625,100.84033203125,0,335872,33210380288,8589930496,1929134080,0
200,1737286598889,2100,491,400,944,874,1836,1451,1374,1444,1426,1102,400,100,5,0,0,0,0,0,5,0,0,0,0,0,64573.388916015625,128571.1449584961,192.35748291015625,100.41841125488281,0,335872,33210380288,8589930496,1924349952,0
199,1737286599089,2100,2099,1430,1436,1906,1859,1500,1499,1429,1499,1368,400,100,0,0,0,0,0,0,0,0,0,0,0,0,64574.84930419922,128571.77978515625,192.35748291015625,105.4393310546875,0,335872,33210380288,8589930496,1932124160,0
200,1737286599289,2100,2100,1414,1435,2099,2040,1320,1392,1500,1351,1384,1412,100,0,0,0,0,0,0,0,0,0,0,0,0,64576.281799316406,128572.408203125,192.35748291015625,95,0,335872,33210380288,8589930496,1932124160,0
200,1737286599489,2100,1974,1336,1452,1916,1554,1477,1478,1500,1476,1466,1452,100,0,0,0,0,0,0,0,0,0,0,0,0,64577.72229003906,128573.03369140625,192.35748291015625,100,0,335872,33210380288,8589930496,1929134080,0
200,1737286599689,2100,2099,1500,1500,1784,2100,1476,1440,1500,1481,1499,1499,100,0,0,0,0,0,0,0,0,0,0,0,0,64579.18322753906,128573.6694946289,192.35748291015625,100,0,335872,33210380288,8589930496,1929134080,0
200,1737286599889,2100,1840,1300,1448,1751,1917,1447,1399,1500,1454,1001,1216,100,0,0,0,0,0,0,0,0,0,0,0,0,64580.56286621094,128574.10278320313,192.35748291015625,50.209205627441406,0,335872,33210380288,8589930496,1929134080,0
200,1737286600090,2100,1707,400,400,1888,1917,1250,1262,1402,1324,400,400,100,0,0,0,0,0,0,0,0,0,0,0,0,64582.05712890625,128574.56427001953,192.35748291015625,100.41841125488281,0,335872,33210380288,8589930496,1929134080,0
200,1737286600290,2099,1873,1427,1458,1959,1954,1405,1307,1439,1437,1342,1438,100,0,0,0,0,0,0,0,0,0,0,0,0,64583.73223876953,128575.13177490234,192.35748291015625,100.41841125488281,0,335872,33210380288,8589930496,1929318400,0
199,1737286600490,2100,1785,1462,1476,1748,1686,1466,1500,1468,1473,1481,1414,100,0,0,0,0,0,0,0,0,0,0,0,0,64585.404235839844,128575.70690917969,192.35748291015625,50.10437774658203,0,335872,33210380288,8589930496,1929318400,0
200,1737286600690,2100,1900,400,1071,1715,1920,1455,1407,1411,1470,400,1500,100,0,0,0,0,0,0,0,0,0,0,0,0,64587.07116699219,128576.28771972656,192.35748291015625,100,0,335872,33210380288,8589930496,1929318400,0
200,1737286600890,2100,1915,1500,1471,2100,2099,1499,1500,1500,1499,400,1306,100,0,0,0,0,0,0,0,0,0,0,0,0,64588.43719482422,128576.67352294922,192.35748291015625,100,0,335872,33210380288,8589930496,1929318400,0
200,1737286601090,2100,2043,1500,1457,1947,1723,1337,1458,1441,1432,1260,1341,100,0,0,0,0,0,0,0,0,0,0,0,0,64589.857849121094,128577.08349609375,192.35748291015625,100.84033203125,0,335872,33210380288,8589930496,1929318400,0
200,1737286601291,2100,1596,1427,1430,1442,2100,1390,1310,1300,1365,1398,1443,100,0,0,0,0,0,0,0,0,0,0,0,0,64591.276794433594,128577.50012207031,192.35748291015625,100,0,335872,33210380288,8589930496,1929318400,0
200,1737286601491,2099,1670,1429,1104,1715,1935,1298,1358,1382,1363,1034,1223,100,4.761904716491699,0,0,0,4.761904716491699,0,0,5,0,0,4.761904716491699,0,64592.63671875,128577.88171386719,192.35748291015625,100.41841125488281,0,335872,33210380288,8589930496,1929302016,0
200,1737286601691,2100,2100,1499,400,2099,1913,1417,1500,956,1374,1467,1466,100,4.761904716491699,0,0,0,0,0,0,0,0,0,0,0,64594.05987548828,128578.46984863281,192.35748291015625,100.41841125488281,0,335872,33210380288,8589930496,1932591104,0
200,1737286601891,2100,2099,1382,1403,2100,2099,400,1500,1499,1431,400,1461,100,0,0,0,0,0,0,0,0,0,0,0,0,64595.524353027344,128579.11328125,192.35748291015625,105.4393310546875,0,335872,33210380288,8589930496,1932591104,0
200,1737286602091,2100,1721,1324,954,1852,1971,1470,1499,1465,400,1500,1499,100,0,0,0,0,0,0,4.761904716491699,0,0,0,0,0,64596.97375488281,128579.74395751953,192.35748291015625,95.39749145507813,0,335872,33210380288,8589930496,1932591104,0
200,1737286602291,2100,1994,1327,1467,1978,2099,1500,1457,1473,1474,1140,1351,100,0,0,0,0,0,0,4.761904716491699,0,0,0,0,0,64598.406188964844,128580.36981201172,192.35748291015625,99.58505249023438,0,335872,33210380288,8589930496,1932591104,0
200,1737286602491,2100,2023,1457,1500,1877,400,1500,1437,1409,1500,966,1500,100,0,0,0,0,0,0,4.761904716491699,0,0,0,0,0,64599.87420654297,128581.01153564453,192.35748291015625,50.209205627441406,0,335872,33210380288,8589930496,1929302016,0
200,1737286602692,2100,1900,400,400,400,971,1310,1197,1251,1247,400,400,100,0,0,0,0,0,0,4.761904716491699,0,0,0,0,0,64601.24548339844,128581.43334960938,192.35748291015625,50.209205627441406,0,335872,33210380288,8589930496,1929302016,0
200,1737286602892,2100,1677,1387,1216,1757,1936,1422,1193,1349,1299,1181,1421,100,0,0,0,1.6666667461395264,1.6393442153930664,0,0,1.6666667461395264,0,0,0,0,64602.717346191406,128581.88165283203,192.35748291015625,100.84033203125,0,335872,33210380288,8589930496,1929302016,0
200,1737286603092,2100,2099,1469,1475,2100,2100,1457,1440,1478,1444,1500,400,100,0,0,0,1.6666667461395264,1.6393442153930664,0,0,1.6666667461395264,0,0,0,0,64604.4189453125,128582.46520996094,192.35748291015625,50.10437774658203,0,335872,33210380288,8589930496,1929302016,0
199,1737286603292,2100,2100,1460,1465,2099,2100,1499,1469,1476,1433,1489,1389,100,0,0,0,1.6666667461395264,1.6393442153930664,0,0,1.6666667461395264,0,0,0,0,64606.082092285156,128583.03625488281,192.35748291015625,100,0,335872,33210380288,8589930496,1929297920,0
200,1737286603492,2100,1850,1226,1189,1600,1961,1499,1352,1331,1449,1208,1247,100,0,0,0,1.6666667461395264,1.6393442153930664,0,0,1.6666667461395264,0,0,0,0,64607.73815917969,128583.61254882813,192.35748291015625,100.41841125488281,0,335872,33210380288,8589930496,1929297920,0
200,1737286603692,2100,2061,400,400,1952,1978,1172,946,1225,1267,1269,400,100,0,0.9900990128517151,0.9900990128517151,0,0,1.9801980257034302,0.9900990128517151,0,1,0,0,0,64609.09942626953,128583.9931640625,192.35748291015625,100.41841125488281,0,335872,33210380288,8589930496,1929297920,0
200,1737286603893,2100,495,1344,400,939,1613,1286,1262,1346,400,1454,400,100,0,0,0,0,0,0,0,0,0,4.761904716491699,5,0,64610.522033691406,128584.40594482422,192.35748291015625,100.84033203125,0,335872,33210380288,8589930496,1929297920,0
200,1737286604093,2100,1872,1500,1475,2100,2100,1500,400,1443,1423,1499,1500,100,0,0,0,0,4.761904716491699,4.761904716491699,0,0,0,0,4.761904716491699,0,64611.9404296875,128584.81903076172,192.35748291015625,100,0,335872,33210380288,8589930496,1929297920,0
200,1737286604293,2100,1830,1348,1400,1810,1431,1308,1480,1251,1124,978,1165,100,0,0,0,0,4.761904716491699,4.761904716491699,0,0,0,0,4.761904716491699,0,64613.29571533203,128585.19915771484,192.35748291015625,100.41841125488281,0,335872,33210380288,8589930496,1929297920,0
200,1737286604493,2100,2022,1334,1307,1743,1992,1500,1364,1472,1474,1500,1499,100,0,0,0,0,4.761904716491699,4.761904716491699,0,0,0,0,4.761904716491699,0,64614.74481201172,128585.7935180664,192.35748291015625,50,0,335872,33210380288,8589930496,1929138176,0
200,1737286604693,2100,2011,400,1469,1689,1763,1364,1245,1033,1175,400,400,100,0,0,0,0,4.761904716491699,4.761904716491699,0,0,0,0,4.761904716491699,0,64616.182067871094,128586.419921875,192.35748291015625,105.4393310546875,0,335872,33210380288,8589930496,1929138176,0
200,1737286604894,2099,2064,1170,960,400,2100,1388,1427,1442,1387,1135,1142,100,0,0,0,0,4.761904716491699,4.761904716491699,0,0,0,0,4.761904716491699,0,64617.640197753906,128587.0546875,192.35748291015625,95.39749145507813,0,335872,33210380288,8589930496,1929138176,0
200,1737286605094,2100,2088,400,400,400,1973,1434,1408,1340,1323,793,400,100,0,0,0,0,0,0,0,0,0,0,0,0,64619.073974609375,128587.68090820313,192.35748291015625,100,0,335872,33210380288,8589930496,1929138176,0
200,1737286605294,2100,1840,400,400,1523,1917,1405,1410,1274,1136,400,400,100,0,0,0,0,0,0,0,4.761904716491699,0,0,0,0,64620.52624511719,128588.3134765625,192.35748291015625,105.4393310546875,0,335872,33210380288,8589930496,1929138176,0
200,1737286605494,2100,2100,1454,1478,2099,2100,1499,1496,1473,400,1406,400,100,0,0,0,4.761904716491699,0,0,0,0,0,0,0,0,64621.92590332031,128588.80657958984,192.35748291015625,100,0,335872,33210380288,8589930496,1926148096,0
200,1737286605694,2100,1901,1441,1460,1962,2100,1500,1499,1499,1499,1318,400,100,5,0,0,0,0,4.761904716491699,4.761904716491699,0,0,0,0,0,64623.389099121094,128589.24627685547,192.35748291015625,100.41841125488281,0,335872,33210380288,8589930496,1926148096,0
200,1737286605894,2100,1990,1500,1334,1947,2100,1499,400,1500,1459,1500,1158,100,0,0,0,0,4.761904716491699,0,0,0,0,0,0,0,64625.04296875,128589.79541015625,192.35748291015625,99.58505249023438,0,335872,33210380288,8589930496,1926148096,0
199,1737286606095,2099,1165,1282,1459,1956,1826,400,1305,1217,1270,400,1414,100,0,0,0,0,4.761904716491699,0,0,0,0,0,0,0,64626.69268798828,128590.36279296875,192.35748291015625,100.84033203125,0,335872,33210380288,8589930496,1926148096,0
200,1737286606295,2100,1987,1468,1500,1733,1871,1436,1442,1500,1500,1500,1499,100,0,0,0,0,0,0,0,0,0,0,0,0,64628.435791015625,128590.97442626953,192.35748291015625,100,0,335872,33210380288,8589930496,1926148096,0
200,1737286606495,2100,1964,1466,1499,1873,2099,1500,1500,1476,1427,1499,1500,100,0,0,0,0,0,0,0,0,0,0,0,0,64629.79931640625,128591.3623046875,192.35748291015625,99.58505249023438,0,335872,33210380288,8589930496,1925410816,0
200,1737286606695,2100,2100,1431,1465,2099,2100,1428,1409,1462,1473,1458,1401,100,0,0,0,0,0,0,0,0,0,0,0,0,64631.197326660156,128591.76593017578,192.35748291015625,100.84033203125,0,335872,33210380288,8589930496,1925410816,0
200,1737286606895,2099,400,1103,400,1762,1686,738,400,1499,1282,1275,1324,100,0,0,0,0,0,0,0,0,0,0,0,0,64632.68194580078,128592.20880126953,192.35748291015625,100,0,335872,33210380288,8589930496,1925410816,0
200,1737286607096,2100,2054,1285,1332,2100,1789,1350,1454,1474,1423,400,1317,100,0,0,0,0,0,0,0,0,0,0,0,0,64634.02185058594,128592.58099365234,192.35748291015625,100.41841125488281,0,335872,33210380288,8589930496,1925410816,0
200,1737286607296,2100,1872,1106,1367,1935,1966,1319,1435,1371,1398,1030,1372,100,0,4.761904716491699,0,4.761904716491699,0,0,0,0,0,0,0,0,64635.44500732422,128593.14123535156,192.35748291015625,100.41841125488281,0,335872,33210380288,8589930496,1927229440,0
200,1737286607496,2100,2099,1317,1465,2100,1935,1499,1499,1500,1459,1435,1461,100,0,4.761904716491699,0,4.761904716491699,0,0,0,0,0,0,0,0,64636.89080810547,128593.77282714844,192.35748291015625,50.10437774658203,0,335872,33210380288,8589930496,1928937472,0
200,1737286607696,2100,1628,1440,1402,1939,1901,1499,1093,1457,1458,1410,1409,100,0,4.761904716491699,0,4.761904716491699,0,0,0,0,0,0,0,0,64638.341796875,128594.40460205078,192.35748291015625,99.58505249023438,0,335872,33210380288,8589930496,1928937472,0
200,1737286607896,2100,1511,1424,1365,1302,638,1461,1499,1408,1473,1394,1459,100,0,4.761904716491699,0,4.761904716491699,0,0,0,0,0,0,0,0,64639.80029296875,128595.0405883789,192.358154296875,100.84033203125,0,335872,33210380288,8589930496,1928937472,0
200,1737286608097,2100,1959,1432,1422,1954,1655,1465,1470,1500,1472,1132,1374,100,0,0,0,0,1,1,1,1,0,1,1,0,64641.22985839844,128595.6685180664,192.358154296875,100.84033203125,0,335872,33210380288,8589930496,1928937472,0
200,1737286608297,2100,1846,400,400,1948,1960,1416,1409,1409,1344,400,400,100,0,0,0,0,4.761904716491699,0,0,0,4.761904716491699,0,0,0,64642.62237548828,128596.12768554688,192.358154296875,100,0,335872,33210380288,8589930496,1928937472,0
200,1737286608497,2100,1853,1499,1469,1795,1989,1480,1463,1500,1499,1416,1440,100,4.761904716491699,0,0,0,0,4.761904716491699,0,0,0,0,0,0,64644.066833496094,128596.56079101563,192.358154296875,100,0,335872,33210380288,8589930496,1928937472,0
200,1737286608697,2100,2100,1479,1487,1998,2100,1399,1298,1403,1371,1284,1402,100,4.761904716491699,0,0,0,0,4.761904716491699,0,0,0,0,0,0,64645.72052001953,128597.11682128906,192.358154296875,100.41841125488281,0,335872,33210380288,8589930496,1928937472,0
200,1737286608897,2100,509,1448,400,400,2014,1500,1499,1499,1499,1335,1479,100,0,0,0,0,0,0,0,0,5,0,0,0,64647.38513183594,128597.69555664063,192.358154296875,100.41841125488281,0,335872,33210380288,8589930496,1928937472,0
200,1737286609097,2100,2022,1474,1499,1775,1971,1253,1283,1236,1238,1435,1454,100,0,0,0,4.761904716491699,0,0,0,0,0,0,0,0,64649.098571777344,128598.30236816406,192.358154296875,99.58505249023438,0,335872,33210380288,8589930496,1928937472,0
200,1737286609298,2099,2037,1393,1405,2099,1549,1378,1442,1444,1468,1128,1366,100,0,0,0,4.761904716491699,0,0,0,0,0,0,0,0,64650.43487548828,128598.67608642578,192.358154296875,100.84033203125,0,335872,33210380288,8589930496,1928937472,0
200,1737286609498,2100,452,400,400,1407,1951,1309,1451,1325,1287,400,1292,100,0,0,0,0,0,0,0,4.761904716491699,0,0,0,0,64651.847412109375,128599.08917236328,192.358154296875,100,0,335872,33210380288,8589930496,1928937472,0
200,1737286609698,2100,1705,400,400,1864,1893,1045,1182,1197,1347,400,1306,100,0,0,0,0,4.761904716491699,0,0,0,0,0,4.761904716491699,0,64653.274475097656,128599.5111694336,192.358154296875,100.41841125488281,0,335872,33210380288,8589930496,1928937472,0
200,1737286609898,2100,1844,1338,1499,1931,1775,1480,1500,1483,1499,1206,1500,100,0,0,0,0,0,0,4.761904716491699,0,0,0,0,0,64654.60852050781,128599.88415527344,192.358154296875,100,0,335872,33210380288,8589930496,1928937472,0
200,1737286610098,2100,2032,1298,1390,1749,2036,1474,1366,1462,1458,1026,1327,100,0,0,4.761904716491699,0,0,0,0,0,0,0,0,0,64656.033203125,128600.46533203125,192.358154296875,99.58505249023438,0,335872,33210380288,8589930496,1924177920,0
200,1737286610298,2100,1984,1395,1304,1957,1888,1440,1397,1459,1447,1346,1259,100,5,0,0,0,0,0,0,0,0,0,0,0,64657.48205566406,128601.10083007813,192.358154296875,100.41841125488281,0,335872,33210380288,8589930496,1929609216,0
200,1737286610499,2100,576,1405,1414,830,1684,1368,1337,1416,1422,1132,1125,100,0,0,0,0,0,0,0,0,0,0,0,0,64658.91198730469,128601.73016357422,192.358154296875,100.41841125488281,0,335872,33210380288,8589930496,1929609216,0
200,1737286610699,2100,1890,1180,1176,1504,1878,400,1215,400,400,400,1059,100,0,0,0,0,0,0,0,0,0,0,0,0,64660.34698486328,128602.35778808594,192.358154296875,100.41841125488281,0,335872,33210380288,8589930496,1929609216,0
200,1737286610899,2100,2051,1381,1499,1808,2036,1407,1380,1433,1458,1406,1473,100,0,0,0,0,0,0,0,0,0,0,0,0,64661.80456542969,128602.99493408203,192.358154296875,100.41841125488281,0,335872,33210380288,8589930496,1929609216,0
199,1737286611099,2100,1980,1302,1317,2100,1735,1437,1499,1500,1415,1382,1424,100,0,4.761904716491699,0,0,0,0,0,0,0,0,0,0,64663.17431640625,128603.42919921875,192.358154296875,99.58505249023438,0,335872,33210380288,8589930496,1929609216,0
200,1737286611299,2100,2011,1372,1385,1991,2100,1500,1499,1500,1499,400,1345,100,0,4.761904716491699,0,0,0,0,0,0,0,0,0,0,64664.65319824219,128603.88494873047,192.358154296875,100.41841125488281,0,335872,33210380288,8589930496,1929420800,0
200,1737286611499,2099,1887,1500,1500,1498,1986,1500,1480,1499,1434,1328,1424,100,0,4.761904716491699,0,0,0,0,0,0,0,0,0,0,64666.337646484375,128604.4605102539,192.358154296875,50.10437774658203,0,335872,33210380288,8589930496,1929420800,0
200,1737286611700,2100,523,1452,1179,1846,400,1337,1079,1239,1093,1366,1499,100,0,0,0,1.6666667461395264,1.6666667461395264,3.22580623626709,0,1.6666667461395264,3.278688430786133,0,1.6393442153930664,0,64667.990661621094,128605.02648925781,192.358154296875,50.10437774658203,0,335872,33210380288,8589930496,1929420800,0
200,1737286611900,2100,1987,1414,1380,1917,2100,1499,1385,1455,1500,1438,1499,100,0,0,0,0,4.761904716491699,0,4.761904716491699,0,0,0,0,0,64669.671325683594,128605.61840820313,192.358154296875,100,0,335872,33210380288,8589930496,1929420800,0
200,1737286612100,2100,1464,1168,1407,1772,1888,1386,1216,1353,1244,1173,1429,100,0,0,0,0,4.761904716491699,0,4.761904716491699,0,0,0,0,0,64671.013732910156,128605.9917602539,192.358154296875,100,0,335872,33210380288,8589930496,1929420800,0
200,1737286612300,2100,1998,1458,1413,2100,2100,1286,1453,1436,1426,1407,1435,100,0,0,0,0,4.761904716491699,0,4.761904716491699,0,0,0,0,0,64672.446838378906,128606.41430664063,192.358154296875,50.209205627441406,0,335872,33210380288,8589930496,1929420800,0
200,1737286612500,2100,1800,1375,1153,1833,1291,1500,1499,1499,1499,1175,1199,100,0,0,0,0,4.761904716491699,0,4.761904716491699,0,0,0,0,0,64673.85339355469,128606.8228149414,192.358154296875,100,0,335872,33210380288,8589930496,1929420800,0
200,1737286612700,2100,1279,1005,400,400,1714,1340,400,1464,1475,1014,1275,100,0,0,0,0,4.761904716491699,0,4.761904716491699,0,0,0,0,0,64675.19812011719,128607.1997680664,192.358154296875,100.41841125488281,0,335872,33210380288,8589930496,1929420800,0
200,1737286612901,2099,2100,1458,1454,1953,1916,1460,1204,1499,1393,400,1452,100,0,0,0,0,4.761904716491699,0,4.761904716491699,0,0,0,0,0,64676.61846923828,128607.7847290039,192.358154296875,100.41841125488281,0,335872,33210380288,8589930496,1931948032,0
200,1737286613101,2100,489,400,1457,1938,400,1315,1251,1329,1368,794,673,100,0,0,0,0,4.761904716491699,0,4.761904716491699,0,0,0,0,0,64678.07550048828,128608.42291259766,192.358154296875,52.71966552734375,0,335872,33210380288,8589930496,1931948032,0
200,1737286613301,2100,2099,1401,1499,1984,1955,1473,1473,1312,1461,1015,1362,100,0,0,0,0,4.761904716491699,0,4.761904716491699,0,0,0,0,0,64679.524475097656,128609.0599975586,192.358154296875,94.21488189697266,0,335872,33210380288,8589930496,1928658944,0
200,1737286613501,2100,2100,1478,1499,1841,2100,1461,1464,1428,1477,1388,1482,100,0,0,0,0,4.761904716491699,0,4.761904716491699,0,0,0,0,0,64680.95184326172,128609.68713378906,192.358154296875,99.1735610961914,0,335872,33210380288,8589930496,1928658944,0
200,1737286613701,2099,2036,1342,1338,1981,1817,1425,1381,1444,1380,1328,1245,100,0,0,0,0,0,0,0,0,4.761904716491699,5,0,0,64682.40399169922,128610.32397460938,192.358154296875,100.41841125488281,0,335872,33210380288,8589930496,1928658944,0
200,1737286613902,2100,2015,1359,1371,1753,2100,1227,1288,1215,1254,1456,1382,100,0,0,0,0,0,0,4.761904716491699,0,0,0,0,0,64683.77716064453,128610.76153564453,192.358154296875,100.41841125488281,0,335872,33210380288,8589930496,1928658944,0
199,1737286614102,2100,1790,400,1386,1959,1944,400,1401,1400,400,1031,1368,100,0,0,0,0,0,0,0,0,0,0,0,0,64685.25079345703,128611.21380615234,192.358154296875,100.41841125488281,0,335872,33210380288,8589930496,1928658944,0
200,1737286614302,2100,1826,1499,1500,1935,1955,1499,1405,1433,1423,1500,1499,100,0,4.761904716491699,0,0,0,4.761904716491699,0,5,0,0,0,0,64686.930236816406,128611.78796386719,192.358154296875,100,0,335872,33210380288,8589930496,1928740864,0
199,1737286614502,2099,1986,1500,1476,1914,2100,1500,1499,1467,1475,1439,1466,100,0,4.761904716491699,0,0,0,4.761904716491699,0,5,0,0,0,0,64688.595642089844,128612.36315917969,192.358154296875,100,0,335872,33210380288,8589930496,1928740864,0
199,1737286614702,2100,2006,1420,1382,1936,1715,1436,1499,1437,1388,1297,1479,100,0,0,0,0,4.761904716491699,0,0,0,5,0,0,0,64690.27960205078,128612.96118164063,192.358154296875,100.41841125488281,0,335872,33210380288,8589930496,1928740864,0
200,1737286614902,2100,1850,1466,1311,1920,1820,1500,1500,1475,1478,1500,1322,100,0,0,0,0,4.761904716491699,0,0,0,5,0,0,0,64691.6318359375,128613.34197998047,192.358154296875,52.71966552734375,0,335872,33210380288,8589930496,1928740864,0
200,1737286615102,2100,2100,1475,1422,1947,1999,1394,1402,1388,1390,1436,1461,100,0,0,0,0,4.761904716491699,0,0,0,5,0,0,0,64693.023376464844,128613.74291992188,192.358154296875,47.69874572753906,0,335872,33210380288,8589930496,1928740864,0
200,1737286615303,2100,550,400,1337,1973,400,1450,1499,1395,1500,1266,400,100,0,0,0,0,4.761904716491699,0,0,0,5,0,0,0,64694.481872558594,128614.17907714844,192.358154296875,52.60960388183594,0,335872,33210380288,8589930496,1928740864,0
199,1737286615503,2100,1318,1413,400,400,743,1425,1450,1500,1499,1393,400,100,0,0,0,0,4.761904716491699,0,0,0,5,0,0,0,64695.823486328125,128614.55200195313,192.358154296875,100.41841125488281,0,335872,33210380288,8589930496,1928740864,0
200,1737286615703,2100,2033,400,748,1266,400,1335,1007,1257,1420,400,400,100,0,0,0,0,4.761904716491699,0,0,0,5,0,0,0,64697.24475097656,128615.11737060547,192.358154296875,95.39749145507813,0,335872,33210380288,8589930496,1932636160,0
199,1737286615903,2100,1878,1460,1260,2100,1965,1384,1479,1500,1480,1247,1410,100,0,0,0,0,0,0,0,0,0,0,0,0,64698.69030761719,128615.74603271484,192.358154296875,100.41841125488281,0,335872,33210380288,8589930496,1932636160,0
200,1737286616103,2100,2025,1476,1308,1826,2100,1318,1482,1449,1403,1384,1441,100,0,0,0,0,0,0,0,0,0,0,0,0,64700.15362548828,128616.38995361328,192.358154296875,100,0,335872,33210380288,8589930496,1932636160,0
200,1737286616303,2099,1980,1500,1500,2011,2100,1450,1301,1394,1500,1398,1499,100,0,0,0,0,4.761904716491699,0,0,0,0,0,0,0,64701.55889892578,128617.00286865234,192.358154296875,100.41841125488281,0,335872,33210380288,8589930496,1932636160,0
200,1737286616503,2099,1984,1281,1129,1906,2100,1442,1468,1310,1499,1337,1347,100,0,0,0,0,4.761904716491699,0,0,0,0,0,0,0,64703.015197753906,128617.63983154297,192.358154296875,50,0,335872,33210380288,8589930496,1928749056,0
162,1737286616741,2099,1840,1409,1500,1727,1828,1467,1435,1499,1482,1460,1469,100,0,0,0,0,4.761904716491699,0,0,0,0,0,0,0,64704.68780517578,128618.23370361328,192.358154296875,101.40845489501953,0,335872,33210380288,8589930496,1928749056,0
200,1737286616904,2099,507,1041,1160,1953,400,1353,1222,1321,1330,976,1453,100,0,0,0,0,4.761904716491699,0,0,0,0,0,0,0,64705.864685058594,128618.58673095703,192.358154296875,71.83098602294922,0,335872,33210380288,8589930496,1928740864,0
200,1737286617104,2100,484,1279,1142,1910,1659,1068,1330,1301,400,1375,400,100,0,0,0,0,4.761904716491699,0,0,0,0,0,0,0,64707.47918701172,128619.1205444336,192.358154296875,55.42725372314453,0,335872,33210380288,8589930496,1928740864,0
200,1737286617304,2100,2100,1461,1458,1776,2099,1314,1442,1350,1500,1401,1445,100,0,0,0,0,4.761904716491699,0,0,0,0,0,0,0,64709.13494873047,128619.6976928711,192.358154296875,100.41841125488281,0,335872,33210380288,8589930496,1928716288,0
200,1737286617504,2100,2067,1434,1462,1912,1991,1459,1500,1479,1453,1360,1448,100,0,0,0,0,4.761904716491699,0,0,0,0,0,0,0,64710.870178222656,128620.30560302734,192.358154296875,100.41841125488281,0,335872,33210380288,8589930496,1928716288,0
200,1737286617704,2100,2099,1437,1480,1867,2011,1358,1500,1448,1499,1368,1469,100,0,0,0,0,4.761904716491699,0,0,0,0,0,0,0,64712.270446777344,128620.72369384766,192.358154296875,99.58505249023438,0,335872,33210380288,8589930496,1928716288,0
200,1737286617905,2100,1975,1399,1435,2100,2100,1484,1450,1500,1500,1357,1481,100,0,0,0,0,4.761904716491699,0,0,0,0,0,0,0,64713.66223144531,128621.12591552734,192.3587646484375,100.41841125488281,0,335872,33210380288,8589930496,1928716288,0
200,1737286618105,2100,1561,1405,1417,1893,1827,1414,1352,1457,1388,400,1143,100,0,0,0,0,4.761904716491699,0,0,0,0,0,0,0,64715.151123046875,128621.57012939453,192.3587646484375,100.41841125488281,0,335872,33210380288,8589930496,1928716288,0
199,1737286618305,2100,2099,1500,1499,2100,2100,1435,1435,1499,1417,1414,1389,100,0,0,0,0,0,0,0,0,0,9.090909004211426,0,0,64716.480895996094,128621.93865966797,192.3587646484375,100.41841125488281,0,335872,33210380288,8589930496,1928716288,0
200,1737286618505,2100,1999,1444,1418,2099,1986,1419,1421,1418,1305,1431,1500,100,0,0,0,0,0,0,0,0,0,9.090909004211426,0,0,64717.896057128906,128622.46270751953,192.3587646484375,100.41841125488281,0,335872,33210380288,8589930496,1924829184,0
200,1737286618705,2100,565,609,1499,1987,1771,1379,1411,1328,400,1429,1499,100,0,0,0,0,0,0,0,0,0,9.090909004211426,0,0,64719.34130859375,128623.09851074219,192.3587646484375,50.10437774658203,0,335872,33210380288,8589930496,1932578816,0
200,1737286618905,2100,2100,1472,1472,1934,2100,1477,1471,1499,1500,1392,1398,100,0,0,0,0,0,0,0,0,0,9.090909004211426,0,0,64720.7822265625,128623.72204589844,192.3587646484375,47.59916305541992,0,335872,33210380288,8589930496,1932578816,0
200,1737286619106,2100,1730,954,399,2100,400,1393,1459,1500,1460,1031,1129,100,0,0,0,0,0,0,0,0,0,0,0,0,64722.24395751953,128624.35906982422,192.3587646484375,105.8823471069336,0,335872,33210380288,8589930496,1932578816,0
200,1737286619306,2100,2035,1441,1500,2100,1999,1499,1500,1342,1281,1499,400,100,0,0,0,0,0,0,0,0,0,0,0,0,64723.675537109375,128624.98809814453,192.3587646484375,100.41841125488281,0,335872,33210380288,8589930496,1932578816,0
200,1737286619506,2100,2026,1403,1411,2100,1840,1478,1438,1446,1409,1375,1419,100,0,0,5,0,0,0,0,0,0,0,0,0,64725.078552246094,128625.47564697266,192.3587646484375,95.39749145507813,0,335872,33210380288,8589930496,1930186752,0
199,1737286619706,2100,2100,1479,1477,2100,2099,1455,1440,1444,1500,1210,1475,100,0,0,5,0,0,0,0,0,0,0,0,0,64726.52734375,128625.90936279297,192.3587646484375,99.58505249023438,0,335872,33210380288,8589930496,1930186752,0
200,1737286619906,2100,1871,1398,1426,1995,1906,1499,1500,1500,1499,1499,1385,100,0,0,0,4.761904716491699,0,0,0,0,0,0,0,0,64728.192443847656,128626.46759033203,192.3587646484375,105.4393310546875,0,335872,33210380288,8589930496,1930186752,0
200,1737286620106,2099,1953,1241,1334,1953,2011,1375,1359,1326,1397,1337,1372,100,0,0,0,4.761904716491699,0,0,0,0,0,0,0,0,64729.836669921875,128627.03308105469,192.3587646484375,100.41841125488281,0,335872,33210380288,8589930496,1930186752,0
200,1737286620307,2100,512,1063,1260,1914,1454,1448,400,1382,1430,400,1277,100,0,0,0,0,0,0,0,0,0,0,0,0,64731.597717285156,128627.6591796875,192.3587646484375,100.41841125488281,0,335872,33210380288,8589930496,1930186752,0
199,1737286620507,2100,1895,1499,400,1890,1952,1500,1500,1500,1499,1499,1499,100,5,0,0,0,0,0,0,4.761904716491699,0,0,0,0,64732.96252441406,128628.04870605469,192.3587646484375,100.41841125488281,0,335872,33210380288,8589930496,1929965568,0
200,1737286620707,2100,608,400,400,849,1119,1410,1248,1412,1400,400,400,100,5,0,0,0,0,0,0,4.761904716491699,0,0,0,0,64734.363830566406,128628.45446777344,192.3587646484375,100,0,335872,33210380288,8589930496,1929965568,0
200,1737286620907,2100,1914,400,1088,1453,400,1425,1304,400,1286,400,400,100,0,0,0,0,0,0,4.761904716491699,0,4.761904716491699,0,0,0,64735.836181640625,128628.89447021484,192.3587646484375,100.84033203125,0,335872,33210380288,8589930496,1929965568,0
200,1737286621107,2100,1977,1397,1442,1827,1941,1475,1469,1413,1407,1441,1433,100,0,0,0,0,0,0,4.761904716491699,0,4.761904716491699,0,0,0,64737.16259765625,128629.25915527344,192.3587646484375,50,0,335872,33210380288,8589930496,1929965568,0
200,1737286621307,2100,1511,1162,1309,400,1705,1439,1470,1500,1500,1158,400,100,0,0,0,0,0,0,4.761904716491699,0,4.761904716491699,0,0,0,64738.60205078125,128629.80743408203,192.3587646484375,100,0,335872,33210380288,8589930496,1925210112,0
200,1737286621508,2100,485,400,908,2099,1927,1500,1500,1477,1473,400,813,100,0,0,0,0,0,0,4.761904716491699,0,4.761904716491699,0,0,0,64740.057067871094,128630.43963623047,192.3587646484375,95.39749145507813,0,335872,33210380288,8589930496,1928986624,0
200,1737286621708,2100,2046,1352,1388,1001,1009,1392,1377,1410,1308,1452,1390,100,0,0,0,0,0,0,4.761904716491699,0,4.761904716491699,0,0,0,64741.489685058594,128631.060546875,192.3587646484375,100.41841125488281,0,335872,33210380288,8589930496,1928986624,0
200,1737286621908,2099,1838,400,400,1724,1924,1421,937,1376,1343,400,400,100,0,1,1,0,1.9801980257034302,1.9801980257034302,1,0,1,0,0,0,64742.95928955078,128631.70275878906,192.3587646484375,105.4393310546875,0,335872,33210380288,8589930496,1928986624,0
200,1737286622108,2099,2100,1400,1500,2100,1903,1473,1461,1481,1464,1500,1424,100,0,0,0,0,0,0,0,0,0,0,0,0,64744.40295410156,128632.33166503906,192.3587646484375,95.39749145507813,0,335872,33210380288,8589930496,1928986624,0
200,1737286622308,2099,545,1432,1351,871,1389,1500,1397,1464,1457,1421,1489,100,0,0,0,0,0,0,0,0,0,0,4.761904716491699,0,64745.80078125,128632.81903076172,192.3587646484375,105.8823471069336,0,335872,33210380288,8589930496,1928986624,0
200,1737286622508,2099,1878,1412,1435,1910,1775,1258,1340,1197,1414,1429,1352,100,0,0,0,0,0,0,0,0,0,0,4.761904716491699,0,64747.238708496094,128633.24230957031,192.3587646484375,99.58505249023438,0,335872,33210380288,8589930496,1928986624,0
200,1737286622709,2100,1982,1257,1405,1664,2100,1281,779,1047,908,1184,1447,100,0,0,0,0,0,0,0,0,0,0,4.761904716491699,0,64748.89959716797,128633.79754638672,192.3587646484375,50.209205627441406,0,335872,33210380288,8589930496,1928986624,0
200,1737286622909,2099,2044,400,400,1668,1821,1322,1332,1312,1419,400,400,100,0,0,0,0,0,0,0,0,0,0,4.761904716491699,0,64750.562927246094,128634.37530517578,192.3587646484375,100.84033203125,0,335872,33210380288,8589930496,1928986624,0
200,1737286623109,2100,2100,1500,1465,2100,1860,1500,1397,1499,1500,1499,1499,100,0,0,0,0,0,0,0,0,0,0,4.761904716491699,0,64752.303771972656,128634.98486328125,192.3587646484375,99.58505249023438,0,335872,33210380288,8589930496,1928986624,0
200,1737286623309,2099,1953,1391,1465,1606,1632,1500,1481,1499,1500,1433,1422,100,0,0,0,0,0,0,0,0,0,0,4.761904716491699,0,64753.67346191406,128635.38012695313,192.3587646484375,100.41841125488281,0,335872,33210380288,8589930496,1928986624,0
200,1737286623509,2100,1669,1308,1309,1572,1451,1500,1452,1469,1472,1127,918,100,0,0,0,0,0,0,0,0,0,0,4.761904716491699,0,64755.078186035156,128635.78387451172,192.3587646484375,100.41841125488281,0,335872,33210380288,8589930496,1928986624,0
200,1737286623710,2100,493,1487,1443,2100,1839,1499,1499,1253,1499,400,1385,100,0,0,0,0,0,0,0,0,0,0,4.761904716491699,0,64756.552001953125,128636.22119140625,192.3587646484375,100.41841125488281,0,335872,33210380288,8589930496,1928986624,0
200,1737286623910,2100,2049,400,1044,991,400,1435,1264,1365,400,400,400,100,0.6369426846504211,0,0.625,1.2422360181808472,0,0.625,0,1.2422360181808472,0.625,1.2422360181808472,0,0,64757.886169433594,128636.59478759766,192.3587646484375,100.41841125488281,0,335872,33210380288,8589930496,1928986624,0
200,1737286624110,2099,2099,1412,1500,1884,1943,1407,1473,1500,1471,1324,1398,100,0,0,0,0,0,0,0,0,0,0,0,0,64759.304138183594,128637.11590576172,192.3587646484375,100.41841125488281,0,335872,33210380288,8589930496,1925099520,0
200,1737286624310,2099,2100,1422,1305,2099,1894,1475,1469,1431,1399,1470,1465,100,0,0,0,0,0,0,0,0,0,0,0,0,64760.76885986328,128637.75653076172,192.3587646484375,100.41841125488281,0,335872,33210380288,8589930496,1925451776,0
200,1737286624510,2100,2100,1433,1390,1982,1990,1475,1499,1426,1436,1316,1374,100,0,0,0,0,0,0,0,0,0,0,0,0,64762.19091796875,128638.37701416016,192.3587646484375,100.41841125488281,0,335872,33210380288,8589930496,1929281536,0
200,1737286624710,2099,1921,1425,1298,1991,1915,1380,1238,1283,1346,1356,1442,100,5,0,0,0,4.761904716491699,0,4.761904716491699,0,0,0,0,0,64763.648193359375,128639.01135253906,192.3587646484375,100.41841125488281,0,335872,33210380288,8589930496,1929281536,0
200,1737286624911,2100,1987,1399,1209,1858,2100,1476,1394,1396,1460,1395,1411,100,0,4.761904716491699,0,0,0,0,0,0,0,0,0,0,64765.10089111328,128639.64624023438,192.3587646484375,100.41841125488281,0,335872,33210380288,8589930496,1929281536,0
200,1737286625111,2099,537,400,400,1870,1848,1263,1388,1404,1309,400,400,100,0,0,0,0,4.761904716491699,0,0,0,0,0,0,0,64766.511291503906,128640.1939086914,192.3587646484375,100,0,335872,33210380288,8589930496,1929281536,0
200,1737286625311,2100,2100,1460,1385,2100,1823,1500,1499,1463,1500,1104,1463,100,5,0,0,0,0,4.761904716491699,0,0,4.761904716491699,0,0,0,64767.94445800781,128640.61260986328,192.3587646484375,100.84033203125,0,335872,33210380288,8589930496,1928683520,0
199,1737286625511,2100,2100,1500,1500,1674,1879,1405,1349,1332,1298,1351,1410,100,5,0,0,0,0,4.761904716491699,0,0,4.761904716491699,0,0,0,64769.5283203125,128641.1244506836,192.3587646484375,99.58505249023438,0,335872,33210380288,8589930496,1928683520,0
200,1737286625711,2100,1922,1324,1394,2100,1965,1466,1499,1478,1466,1101,400,100,0,4.761904716491699,0,0,0,0,0,0,0,0,0,0,64771.212646484375,128641.71276855469,192.3587646484375,100,0,335872,33210380288,8589930496,1928683520,0
200,1737286625911,2100,2055,1190,1125,1954,1973,1388,1357,1448,1469,1403,1428,100,0,4.761904716491699,0,0,0,0,0,0,0,0,0,0,64772.904846191406,128642.28942871094,192.3587646484375,50.209205627441406,0,335872,33210380288,8589930496,1928683520,0
199,1737286626112,2100,490,1500,400,667,1106,1358,1379,1391,1300,400,400,100,0,4.761904716491699,0,0,0,0,0,0,0,0,0,0,64774.37286376953,128642.74609375,192.3587646484375,100.41841125488281,0,335872,33210380288,8589930496,1928683520,0
200,1737286626312,2100,669,1204,1371,1961,1768,1326,400,1495,1439,1068,1381,100,0,4.761904716491699,0,0,0,0,0,0,0,0,0,0,64775.765380859375,128643.14715576172,192.3587646484375,100.41841125488281,0,335872,33210380288,8589930496,1926242304,0
200,1737286626512,2100,1690,1446,1417,2084,2100,1360,1440,1499,1426,1461,1500,100,0,0,0,4.761904716491699,0,0,0,4.761904716491699,4.761904716491699,0,0,0,64777.241638183594,128643.58666992188,192.3587646484375,100.41841125488281,0,335872,33210380288,8589930496,1926242304,0
199,1737286626712,2100,2099,1419,1482,2100,1869,1376,1323,1355,1336,1386,1453,100,0,0,0,4.761904716491699,0,0,0,4.761904716491699,4.761904716491699,0,0,0,64778.565002441406,128643.95263671875,192.3587646484375,100,0,335872,33210380288,8589930496,1926242304,0
200,1737286626912,2100,2009,1474,1438,2100,2100,1393,1334,1402,1458,1476,1471,100,0,0,0,0,0,0,0,0,0,0,0,0,64779.962463378906,128644.44885253906,192.3587646484375,100,0,335872,33210380288,8589930496,1930092544,0
171,1737286627141,2100,1926,1424,1422,1790,1944,1425,1442,1424,1499,1432,1410,100,0,0,0,0,4.1666669845581055,0,4.34782600402832,4.1666669845581055,0,4.34782600402832,0,0,64781.59167480469,128645.14819335938,192.3587646484375,115.48117065429688,0,335872,33210380288,8589930496,1928888320,0
200,1737286627313,2100,2016,1228,1165,1652,1962,400,1457,400,400,1395,1347,100,0,0,0,0,4.1666669845581055,0,4.34782600402832,4.1666669845581055,0,4.34782600402832,0,0,64782.85333251953,128645.69885253906,192.3587646484375,74.45255279541016,0,335872,33210380288,8589930496,1928884224,0
200,1737286627513,2100,2100,1427,400,2100,2100,1448,1500,1499,1499,1412,1362,100,0,0,0,0,4.1666669845581055,0,4.34782600402832,4.1666669845581055,0,4.34782600402832,0,0,64784.278869628906,128646.32019042969,192.3587646484375,54.05405044555664,0,335872,33210380288,8589930496,1929998336,0
200,1737286627713,2100,1897,1499,1471,1920,1980,1500,986,1500,1455,1436,1479,100,0,0,0,0,4.1666669845581055,0,4.34782600402832,4.1666669845581055,0,4.34782600402832,0,0,64785.749938964844,128646.96459960938,192.3587646484375,100,0,335872,33210380288,8589930496,1929998336,0
200,1737286627913,2100,1994,1475,1386,1944,1981,1500,1499,1499,1434,1475,1445,100,0,0,0,0,4.1666669845581055,0,4.34782600402832,4.1666669845581055,0,4.34782600402832,0,0,64787.14611816406,128647.48571777344,192.3587646484375,100,0,335872,33210380288,8589930496,1929998336,0
200,1737286628113,2100,1714,1500,1438,1700,2099,1469,1400,1444,1356,1462,1391,100,0,0,0,0,4.1666669845581055,0,4.34782600402832,4.1666669845581055,0,4.34782600402832,0,0,64788.58575439453,128647.90753173828,192.3587646484375,100.41841125488281,0,335872,33210380288,8589930496,1929998336,0
200,1737286628313,2099,1644,1500,1409,1711,1613,1374,1473,1296,1428,400,1252,100,0,0,0,0,4.1666669845581055,0,4.34782600402832,4.1666669845581055,0,4.34782600402832,0,0,64790.193603515625,128648.43359375,192.3587646484375,100.84033203125,0,335872,33210380288,8589930496,1929998336,0
200,1737286628514,2100,1726,1241,400,400,1909,1288,1413,1486,1426,1260,1237,100,0.746268630027771,0,0.7299270033836365,0.7299270033836365,0.7299270033836365,0.7246376872062683,0,0,0,0,0.7246376872062683,0,64791.86755371094,128649.01824951172,192.3587646484375,100.84033203125,0,335872,33210380288,8589930496,1929998336,0
200,1737286628714,2100,2100,1500,400,2099,1831,1468,1373,1464,1410,1478,1499,100,4.761904716491699,4.761904716491699,0,0,0,0,0,0,0,0,5,0,64793.576599121094,128649.60760498047,192.3587646484375,100,0,335872,33210380288,8589930496,1929998336,0
200,1737286628914,2100,1924,1408,400,1980,1997,1500,1435,1445,1477,1478,1380,100,0,0,0,0,0,0,0,0,4.761904716491699,0,0,0,64795.030212402344,128650.05731201172,192.3587646484375,100,0,335872,33210380288,8589930496,1929998336,0
200,1737286629114,2100,2100,1470,1468,1913,1830,1450,1478,1427,1480,1356,1499,100,0,0,0,0,0,0,0,0,4.761904716491699,0,0,0,64796.401306152344,128650.4453125,192.3587646484375,100.41841125488281,0,335872,33210380288,8589930496,1929998336,0
200,1737286629314,2100,1953,1368,1448,2100,2100,1500,1499,1464,1469,1409,1458,100,0,0,0,0,0,0,0,0,4.761904716491699,0,0,0,64797.896240234375,128650.89831542969,192.3587646484375,50.10437774658203,0,335872,33210380288,8589930496,1929998336,0
200,1737286629514,2100,1980,1213,1409,2026,1855,1371,1458,1444,1417,1339,1429,100,0,0,0,0,0,0,0,0,4.761904716491699,0,0,0,64799.22814941406,128651.26135253906,192.3587646484375,50.10437774658203,0,335872,33210380288,8589930496,1929998336,0
200,1737286629715,2100,2059,1399,1463,1921,2099,1389,1434,1444,1453,1197,1427,100,0,0,0,1.6393442153930664,0,0,0,0,0,0,0,0,64800.64794921875,128651.78100585938,192.3587646484375,100.84033203125,0,335872,33210380288,8589930496,1926709248,0
199,1737286629915,2099,1931,1440,1456,2099,2100,1386,1427,1499,1499,1429,1309,100,0,0,0,0,4.761904716491699,0,0,0,0,0,0,0,64802.0830078125,128652.40612792969,192.3587646484375,100,0,335872,33210380288,8589930496,1929314304,0
200,1737286630115,2100,1921,1499,1484,2100,1954,1500,1499,1484,1500,1365,400,100,0,0,0,0,0,4.761904716491699,0,0,4.761904716491699,0,0,0,64803.52746582031,128653.03405761719,192.3587646484375,105.4393310546875,0,335872,33210380288,8589930496,1929314304,0
200,1737286630315,2100,1892,1363,1481,1873,1974,1479,1500,1478,1469,1327,1430,100,0,0,4.761904716491699,4.761904716491699,0,0,0,0,0,0,0,0,64804.974670410156,128653.66528320313,192.3587646484375,95.39749145507813,0,335872,33210380288,8589930496,1929310208,0
200,1737286630515,2100,1659,1402,1456,1983,1446,1500,1500,1499,1499,1389,1428,100,0,0,0,0,0,0,4.761904716491699,0,0,4.761904716491699,0,0,64806.41857910156,128654.29602050781,192.359375,100.41841125488281,0,335872,33210380288,8589930496,1930330112,0
200,1737286630715,2100,1859,1454,1255,1918,2100,1329,1319,1346,1406,1397,1458,100,0,0,0,0,0,0,4.761904716491699,0,0,4.761904716491699,0,0,64807.80847167969,128654.80352783203,192.359375,100.41841125488281,0,335872,33210380288,8589930496,1930330112,0
200,1737286630916,2100,2100,1487,1425,2100,2003,1373,400,1500,1500,1055,1500,100,0,0,0,0,0,0,0,4.761904716491699,0,0,0,0,64809.24890136719,128655.23083496094,192.359375,100.41841125488281,0,335872,33210380288,8589930496,1930330112,0
200,1737286631116,2100,2100,1476,1113,2100,2100,1485,1407,1459,1461,1398,1481,100,5,0,0,0,0,0,0,4.761904716491699,0,0,0,0,64810.86248779297,128655.76544189453,192.359375,100.41841125488281,0,335872,33210380288,8589930496,1930330112,0
200,1737286631316,2100,2100,1469,1465,1906,2099,1499,1404,1363,1391,1465,1382,100,0,0,0,0,0,0,0,0,0,0,0,0,64812.53826904297,128656.35046386719,192.359375,100.41841125488281,0,335872,33210380288,8589930496,1930330112,0
200,1737286631516,2100,1795,400,1475,1930,1804,1429,1499,1372,1437,1418,1478,100,0,0,0,0,0,0,0,0,0,0,0,0,64814.254455566406,128656.94677734375,192.359375,100,0,335872,33210380288,8589930496,1930330112,0
200,1737286631716,2100,2100,1461,1470,1968,2099,1368,1500,1457,1467,400,1324,100,0,0,4.761904716491699,0,0,0,0,0,0,0,0,0,64815.677307128906,128657.37603759766,192.359375,100.41841125488281,0,335872,33210380288,8589930496,1930330112,0
200,1737286631917,2100,556,400,400,400,1555,1431,1499,1451,1500,900,400,100,0,0,0,0,0,0,0,0,0,0,0,0,64817.062927246094,128657.7749633789,192.359375,99.58505249023438,0,335872,33210380288,8589930496,1930330112,0
200,1737286632117,2100,1688,1443,1472,2100,2099,1417,1486,1431,1452,400,1443,100,0,0,0,0,4.761904716491699,0,0,0,0,0,0,0,64818.543518066406,128658.2177734375,192.359375,100.84033203125,0,335872,33210380288,8589930496,1930330112,0
200,1737286632317,2100,1796,1500,400,2099,1649,1269,1500,1313,1252,400,1500,100,0,0,0,0,4.761904716491699,0,0,0,0,0,0,0,64819.86199951172,128658.58251953125,192.359375,100,0,335872,33210380288,8589930496,1930330112,0
199,1737286632517,2100,2004,1499,1499,2100,1793,1412,1383,1477,1480,1309,1499,100,0,0,0,5,0,0,4.761904716491699,0,0,0,0,0,64821.28240966797,128659.09338378906,192.359375,105.8823471069336,0,335872,33210380288,8589930496,1925246976,0
200,1737286632717,2099,1981,1258,1352,1811,1901,1439,1384,1466,1499,400,1410,100,0,0,0,0,0,0,0,0,4.761904716491699,0,0,0,64822.72509765625,128659.71868896484,192.359375,99.58505249023438,0,335872,33210380288,8589930496,1928929280,0
200,1737286632917,2100,2011,1132,1164,1707,1436,1499,1465,1469,1500,1257,1202,100,0,0,0,0,0,0,0,0,0,0,0,0,64824.161865234375,128660.35528564453,192.359375,100.41841125488281,0,335872,33210380288,8589930496,1928929280,0
200,1737286633118,2100,2031,1446,1376,1978,2100,1440,1384,1443,1466,1358,1386,100,0,0,0,0,0,0,0,0,0,0,0,0,64825.594482421875,128660.98010253906,192.359375,100,0,335872,33210380288,8589930496,1928929280,0
200,1737286633318,2099,2026,1409,1437,1982,1953,1013,916,1054,1056,1158,1397,100,0,0,0,0,0,0,0,0,0,0,0,0,64827.028564453125,128661.61254882813,192.359375,50.209205627441406,0,335872,33210380288,8589930496,1928925184,0
200,1737286633518,2100,2009,1470,1481,2007,2100,1428,1500,1500,1419,1434,400,100,0,0,0,0,0,0,0,0,0,0,0,0,64828.42919921875,128662.13208007813,192.359375,100.41841125488281,0,335872,33210380288,8589930496,1926184960,0
200,1737286633718,2100,1931,1426,1500,1998,1869,1499,1499,1500,1453,1472,1460,100,0,0,0,0,0,0,0,0,0,0,0,0,64829.850341796875,128662.54748535156,192.359375,100,0,335872,33210380288,8589930496,1926184960,0
200,1737286633918,2100,1520,400,400,1963,1617,1499,1359,1500,1446,1251,400,100,0,0,0,0,0,0,0,0,0,0,0,0,64831.465393066406,128663.0824584961,192.359375,100,0,335872,33210380288,8589930496,1926184960,0
200,1737286634118,2099,1965,1319,1420,1379,2072,1294,1344,1415,1458,1227,400,100,0,0,0,0,0,0,0,0,0,0,0,0,64833.121154785156,128663.65661621094,192.359375,100,0,335872,33210380288,8589930496,1926184960,0
200,1737286634319,2100,2100,1395,1355,1946,1977,1499,1385,1467,1449,1060,1172,100,0.8547009229660034,1.6393442153930664,0,0.8333333730697632,0.8333333730697632,0.8333333730697632,0.8333333730697632,0.8264462351799011,0.8333333730697632,0.8333333730697632,0,0,64834.83282470703,128664.24694824219,192.359375,100.41841125488281,0,335872,33210380288,8589930496,1926184960,0
200,1737286634519,2100,2100,1451,1455,1803,1959,1499,1500,1500,1500,1451,1500,100,0.8547009229660034,1.6393442153930664,0,0.8333333730697632,0.8333333730697632,0.8333333730697632,0.8333333730697632,0.8264462351799011,0.8333333730697632,0.8333333730697632,0,0,64836.27508544922,128664.69445800781,192.359375,50.10437774658203,0,335872,33210380288,8589930496,1926184960,0
200,1737286634719,2100,2100,1418,1419,1872,2099,1349,1318,1330,1377,920,400,100,0.8547009229660034,1.6393442153930664,0,0.8333333730697632,0.8333333730697632,0.8333333730697632,0.8333333730697632,0.8264462351799011,0.8333333730697632,0.8333333730697632,0,0,64837.6416015625,128665.08135986328,192.359375,100.41841125488281,0,335872,33210380288,8589930496,1926184960,0
200,1737286634919,2100,2100,1458,1464,1968,2100,400,1415,1363,1389,400,1415,100,1.2658227682113647,0,0,1.25,0,1.25,0,1.25,0,1.2345678806304932,0,0,64839.13037109375,128665.52410888672,192.359375,100.41841125488281,0,335872,33210380288,8589930496,1926184960,0
200,1737286635119,2100,1943,1473,1472,2100,2100,1417,1264,1329,1317,1441,1468,100,0,0,4.761904716491699,0,0,0,0,0,0,0,0,0,64840.443603515625,128665.89447021484,192.359375,100.84033203125,0,335872,33210380288,8589930496,1926184960,0
200,1737286635319,2100,2004,1455,1437,1724,1784,1271,1179,814,780,1394,1421,100,0,0,0,0,4.761904716491699,0,0,0,0,0,0,0,64841.859802246094,128666.38293457031,192.359375,94.60580444335938,0,335872,33210380288,8589930496,1925992448,0
200,1737286635520,2100,484,1338,1222,400,1716,1459,1407,1458,1499,1360,1245,100,0,0,0,0,0,4.761904716491699,0,0,0,0,0,0,64843.30517578125,128667.01861572266,192.359375,100.41841125488281,0,335872,33210380288,8589930496,1929572352,0
200,1737286635720,2100,1752,1292,1357,1907,1776,1243,1363,1353,1372,1070,1313,100,0,0,0,0,0,4.761904716491699,0,0,0,0,0,0,64844.72381591797,128667.63500976563,192.359375,105.4393310546875,0,335872,33210380288,8589930496,1929572352,0
200,1737286635920,2100,1989,1428,1474,1965,2100,1336,1500,1419,1406,400,1499,100,0,0,0,0,0,4.761904716491699,0,0,0,0,0,0,64846.190490722656,128668.2749633789,192.359375,50,0,335872,33210380288,8589930496,1929572352,0
200,1737286636120,2100,1744,1461,1445,400,1392,1412,1241,1337,1500,1479,400,100,0,0,0,0,0,4.761904716491699,0,0,0,0,0,0,64847.62878417969,128668.90612792969,192.359375,100.84033203125,0,335872,33210380288,8589930496,1929572352,0
200,1737286636321,2100,2061,1500,1499,400,864,1499,1457,1427,1499,1500,1482,100,0,0,0,0,0,4.761904716491699,0,0,0,0,0,0,64849.064208984375,128669.50695800781,192.359375,100.41841125488281,0,335872,33210380288,8589930496,1929572352,0
200,1737286636521,2100,1609,1389,1423,1694,1931,1419,1356,1463,1427,1306,1333,100,0,0,0,0,0,4.761904716491699,0,0,0,0,0,0,64850.457580566406,128669.91247558594,192.359375,100.41841125488281,0,335872,33210380288,8589930496,1929572352,0
200,1737286636721,2100,1447,400,1107,1799,400,1341,400,1286,1408,400,400,100,1.0204081535339355,1,1,0,1,0,1,0,0.9900990128517151,0,1,0,64851.97814941406,128670.39086914063,192.359375,99.58505249023438,0,335872,33210380288,8589930496,1929572352,0
200,1737286636921,2100,2100,1480,1500,2100,1978,400,1468,1500,1452,1418,1478,100,0,0,0,0,0,0,0,4.761904716491699,0,0,0,0,64853.673400878906,128670.98791503906,192.359375,100,0,335872,33210380288,8589930496,1929572352,0
200,1737286637121,2100,2100,1499,1500,1982,2100,1499,1500,1500,1499,1499,1500,100,0,0,0,0,0,0,0,0,0,0,0,0,64855.344299316406,128671.5537109375,192.359375,100.41841125488281,0,335872,33210380288,8589930496,1929572352,0
200,1737286637321,2100,1944,1390,1329,1925,1910,1466,1440,1461,1430,1428,1450,100,0,0,0,0,0,0,0,0,0,0,0,0,64856.88427734375,128672.06237792969,192.359375,50.209205627441406,0,335872,33210380288,8589930496,1929572352,0
200,1737286637522,2099,2022,400,400,1500,1958,1499,1450,1384,1399,400,910,100,0,0,0,0,0,0,0,0,0,0,0,0,64858.26696777344,128672.46130371094,192.359375,100.41841125488281,0,335872,33210380288,8589930496,1929572352,0
200,1737286637722,2099,1709,1407,1438,1841,1915,1197,1078,1019,1222,1380,1412,100,1.2820513248443604,0,0,1.25,0,1.25,0,0,1.2345678806304932,0,1.2345678806304932,0,64859.71105957031,128672.88763427734,192.359375,100.41841125488281,0,335872,33210380288,8589930496,1929572352,0
200,1737286637922,2099,553,1499,400,1880,1881,1500,1473,1200,1309,400,1433,100,0,0,0,0,0,4.761904716491699,4.761904716491699,0,0,0,0,0,64861.07238769531,128673.27264404297,192.359375,100.41841125488281,0,335872,33210380288,8589930496,1929572352,0
200,1737286638122,2100,2100,1421,1499,1999,2100,1416,1302,1421,1452,1500,1481,100,0,0,0,0,0,0,0,0,0,0,0,0,64862.45538330078,128673.71160888672,192.359375,100,0,335872,33210380288,8589930496,1929572352,0
200,1737286638322,2100,1980,1397,1459,2100,2100,1406,1335,1391,1391,1426,1474,100,0,0,0,4.761904716491699,4.761904716491699,0,0,4.761904716491699,0,0,0,0,64863.90637207031,128674.34619140625,192.359375,99.58505249023438,0,335872,33210380288,8589930496,1928228864,0
200,1737286638523,2100,2038,1350,1333,1788,2100,1369,1411,1253,1248,400,1280,100,0,0,0,0,4.761904716491699,0,0,0,4.761904716491699,0,0,0,64865.336486816406,128674.97393798828,192.359375,100.84033203125,0,335872,33210380288,8589930496,1928957952,0
200,1737286638723,2100,1098,400,400,1452,1753,1345,400,1306,1347,400,400,100,5,0,0,0,0,0,0,0,0,0,0,0,64866.77264404297,128675.5991821289,192.359375,100.41841125488281,0,335872,33210380288,8589930496,1928957952,0
200,1737286638923,2100,2100,1499,1499,1712,2100,1500,1500,1479,1485,1470,1471,100,0,0,4.761904716491699,0,0,0,0,0,0,4.761904716491699,0,0,64868.224548339844,128676.23516845703,192.359375,99.58505249023438,0,335872,33210380288,8589930496,1928957952,0
200,1737286639123,2100,1517,1478,1484,1761,2100,1476,1475,1435,1464,1417,1450,100,0,0,0,4.761904716491699,0,0,4.761904716491699,0,0,0,4.761904716491699,0,64869.64465332031,128676.81610107422,192.359375,100.84033203125,0,335872,33210380288,8589930496,1928957952,0
200,1737286639323,2100,1979,1499,1397,1766,1934,1500,1466,1471,1477,1499,1500,100,0,0,0,0,0,0,0,0,0,4.761904716491699,0,0,64871.04949951172,128677.22479248047,192.359375,100,0,335872,33210380288,8589930496,1928957952,0
200,1737286639523,2100,2002,1440,1469,1235,1966,1231,1198,1137,1206,1447,1414,100,0,0,0,0,0,0,0,0,0,4.761904716491699,0,0,64872.601501464844,128677.72302246094,192.359375,100.41841125488281,0,335872,33210380288,8589930496,1928957952,0
200,1737286639724,2100,1882,1033,1070,1805,2100,1422,1380,1480,1440,1195,1151,100,0,0,0,0,0,0,0,0,0,0,0,0,64874.287841796875,128678.31256103516,192.359375,100.41841125488281,0,335872,33210380288,8589930496,1928957952,0
200,1737286639924,2100,2049,1493,927,400,400,1346,400,1465,1301,1220,1290,100,0,0,0,0,0,0,0,0,0,0,0,0,64875.96911621094,128678.88000488281,192.359375,100,0,335872,33210380288,8589930496,1928957952,0
200,1737286640124,2100,2100,1499,1471,1905,2007,1500,1500,1499,1499,1419,1450,100,0,0,0,0,0,0,0,4.761904716491699,0,0,0,0,64877.474365234375,128679.369140625,192.359375,100.84033203125,0,335872,33210380288,8589930496,1928957952,0
200,1737286640324,2100,2100,1461,1421,2100,2099,1433,1423,1415,1421,400,400,100,0,0,0,0,0,0,0,4.761904716491699,0,0,0,0,64878.855712890625,128679.76336669922,192.359375,99.58505249023438,0,335872,33210380288,8589930496,1928957952,0
200,1737286640524,2100,2100,1499,1414,1684,1985,1500,1500,1488,1416,1500,1499,100,5,0,4.761904716491699,0,0,5,0,0,4.761904716491699,0,0,0,64880.333251953125,128680.20587158203,192.36004638671875,100.84033203125,0,335872,33210380288,8589930496,1928957952,0
200,1737286640724,2099,1813,1323,1129,1416,400,1463,1500,1463,400,1344,1195,100,0,0,0,0,0,0,0,0,0,0,0,0,64881.689514160156,128680.58813476563,192.36004638671875,100,0,335872,33210380288,8589930496,1928957952,0
200,1737286640925,2100,631,1500,1500,1875,1868,1500,1434,1433,1405,1446,1500,100,0,0,0,0,0,0,0,0,0,0,0,0,64883.07684326172,128681.02569580078,192.36004638671875,100.41841125488281,0,335872,33210380288,8589930496,1928957952,0
200,1737286641125,2099,2100,1462,400,1857,1874,1482,1478,1499,1500,1433,1474,100,0,0,0,0,0,0,0,0,0,0,0,0,64884.522888183594,128681.65270996094,192.36004638671875,100.41841125488281,0,335872,33210380288,8589930496,1928826880,0
200,1737286641325,2100,1960,1393,1454,2100,1845,1441,1446,1477,1426,1381,1373,100,0,0,0,0,0,4.761904716491699,0,0,4.761904716491699,0,0,0,64885.991271972656,128682.29656982422,192.36004638671875,100,0,335872,33210380288,8589930496,1926135808,0
200,1737286641525,2100,1952,1349,1355,1841,2099,1429,1415,1425,1462,1438,1421,100,0,0,0,0,0,4.761904716491699,0,0,4.761904716491699,0,0,0,64887.412353515625,128682.91589355469,192.36004638671875,100.41841125488281,0,335872,33210380288,8589930496,1929748480,0
200,1737286641725,2099,1754,1444,1280,1500,1706,1449,1412,1474,1499,1400,1439,100,0,0,0,0,0,4.761904716491699,0,0,4.761904716491699,0,0,0,64888.874755859375,128683.5556640625,192.36004638671875,50.31446838378906,0,335872,33210380288,8589930496,1929748480,0
200,1737286641926,2100,2064,1328,1368,1547,2100,1407,1343,1298,1439,400,1255,100,0,1.6666667461395264,0,1.6393442153930664,0,0,1.6666667461395264,0,0,0,0,0,64890.28698730469,128684.13305664063,192.36004638671875,50.31446838378906,0,335872,33210380288,8589930496,1929748480,0
199,1737286642126,2100,2100,1467,1466,1955,1912,1429,1362,1454,1467,400,1358,100,0,1.6666667461395264,0,1.6393442153930664,0,0,1.6666667461395264,0,0,0,0,0,64891.676208496094,128684.53033447266,192.36004638671875,100,0,335872,33210380288,8589930496,1929748480,0
200,1737286642326,2100,2066,1395,1448,2099,2100,1499,1499,1499,1499,400,1414,100,0,0,0,0,0,0,0,4.761904716491699,0,0,0,0,64893.245361328125,128685.0341796875,192.36004638671875,100.41841125488281,0,335872,33210380288,8589930496,1929748480,0
200,1737286642526,2100,1878,1499,1500,2099,1951,1408,1499,1413,1419,400,1480,100,0,0,0,4.761904716491699,0,0,0,0,0,0,0,0,64894.93469238281,128685.62658691406,192.36004638671875,100.84033203125,0,335872,33210380288,8589930496,1929748480,0
200,1737286642726,2099,2100,1307,1396,1921,2100,1416,1500,1499,1500,1375,1360,100,0,0,0,0,0,0,0,0,0,0,0,0,64896.62487792969,128686.19622802734,192.36004638671875,100,0,335872,33210380288,8589930496,1929748480,0
200,1737286642926,2099,1874,1446,1469,1996,2100,1461,1218,1463,1387,1278,1357,100,0,0,0,0,0,0,0,0,0,0,0,0,64898.149169921875,128686.6968383789,192.36004638671875,100.84033203125,0,335872,33210380288,8589930496,1929748480,0
199,1737286643127,2100,2038,400,400,933,400,400,400,1499,1372,400,1158,100,0,0,0,0,0,0,0,0,0,0,0,0,64899.53405761719,128687.087890625,192.36004638671875,50.209205627441406,0,335872,33210380288,8589930496,1929748480,0
200,1737286643327,2099,649,1377,1377,1873,1963,1173,928,1055,1306,1227,1354,100,0,0,0,0,0,0,0,0,0,0,0,0,64900.99108886719,128687.51873779297,192.36004638671875,50.209205627441406,0,335872,33210380288,8589930496,1929748480,0
200,1737286643527,2100,1872,1486,400,2036,2100,1115,1500,1500,1486,1331,1348,100,0,0,0,0,4.761904716491699,0,0,0,4.761904716491699,0,0,0,64902.358459472656,128687.90997314453,192.36004638671875,100,0,335872,33210380288,8589930496,1929748480,0
199,1737286643727,2099,1441,1429,1449,1832,1727,1499,1432,1471,1479,400,1387,100,0,0,0,0,0,0,0,0,0,0,0,0,64903.75085449219,128688.3310546875,192.36004638671875,104.5643081665039,0,335872,33210380288,8589930496,1929748480,0
200,1737286643927,2100,2004,1447,1363,2093,2000,1416,1500,1481,1459,1398,1452,100,0,0,0,0,0,0,0,0,0,0,0,0,64905.18444824219,128688.95202636719,192.36004638671875,95.39749145507813,0,335872,33210380288,8589930496,1932013568,0
200,1737286644127,2100,1844,1500,1382,1176,1403,1425,1456,1464,1417,1204,1499,100,0,0,0,0,0,0,0,0,0,0,0,0,64906.65734863281,128689.59649658203,192.36004638671875,50.209205627441406,0,335872,33210380288,8589930496,1932013568,0
200,1737286644328,2100,692,1042,1384,1791,1442,1438,1441,1455,1420,400,1321,100,0,0,0,0,0,0,0,0,0,0,0,0,64908.076721191406,128690.21765136719,192.36004638671875,50.209205627441406,0,335872,33210380288,8589930496,1932013568,0
200,1737286644528,2100,499,400,400,1294,1956,1209,1276,400,1397,400,400,100,0,0,0,0,0,0,0,0,0,0,0,0,64909.54357910156,128690.85754394531,192.36004638671875,104.99999237060547,0,335872,33210380288,8589930496,1930219520,0
200,1737286644728,2100,2100,1484,1500,2100,1954,1415,1499,1424,1500,1440,1425,100,0,0,0,0,0,0,0,0,0,0,0,0,64910.99755859375,128691.49145507813,192.36004638671875,95.39749145507813,0,335872,33210380288,8589930496,1930219520,0
200,1737286644928,2100,2015,1499,1382,2100,1986,1474,1438,1500,1499,1290,1385,100,0,0,4.761904716491699,4.761904716491699,0,0,0,0,0,0,0,0,64912.376037597656,128691.91479492188,192.36004638671875,100,0,335872,33210380288,8589930496,1930219520,0
200,1737286645128,2099,2038,1453,1391,1957,2100,1454,1305,1460,1462,1324,1455,100,0,0,0,0,0,4.761904716491699,4.761904716491699,0,0,4.761904716491699,0,0,64913.85906982422,128692.3685913086,192.36004638671875,100.84033203125,0,335872,33210380288,8589930496,1930219520,0
200,1737286645328,2100,537,400,400,926,1893,1301,1466,1398,1440,400,400,100,0,0,0,0,0,0,0,0,0,0,0,0,64915.56750488281,128692.95690917969,192.36004638671875,99.58505249023438,0,335872,33210380288,8589930496,1929928704,0
200,1737286645529,2100,2007,1305,1330,1791,1633,1391,1387,1450,1465,1282,1341,100,0,0,0,0,0,0,0,0,0,0,0,0,64917.22802734375,128693.52270507813,192.36004638671875,100.84033203125,0,335872,33210380288,8589930496,1929928704,0
200,1737286645729,2100,2100,1407,1434,1976,2024,1454,1500,1499,1499,1414,1476,100,0,4.761904716491699,0,4.761904716491699,0,0,4.761904716491699,0,4.761904716491699,4.761904716491699,0,0,64918.860412597656,128694.08471679688,192.36004638671875,99.58505249023438,0,335872,33210380288,8589930496,1929928704,0
200,1737286645929,2099,1544,1073,1276,1790,1738,1162,1190,1384,1500,1315,1421,100,0,4.761904716491699,0,4.761904716491699,0,0,4.761904716491699,0,4.761904716491699,4.761904716491699,0,0,64920.234313964844,128694.47216796875,192.36004638671875,100,0,335872,33210380288,8589930496,1929928704,0
200,1737286646129,2100,1650,1476,1417,1545,1644,1438,1447,1448,1500,1384,1500,100,0,0,0,0,0,0,0,0,4.761904716491699,0,0,0,64921.65350341797,128694.87994384766,192.36004638671875,100,0,335872,33210380288,8589930496,1929928704,0
200,1737286646329,2100,1650,1200,1174,1870,1898,1441,1472,1473,1445,1159,1300,100,0,0,0,0,0,0,0,0,4.761904716491699,0,0,0,64923.06164550781,128695.29248046875,192.36004638671875,100.41841125488281,0,335872,33210380288,8589930496,1929920512,0
200,1737286646530,2100,1680,400,400,1351,1439,1470,1374,1389,1376,400,400,100,0,0,0,0,0,0,0,0,0,0,0,0,64924.4296875,128695.67755126953,192.36004638671875,100.41841125488281,0,335872,33210380288,8589930496,1929920512,0
200,1737286646730,2100,1886,400,1396,2100,2100,1466,1500,1500,1271,1311,1402,100,0,0,0,4.761904716491699,0,0,0,0,0,0,0,0,64925.880126953125,128696.30059814453,192.36004638671875,105.8823471069336,0,335872,33210380288,8589930496,1931960320,0
199,1737286646930,2100,2100,1435,1419,1814,1964,1356,1347,1376,1466,1483,1500,100,0,4.761904716491699,0,0,0,0,0,5,0,0,4.761904716491699,0,64927.329345703125,128696.92956542969,192.36004638671875,99.58505249023438,0,335872,33210380288,8589930496,1931960320,0
200,1737286647130,2099,2010,1433,1479,2100,1906,1394,1374,1356,1352,1384,1443,100,0,4.761904716491699,0,0,0,0,0,5,0,0,4.761904716491699,0,64928.793884277344,128697.56951904297,192.36004638671875,100.41841125488281,0,335872,33210380288,8589930496,1931960320,0
200,1737286647330,2100,2100,1474,1474,2100,2100,1263,1319,1314,1268,1358,1442,100,4.761904716491699,0,0,0,0,0,0,0,4.761904716491699,0,0,0,64930.220764160156,128698.19482421875,192.36004638671875,95.7983169555664,0,335872,33210380288,8589930496,1931960320,0
200,1737286647530,2100,2059,1458,1457,1731,1760,1195,1134,1230,1206,400,1453,100,0,0,0,0,0,0,0,0,0,0,0,0,64931.674560546875,128698.82727050781,192.36004638671875,100.41841125488281,0,335872,33210380288,8589930496,1930166272,0
200,1737286647731,2100,1968,1481,1439,1892,2100,1500,1499,1486,1446,400,1265,100,0,0,0,0,0,0,0,0,0,0,0,0,64933.05944824219,128699.23095703125,192.36004638671875,100,0,335872,33210380288,8589930496,1930166272,0
200,1737286647931,2100,2099,1472,400,2099,2000,1500,1384,1466,1458,1428,1410,100,0,0,4.545454502105713,0,4.761904716491699,9.090909004211426,0,0,0,0,4.761904716491699,0,64934.58807373047,128699.70880126953,192.36004638671875,100.41841125488281,0,335872,33210380288,8589930496,1930166272,0
200,1737286648131,2100,1496,400,400,1725,1879,980,1244,1410,1328,400,400,100,0,0,4.545454502105713,0,4.761904716491699,9.090909004211426,0,0,0,0,4.761904716491699,0,64936.279541015625,128700.29486083984,192.36004638671875,100,0,335872,33210380288,8589930496,1930166272,0
200,1737286648331,2100,2029,1423,1351,1943,1874,1422,1413,1415,1410,1331,1441,100,0,0,4.545454502105713,0,4.761904716491699,9.090909004211426,0,0,0,0,4.761904716491699,0,64937.94061279297,128700.85510253906,192.36004638671875,50.31446838378906,0,335872,33210380288,8589930496,1930010624,0
200,1737286648531,2100,1673,1443,1419,1562,2028,1415,1430,1329,1473,1460,1428,100,0,0,4.545454502105713,0,4.761904716491699,9.090909004211426,0,0,0,0,4.761904716491699,0,64939.554748535156,128701.40411376953,192.36004638671875,99.58505249023438,0,335872,33210380288,8589930496,1930010624,0
200,1737286648731,2100,2021,1002,1322,1986,1563,1402,1437,1453,1500,1150,1103,100,0,0,0,0,0,0,2.4691357612609863,1.2658227682113647,0,1.2345678806304932,0,0,64940.937744140625,128701.79516601563,192.36004638671875,99.58505249023438,0,335872,33210380288,8589930496,1930010624,0
200,1737286648932,2100,2100,1371,1221,1943,1902,1106,1050,1021,983,1309,1370,100,0,0,0,0,0,0,0,0,0,0,0,0,64942.352111816406,128702.20678710938,192.36004638671875,100,0,335872,33210380288,8589930496,1930010624,0
200,1737286649132,2100,2041,774,400,1896,1501,1211,1414,1449,951,400,400,100,0,0,0,4.761904716491699,0,0,0,0,0,0,0,0,64943.75634765625,128702.61431884766,192.36004638671875,100.84033203125,0,335872,33210380288,8589930496,1930010624,0
200,1737286649332,2100,2097,1442,1461,1747,2100,1499,1499,1226,1500,1359,400,100,4.761904716491699,0,0,0,4.761904716491699,0,0,0,4.761904716491699,0,0,0,64945.1201171875,128702.99865722656,192.36004638671875,100.41841125488281,0,335872,33210380288,8589930496,1930010624,0
200,1737286649532,2100,2099,1476,400,1826,2100,1373,1388,1466,1389,1440,1426,100,0,0,0,0,0,0,0,0,0,0,0,0,64946.578674316406,128703.63244628906,192.36004638671875,105.4393310546875,0,335872,33210380288,8589930496,1932451840,0
200,1737286649732,2100,461,1204,1471,1598,1726,1499,1385,1500,1499,400,1207,100,0,0,0,0,0,0,0,0,0,0,0,0,64948.01611328125,128704.26007080078,192.36004638671875,100.41841125488281,0,335872,33210380288,8589930496,1932451840,0
200,1737286649932,2100,1986,400,1201,1850,1858,1414,1277,1484,400,1141,1205,100,0,0,0,0,0,0,0,0,0,0,0,0,64949.474060058594,128704.89489746094,192.36004638671875,99.58505249023438,0,335872,33210380288,8589930496,1932451840,0
200,1737286650133,2099,2100,1412,1253,1988,1911,1380,1400,1437,1411,400,1419,100,0,0,0,0,0,0,0,0,0,0,0,0,64950.92248535156,128705.53057861328,192.36004638671875,50.31446838378906,0,335872,33210380288,8589930496,1932451840,0
200,1737286650333,2100,1937,1268,1476,1773,1681,1458,1459,1353,1391,1105,1441,100,0,0,0,0,0,0,0,0,0,0,0,0,64952.358642578125,128706.15551757813,192.36004638671875,100.41841125488281,0,335872,33210380288,8589930496,1929760768,0
200,1737286650533,2100,2099,1455,1462,1950,1851,1499,1434,1499,1482,780,1435,100,0,0,0,0,0,0,0,0,0,0,0,0,64953.74591064453,128706.55889892578,192.36004638671875,99.1735610961914,0,335872,33210380288,8589930496,1929760768,0
200,1737286650733,2099,1757,1369,1415,1879,2100,1409,1287,1249,1313,1284,1448,100,0,0,0,0,0,0,0,0,0,0,0,0,64955.26525878906,128707.03210449219,192.36004638671875,100.41841125488281,0,335872,33210380288,8589930496,1929760768,0
200,1737286650933,2100,2036,1434,1394,1771,2100,1426,1435,1383,1473,400,400,100,0,0,0,0,0,0,0,0,0,0,0,0,64956.956604003906,128707.615234375,192.36004638671875,100.41841125488281,0,335872,33210380288,8589930496,1929760768,0
200,1737286651134,2099,2035,1393,1363,2100,1921,1411,1393,1499,1499,1166,1482,100,0,4.761904716491699,0,4.761904716491699,0,0,0,0,0,0,4.761904716491699,0,64958.61047363281,128708.17260742188,192.36004638671875,100.84033203125,0,335872,33210380288,8589930496,1929760768,0
200,1737286651334,2100,2100,1500,1471,1748,2100,1500,1500,1499,1500,1456,1471,100,0,0,4.761904716491699,0,4.761904716491699,5,0,0,0,0,0,0,64960.251525878906,128708.73638916016,192.36004638671875,100,0,335872,33210380288,8589930496,1929482240,0
200,1737286651534,2100,2100,1491,1040,2100,1940,1499,1412,400,400,1449,1464,100,0,0,4.761904716491699,0,4.761904716491699,5,0,0,0,0,0,0,64961.61511230469,128709.11547851563,192.36004638671875,99.58505249023438,0,335872,33210380288,8589930496,1929482240,0
200,1737286651734,2099,1940,1467,1463,2100,2100,1466,1429,1425,1441,400,1425,100,4.761904716491699,0,4.761904716491699,0,0,0,0,0,0,0,0,0,64963.02917480469,128709.53039550781,192.36004638671875,100,0,335872,33210380288,8589930496,1929482240,0
200,1737286651934,2100,1926,1460,1407,1799,2100,1395,1375,1170,1423,1446,1471,100,0,0,0,0,0,0,0,0,0,0,0,0,64964.44610595703,128709.9468383789,192.36004638671875,100.84033203125,0,335872,33210380288,8589930496,1929482240,0
200,1737286652135,2099,2059,1445,1376,2100,1944,1468,1390,1403,1472,1339,1392,100,0,0,0,0,0,0,0,0,0,0,0,0,64965.81231689453,128710.33190917969,192.36004638671875,100.41841125488281,0,335872,33210380288,8589930496,1929482240,0
200,1737286652335,2100,735,400,1451,1918,941,1306,1247,1387,1304,937,400,100,0,0,0,0,0,0,0,0,0,0,0,0,64967.26202392578,128710.94604492188,192.36004638671875,100.41841125488281,0,335872,33210380288,8589930496,1925234688,0
200,1737286652535,2100,2100,1474,1465,2100,2100,1475,1380,1458,400,1422,1424,100,0,0,0,0,0,0,0,0,0,0,0,0,64968.697204589844,128711.57055664063,192.36004638671875,100.41841125488281,0,335872,33210380288,8589930496,1929039872,0
200,1737286652735,2100,1876,1405,1412,1610,1950,1500,1441,1454,1490,1274,1388,100,0,0,0,0,0,0,0,0,0,0,0,0,64970.164001464844,128712.20825195313,192.36004638671875,100.41841125488281,0,335872,33210380288,8589930496,1929039872,0
200,1737286652935,2100,2100,1499,1412,2100,2100,1430,1499,1499,1437,1470,1500,100,0,0,0,0,0,0,0,0,0,0,0,0,64971.59899902344,128712.83184814453,192.3607177734375,99.58505249023438,0,335872,33210380288,8589930496,1929039872,0
200,1737286653135,2099,2093,1308,1186,1428,1715,1435,1445,1358,1414,1352,1221,100,0,0,0,0,0,0,0,0,0,0,0,0,64973.03869628906,128713.46508789063,192.3607177734375,50.31446838378906,0,335872,33210380288,8589930496,1929039872,0
200,1737286653336,2099,1407,400,918,400,400,1407,1440,1457,1424,841,400,100,0,0,0,0,0,0,0,0,0,0,0,0,64974.44842529297,128713.94036865234,192.3607177734375,100.41841125488281,0,335872,33210380288,8589930496,1929039872,0
199,1737286653536,2100,2099,400,1499,2100,2017,1443,1475,1500,1500,1499,1452,100,0,0,0,0,0,0,0,0,0,0,0,0,64975.89776611328,128714.37664794922,192.3607177734375,100,0,335872,33210380288,8589930496,1929039872,0
199,1737286653736,2100,2030,400,400,400,400,1137,1181,1286,1308,400,400,100,0,0,0,0,0,0,0,0,0,0,0,0,64977.554626464844,128714.9306640625,192.3607177734375,100,0,335872,33210380288,8589930496,1929039872,0
200,1737286653936,2100,1935,1472,1497,1809,2100,1500,1214,1479,1488,1499,1362,100,0,0,0,0,0,0,0,0,0,0,0,0,64979.21179199219,128715.50854492188,192.3607177734375,100.84033203125,0,335872,33210380288,8589930496,1929039872,0
200,1737286654136,2100,1742,1499,1500,2100,1793,1479,1500,1446,1470,642,1500,100,0,0,0,0,0,0,0,0,0,0,0,0,64980.917724609375,128716.10833740234,192.3607177734375,100.41841125488281,0,335872,33210380288,8589930496,1929039872,0
200,1737286654336,2100,2100,1500,1475,2100,2100,1322,1332,1329,1283,1414,1456,100,0,0,0,0,0,0,0,0,0,0,0,0,64982.266052246094,128716.4888305664,192.3607177734375,100.41841125488281,0,335872,33210380288,8589930496,1927544832,0
200,1737286654537,2100,2011,1499,1402,400,2100,1237,993,1236,1133,1386,1411,100,0,0,4.761904716491699,0,4.761904716491699,0,0,0,0,0,4.761904716491699,0,64983.677490234375,128716.9028930664,192.3607177734375,100,0,335872,33210380288,8589930496,1927544832,0
200,1737286654737,2100,2100,1270,1340,400,1824,1383,1328,839,844,1322,1300,100,0,0,0,0,0,0,0,0,0,0,0,0,64985.10516357422,128717.32550048828,192.3607177734375,100,0,335872,33210380288,8589930496,1927544832,0
200,1737286654937,2100,2039,1332,1394,1971,1866,1413,1300,1417,1467,1469,1442,100,0,0,0,0,0,0,0,0,0,0,0,0,64986.44763183594,128717.70245361328,192.3607177734375,100.41841125488281,0,335872,33210380288,8589930496,1927544832,0
200,1737286655137,2100,1977,1359,1410,1534,1890,1447,1499,1500,1499,1405,1411,100,0,0,0,0,0,0,0,0,0,0,0,0,64987.87091064453,128718.28497314453,192.3607177734375,50.10437774658203,0,335872,33210380288,8589930496,1926168576,0
200,1737286655337,2100,2100,1406,1460,2100,1938,1377,1385,1377,1387,1420,400,100,0,0,0,0,0,0,0,0,0,0,0,0,64989.32177734375,128718.91961669922,192.3607177734375,100.41841125488281,0,335872,33210380288,8589930496,1928151040,0
200,1737286655537,2100,2100,1499,1499,2100,2100,1499,1499,1499,1499,1500,1500,100,0,0,0,0,0,0,0,0,0,0,0,0,64990.74719238281,128719.5473022461,192.3607177734375,100.84033203125,0,335872,33210380288,8589930496,1928704000,0
200,1737286655738,2099,1804,1428,1475,1543,1862,1260,1294,1217,1389,1500,1418,100,0,0,0,0,0,0,0,0,0,0,0,0,64992.208740234375,128720.1880493164,192.3607177734375,100.41841125488281,0,335872,33210380288,8589930496,1928704000,0
200,1737286655938,2099,2041,1499,1500,1874,1870,1499,1500,1458,1500,1500,1500,100,0,0,0,0,0,0,0,0,0,0,0,0,64993.66180419922,128720.82397460938,192.3607177734375,100.41841125488281,0,335872,33210380288,8589930496,1928704000,0
200,1737286656138,2100,2100,1500,1360,2024,2100,1407,1499,1467,1407,1292,1500,100,0.7299270033836365,1.4184396266937256,0,0,0,0.7142857313156128,0,0.7142857313156128,0.7092198133468628,0.7142857313156128,0,0,64995.039489746094,128721.25457763672,192.3607177734375,100.41841125488281,0,335872,33210380288,8589930496,1928704000,0
200,1737286656338,2100,1735,1364,1431,1901,1915,1418,1315,1389,1387,1499,400,100,0.7299270033836365,1.4184396266937256,0,0,0,0.7142857313156128,0,0.7142857313156128,0.7092198133468628,0.7142857313156128,0,0,64996.51599121094,128721.70849609375,192.3607177734375,100.41841125488281,0,335872,33210380288,8589930496,1928704000,0
200,1737286656538,2100,1655,1500,1388,2100,1880,1499,1398,1265,1499,1377,1235,100,0,0,0,0,0,0,0,0,0,0,0,0,64998.19158935547,128722.28009033203,192.3607177734375,105.4393310546875,0,335872,33210380288,8589930496,1928704000,0
200,1737286656738,2100,1945,1499,1499,2100,1944,1419,1499,1452,1499,1400,1457,100,0,0,0,0,0,0,0,0,0,0,0,0,64999.84783935547,128722.85186767578,192.3607177734375,95,0,335872,33210380288,8589930496,1928704000,0
200,1737286656938,2099,2100,1488,1418,2007,1894,1379,1333,1398,1386,1453,1435,100,0,0,0,9.090909004211426,0,0,0,0,4.761904716491699,0,0,0,65001.49822998047,128723.4253540039,192.3607177734375,100,0,335872,33210380288,8589930496,1928704000,0
200,1737286657139,2100,2038,1345,1338,1733,2100,1406,1363,1378,1211,1371,1366,100,0,0,0,9.090909004211426,0,0,0,0,4.761904716491699,0,0,0,65002.878356933594,128723.80932617188,192.3607177734375,50.10437774658203,0,335872,33210380288,8589930496,1928704000,0
200,1737286657339,2100,1682,1416,1421,1419,1887,1379,1364,1412,1356,1416,1451,100,0,0,0,9.090909004211426,0,0,0,0,4.761904716491699,0,0,0,65004.29821777344,128724.23229980469,192.3607177734375,100.41841125488281,0,335872,33210380288,8589930496,1928704000,0
200,1737286657539,2100,2100,400,1476,2024,2100,1500,1500,1499,1499,1341,1390,100,0,0,0,9.090909004211426,0,0,0,0,4.761904716491699,0,0,0,65005.70471191406,128724.64251708984,192.3607177734375,100.41841125488281,0,335872,33210380288,8589930496,1928704000,0
200,1737286657739,2100,2100,1484,1499,1897,2099,1499,1436,1499,1466,1396,1459,100,0,0,0,9.090909004211426,0,0,0,0,4.761904716491699,0,0,0,65007.06494140625,128725.02801513672,192.3607177734375,99.58505249023438,0,335872,33210380288,8589930496,1928704000,0
200,1737286657939,2100,2100,1466,1450,2100,2017,1500,1500,1500,1499,1331,1467,100,0,0,0,9.090909004211426,0,0,0,0,4.761904716491699,0,0,0,65008.473693847656,128725.62097167969,192.3607177734375,100,0,335872,33210380288,8589930496,1931186176,0
200,1737286658139,2100,2037,1326,400,400,1635,1499,1400,1452,1462,1181,1205,100,0,0,0,9.090909004211426,0,0,0,0,4.761904716491699,0,0,0,65009.93835449219,128726.26428222656,192.3607177734375,104.99999237060547,0,335872,33210380288,8589930496,1931186176,0
200,1737286658340,2100,2051,1377,1081,1910,1886,1247,1289,1290,1297,1500,1500,100,0,0,0,9.090909004211426,0,0,0,0,4.761904716491699,0,0,0,65011.38049316406,128726.88989257813,192.3607177734375,95,0,335872,33210380288,8589930496,1927897088,0
200,1737286658540,2100,1894,1384,1385,1749,1975,400,400,606,640,1345,1410,100,0,0,0,0,0,0,0,0,0,0,0,0,65012.8212890625,128727.52709960938,192.3607177734375,100.41841125488281,0,335872,33210380288,8589930496,1928617984,0
200,1737286658740,2100,1796,1431,1469,1770,1742,1500,1499,1447,1429,400,1409,100,0,0,0,0,0,0,0,0,0,0,0,0,65014.263610839844,128728.15783691406,192.3607177734375,105.4393310546875,0,335872,33210380288,8589930496,1928617984,0
200,1737286658940,2099,1129,1316,1181,1686,1832,1306,400,400,400,400,400,100,0,0,0,0,0,0,0,0,0,0,0,0,65015.63214111328,128728.57763671875,192.3607177734375,95,0,335872,33210380288,8589930496,1928617984,0
200,1737286659140,2099,1948,1388,1421,2100,2099,1478,1426,1431,1440,400,1444,100,0,0,0,0,0,0,0,0,0,0,0,0,65017.118225097656,128729.03576660156,192.3607177734375,52.71966552734375,0,335872,33210380288,8589930496,1928617984,0
200,1737286659340,2099,1909,1368,1408,1540,1904,1333,1287,1274,1308,1403,1270,100,0,0,0,0,0,0,0,0,0,0,0,0,65018.80310058594,128729.61120605469,192.3607177734375,100,0,335872,33210380288,8589930496,1928617984,0
200,1737286659541,2099,2009,1466,1476,2099,1836,400,1445,1499,1500,1451,1500,100,0,0,0,0,0,0,0,0,0,0,0,0,65020.45202636719,128730.1734008789,192.3607177734375,100.41841125488281,0,335872,33210380288,8589930496,1928617984,0
200,1737286659741,2100,1766,1499,1480,1803,2100,1446,1433,1454,1475,1500,1438,100,0,0,0,0,0,0,0,0,0,0,0,0,65022.11016845703,128730.74969482422,192.3607177734375,100.41841125488281,0,335872,33210380288,8589930496,1928617984,0
200,1737286659941,2100,1399,400,400,1752,1844,911,400,400,400,400,773,100,0,0,0,0,0,0,0,0,0,0,0,0,65023.47247314453,128731.13555908203,192.3607177734375,100.41841125488281,0,335872,33210380288,8589930496,1928617984,0
200,1737286660141,2099,2020,1352,1462,1905,1781,1471,1500,1466,1435,1450,1340,100,0,0,0,0,0,0,0,0,0,0,0,0,65024.89416503906,128731.55047607422,192.3607177734375,50.209205627441406,0,335872,33210380288,8589930496,1928617984,0
200,1737286660341,2100,478,1477,1458,1892,1715,1046,1176,1282,1189,1430,1437,100,0,0,0,0,0,0,0,0,0,0,0,0,65026.30578613281,128731.96551513672,192.3607177734375,100.41841125488281,0,335872,33210380288,8589930496,1928617984,0
200,1737286660542,2100,1839,1438,1452,2019,2100,1500,1499,1499,1499,1385,1396,100,0,0,0,0,0,0,0,0,0,0,0,0,65027.66522216797,128732.35034179688,192.3607177734375,100.84033203125,0,335872,33210380288,8589930496,1928617984,0
200,1737286660742,2100,1760,1237,1221,1662,1920,1194,1287,1414,1492,921,1261,100,0,0,0,0,0,0,0,0,0,0,0,0,65029.09637451172,128732.9467163086,192.3607177734375,95.7983169555664,0,335872,33210380288,8589930496,1932537856,0
200,1737286660942,2099,2099,1445,1465,2100,1950,1500,1370,1499,1369,1447,1418,100,0,0,0,0,0,0,0,0,0,0,0,0,65030.536193847656,128733.57653808594,192.3607177734375,100,0,335872,33210380288,8589930496,1932537856,0
200,1737286661142,2099,2025,1448,1350,2100,1973,1374,1448,1468,1456,1437,1500,100,0,0,0,0,0,0,0,0,0,0,0,0,65031.97772216797,128734.20428466797,192.3607177734375,104.99999237060547,0,335872,33210380288,8589930496,1932537856,0
200,1737286661342,2100,2100,1402,1470,1593,1946,1469,1452,1408,1472,1263,1460,100,0,0,0,0,4.761904716491699,0,0,0,5,0,0,0,65033.41589355469,128734.83752441406,192.3607177734375,95,0,335872,33210380288,8589930496,1932537856,0
200,1737286661543,2100,2099,400,1382,1920,1976,1375,1311,1329,1323,1226,1256,100,0,0,0,0,4.761904716491699,0,0,0,5,0,0,0,65034.850524902344,128735.46362304688,192.3607177734375,50.209205627441406,0,335872,33210380288,8589930496,1928650752,0
200,1737286661743,2100,1839,400,1370,1990,1914,1400,400,1163,1425,400,400,100,0,0,0,0,4.761904716491699,0,0,0,5,0,0,0,65036.22491455078,128735.89385986328,192.3607177734375,105.4393310546875,0,335872,33210380288,8589930496,1928650752,0
200,1737286661943,2100,1277,1041,400,400,1932,400,1301,1303,1406,400,574,100,0,0,0,0,4.761904716491699,0,0,0,5,0,0,0,65037.702575683594,128736.34521484375,192.3607177734375,100,0,335872,33210380288,8589930496,1928650752,0
200,1737286662143,2100,1957,1499,1477,1978,2099,1483,1467,1499,1500,1392,1476,100,0,0,0,0,4.761904716491699,0,0,0,5,0,0,0,65039.39630126953,128736.92602539063,192.3607177734375,100,0,335872,33210380288,8589930496,1928650752,0
200,1737286662343,2099,1831,1321,1441,2003,2099,1500,1500,1471,1500,1367,1431,100,0,0,0,0,4.761904716491699,0,0,0,5,0,0,0,65041.05603027344,128737.49884033203,192.3607177734375,100.41841125488281,0,335872,33210380288,8589930496,1928593408,0
200,1737286662543,2100,1798,1453,1404,2100,2100,1499,1428,1499,1500,1417,1418,100,0,0,0,0,4.761904716491699,0,0,0,5,0,0,0,65042.74237060547,128738.08557128906,192.3607177734375,100.41841125488281,0,335872,33210380288,8589930496,1928581120,0
200,1737286662744,2100,1596,1348,400,2100,1672,400,1500,1366,1379,400,1499,100,0,0,1.2422360181808472,1.2422360181808472,0,0.6289308071136475,0.625,0.625,0,1.2422360181808472,0.625,0,65044.08947753906,128738.47247314453,192.3607177734375,100.41841125488281,0,335872,33210380288,8589930496,1928581120,0
200,1737286662944,2100,1707,1471,1391,2100,1866,1499,400,1478,1500,1499,1436,100,5,4.761904716491699,0,0,0,0,0,0,0,0,0,0,65045.503173828125,128738.88702392578,192.3607177734375,100.84033203125,0,335872,33210380288,8589930496,1928581120,0
200,1737286663144,2100,1952,1449,1496,2005,2100,1489,1467,1500,1451,400,1457,100,5,0,0,0,0,0,0,0,4.761904716491699,0,0,0,65046.94696044922,128739.31549072266,192.36138916015625,100,0,335872,33210380288,8589930496,1928581120,0
200,1737286663344,2099,1810,1499,1409,1649,1973,1499,1499,1481,1480,1362,1496,100,5,0,0,0,0,0,0,0,4.761904716491699,0,0,0,65048.28063964844,128739.68377685547,192.36138916015625,100.41841125488281,0,335872,33210380288,8589930496,1928581120,0
200,1737286663544,2100,1814,1410,1362,1593,1998,1410,1500,1439,1433,1217,1282,100,0,0,0,0,0,4.761904716491699,0,0,0,0,0,0,65049.720153808594,128740.2572631836,192.36138916015625,95.39749145507813,0,335872,33210380288,8589930496,1928601600,0
200,1737286663745,2100,1803,1452,1343,1863,1971,1369,1122,1149,1293,1499,1470,100,0,0,0,0,0,0,0,0,0,0,0,0,65051.16638183594,128740.8881225586,192.36138916015625,100.41841125488281,0,335872,33210380288,8589930496,1928601600,0
200,1737286663945,2100,1793,1365,1315,1936,1941,1305,1289,1185,1312,1426,1336,100,0,0,0,0,5,0,0,0,0,0,0,0,65052.62023925781,128741.52062988281,192.36138916015625,104.5643081665039,0,335872,33210380288,8589930496,1928601600,0
200,1737286664145,2100,2099,1443,1499,1956,1808,1499,1499,1415,1427,1456,1499,100,0,0,4.761904716491699,0,0,0,0,4.761904716491699,0,0,0,0,65054.05554199219,128742.14752197266,192.36138916015625,95.39749145507813,0,335872,33210380288,8589930496,1928601600,0
200,1737286664345,2100,1639,1446,1499,2100,1604,1315,1499,1435,1443,400,1455,100,0,0,0,0,0,0,0,4.761904716491699,0,0,5,0,65055.49542236328,128742.7730102539,192.36138916015625,105.4393310546875,0,335872,33210380288,8589930496,1925611520,0
199,1737286664545,2100,1972,1392,1420,400,1622,1350,1398,1459,1456,1447,1435,100,0,0,0,0,0,0,0,0,0,0,0,0,65056.92053222656,128743.29510498047,192.36138916015625,95.39749145507813,0,335872,33210380288,8589930496,1929244672,0
200,1737286664745,2100,2100,1500,1480,2099,1955,1402,1416,1465,1442,1466,400,100,0,0,0,0,0,0,0,0,0,0,0,0,65058.35168457031,128743.71392822266,192.36138916015625,100.41841125488281,0,335872,33210380288,8589930496,1929244672,0
200,1737286664946,2100,472,400,400,1384,1412,1423,1361,1344,1368,796,400,100,0,0,0,0,0,0,0,0,0,0,0,0,65059.966796875,128744.24597167969,192.36138916015625,50.10437774658203,0,335872,33210380288,8589930496,1929244672,0
200,1737286665146,2100,2039,1486,1338,1811,1958,1410,1337,1374,1309,1352,1330,100,0,0,0,0,0,0,0,0,0,0,0,0,65061.6416015625,128744.82971191406,192.36138916015625,50.10437774658203,0,335872,33210380288,8589930496,1929244672,0
200,1737286665346,2099,2100,1499,1478,1643,2100,1457,1420,1454,1446,1500,1480,100,0,0,0,0,0,0,0,0,0,0,0,0,65063.35827636719,128745.42041015625,192.36138916015625,50.209205627441406,0,335872,33210380288,8589930496,1929244672,0
200,1737286665546,2099,1964,1383,1442,1784,1938,1482,1414,1487,1493,1353,1392,100,0,0,0,0,0,0,0,0,0,0,0,0,65064.77197265625,128745.84594726563,192.36138916015625,100,0,335872,33210380288,8589930496,1929244672,0
200,1737286665746,2100,2100,1440,1467,2100,2100,1499,1499,1499,1499,1370,1429,100,0,0,0,0,0,0,0,0,0,0,0,0,65066.161193847656,128746.24267578125,192.36138916015625,100.84033203125,0,335872,33210380288,8589930496,1929244672,0
200,1737286665946,2100,2042,1309,1322,1988,1835,1470,1382,1499,1479,400,1374,100,0,0,0,0,0,0,0,0,0,0,0,0,65067.652587890625,128746.69104003906,192.36138916015625,100,0,335872,33210380288,8589930496,1929244672,0
200,1737286666147,2100,1908,1316,1461,1753,1893,1422,1410,1470,1470,1311,1291,100,1.2738853693008423,0.6211180090904236,0,0,1.2422360181808472,0,0.625,0,1.2422360181808472,0,0,0,65068.98791503906,128747.05383300781,192.36138916015625,100,0,335872,33210380288,8589930496,1929244672,0
200,1737286666347,2100,553,1303,1223,1958,400,1349,1299,1351,1339,1186,1279,100,0,0,0,4.761904716491699,0,4.761904716491699,0,0,0,5,0,0,65070.41064453125,128747.57678222656,192.36138916015625,100.41841125488281,0,335872,33210380288,8589930496,1924759552,0
200,1737286666547,2100,1926,1387,1500,1970,1954,1500,1499,1474,1499,1368,1499,100,0,0,0,0,0,0,0,0,0,0,0,0,65071.83703613281,128748.19750976563,192.36138916015625,105.4393310546875,0,335872,33210380288,8589930496,1928597504,0
200,1737286666747,2100,2067,1499,1334,2100,1499,1499,1465,1499,1499,1396,1408,100,0,4.761904716491699,0,4.761904716491699,0,0,0,0,0,0,0,0,65073.29846191406,128748.83526611328,192.36138916015625,100,0,335872,33210380288,8589930496,1928597504,0
200,1737286666947,2100,2100,1368,1313,1687,1985,1473,1366,1418,1473,1183,1289,100,0,4.761904716491699,0,4.761904716491699,0,0,0,0,0,0,0,0,65074.74200439453,128749.45776367188,192.36138916015625,100,0,335872,33210380288,8589930496,1928597504,0
200,1737286667148,2099,1984,1387,1411,1876,2099,1418,1425,1404,1433,1452,1329,100,0,0,0,0,0,0,0,0,0,0,0,0,65076.19317626953,128750.099609375,192.36138916015625,100.41841125488281,0,335872,33210380288,8589930496,1928597504,0
200,1737286667348,2100,2099,1499,1251,1914,1881,1389,1309,1444,1399,1431,1062,100,0,0,0,0,0,0,0,4.761904716491699,0,0,4.761904716491699,0,65077.598083496094,128750.6050415039,192.36138916015625,100.41841125488281,0,335872,33210380288,8589930496,1928597504,0
200,1737286667548,2100,1792,400,1087,886,1910,1457,1364,1283,1499,400,400,100,0,0,0,0,0,0,0,0,0,0,0,0,65079.02606201172,128751.02459716797,192.36138916015625,100.41841125488281,0,335872,33210380288,8589930496,1928597504,0
200,1737286667748,2100,2032,1320,1500,1949,1824,1454,1500,1499,1448,1499,1235,100,0,0,0,0,4.761904716491699,0,4.761904716491699,0,0,0,0,0,65080.66198730469,128751.56176757813,192.36138916015625,100.41841125488281,0,335872,33210380288,8589930496,1928597504,0
200,1737286667948,2100,1650,1151,1139,1918,1485,1466,1499,1499,1473,1329,1266,100,0,0,0,0,4.761904716491699,0,4.761904716491699,0,0,0,0,0,65082.32305908203,128752.13708496094,192.36138916015625,99.1735610961914,0,335872,33210380288,8589930496,1928597504,0
200,1737286668148,2100,2059,1451,1490,1680,1974,1472,1383,1452,1479,1038,1409,100,0,0,0,0,0,0,0,0,0,0,0,0,65084.07550048828,128752.74829101563,192.36138916015625,100.41841125488281,0,335872,33210380288,8589930496,1928597504,0
199,1737286668349,2100,534,1499,400,1531,1859,1326,1447,1382,1500,1500,1409,100,0,0,0,0,0,0,4.761904716491699,5,0,0,0,0,65085.482666015625,128753.16973876953,192.36138916015625,100.41841125488281,0,335872,33210380288,8589930496,1928597504,0
200,1737286668549,2100,1928,1399,1305,1287,1932,1307,1237,1228,1284,1456,1459,100,0,0,0,0,0,0,4.761904716491699,5,0,0,0,0,65086.86682128906,128753.56701660156,192.36138916015625,100.41841125488281,0,335872,33210380288,8589930496,1928597504,0
200,1737286668749,2100,2100,1496,400,2100,2100,1500,1499,1500,1395,400,1500,100,0,0,0,0,4.761904716491699,0,0,0,0,0,0,0,65088.35675048828,128754.01318359375,192.36138916015625,100,0,335872,33210380288,8589930496,1928597504,0
200,1737286668949,2100,2036,1438,1420,2100,2100,1461,1400,1414,1461,400,1420,100,0,0,0,0,0,4.761904716491699,0,0,4.761904716491699,0,0,0,65089.684020996094,128754.38189697266,192.36138916015625,100.84033203125,0,335872,33210380288,8589930496,1928597504,0
200,1737286669149,2100,1864,1273,1353,2100,1812,1436,1499,1460,1472,1208,1261,100,0,0,0,4.761904716491699,0,0,0,0,0,0,0,0,65091.103759765625,128754.88879394531,192.36138916015625,100,0,335872,33210380288,8589930496,1923813376,0
200,1737286669350,2100,1796,400,400,1822,1917,1371,1283,1462,1427,400,400,100,0,0,0,0,0,0,0,0,0,0,0,0,65092.55773925781,128755.52905273438,192.36138916015625,100,0,335872,33210380288,8589930496,1931780096,0
200,1737286669550,2099,1313,400,400,846,1864,1386,1440,1256,1433,400,400,100,0,0,0,0,0,0,0,0,0,0,0,0,65093.991638183594,128756.15216064453,192.36138916015625,100.84033203125,0,335872,33210380288,8589930496,1929355264,0
200,1737286669750,2100,2100,1478,400,1766,1880,1500,1500,1499,1499,400,1407,100,0,0,0,0,0,0,0,0,0,4.761904716491699,0,0,65095.438415527344,128756.77728271484,192.36138916015625,100.41841125488281,0,335872,33210380288,8589930496,1929355264,0
200,1737286669950,2100,1840,1252,1404,1977,1490,1500,1429,1494,1473,1306,1355,100,0,0,0,0,0,0,0,0,0,0,0,0,65096.880859375,128757.40850830078,192.36138916015625,99.58505249023438,0,335872,33210380288,8589930496,1929355264,0
200,1737286670150,2100,2015,1500,1499,1960,1984,1468,1471,1421,1473,1388,1493,100,0,0,0,0,0,0,0,0,0,0,0,0,65098.303955078125,128757.97271728516,192.36138916015625,100,0,335872,33210380288,8589930496,1929355264,0
200,1737286670350,2099,2053,1410,1253,1942,400,1465,1499,1412,1437,1173,1200,100,0,0,0,4.761904716491699,0,0,0,0,0,0,0,0,65099.726318359375,128758.38580322266,192.36138916015625,100.41841125488281,0,335872,33210380288,8589930496,1928458240,0
200,1737286670551,2100,542,1486,400,1078,400,866,1106,1077,1082,1397,1399,100,0,0,0,0,0,0,0,0,0,0,0,0,65101.3134765625,128758.8974609375,192.36138916015625,100.41841125488281,0,335872,33210380288,8589930496,1928458240,0
199,1737286670751,2100,2080,1455,1474,2033,1962,1307,1499,1500,1500,1331,1388,100,0,0,0,0,0,4.761904716491699,0,0,0,0,0,0,65103.00378417969,128759.48712158203,192.36138916015625,100.41841125488281,0,335872,33210380288,8589930496,1928458240,0
199,1737286670951,2100,1996,1280,1391,1837,2026,1500,1441,1416,1475,1411,1433,100,0,0,0,0,4.761904716491699,0,0,4.761904716491699,0,0,0,0,65104.69519042969,128760.0570678711,192.36138916015625,100.41841125488281,0,335872,33210380288,8589930496,1928458240,0
200,1737286671151,2100,2034,1393,1376,1803,1863,1500,1499,1499,1499,1409,1425,100,0,0,0,0,4.761904716491699,0,0,4.761904716491699,0,0,0,0,65106.18243408203,128760.53308105469,192.36138916015625,100,0,335872,33210380288,8589930496,1928458240,0
200,1737286671351,2100,519,400,400,1488,400,400,1414,1304,1122,400,400,100,9.523809432983398,0,0,0,0,0,4.761904716491699,0,0,0,0,0,65107.55090332031,128760.91827392578,192.36138916015625,100,0,335872,33210380288,8589930496,1925804032,0
200,1737286671551,2100,2099,1500,1499,1988,1924,1500,1494,1500,1417,1499,1263,100,9.523809432983398,0,0,0,0,0,4.761904716491699,0,0,0,0,0,65109.04083251953,128761.36358642578,192.36138916015625,50.209205627441406,0,335872,33210380288,8589930496,1925804032,0
200,1737286671751,2100,2100,1472,1405,1921,1980,1378,1325,1376,1350,1410,1497,100,9.523809432983398,0,0,0,0,0,4.761904716491699,0,0,0,0,0,65110.37188720703,128761.73626708984,192.36138916015625,100.41841125488281,0,335872,33210380288,8589930496,1925804032,0
200,1737286671952,2100,2100,1500,1499,1877,2100,1500,1500,400,1499,1499,1476,100,9.523809432983398,0,0,0,0,0,4.761904716491699,0,0,0,0,0,65111.775390625,128762.22760009766,192.36138916015625,100.41841125488281,0,335872,33210380288,8589930496,1929609216,0
200,1737286672152,2100,1642,1382,1142,1639,1910,1377,1367,1414,1375,1046,1061,100,9.523809432983398,0,0,0,0,0,4.761904716491699,0,0,0,0,0,65113.215393066406,128762.84790039063,192.36138916015625,105.4393310546875,0,335872,33210380288,8589930496,1928704000,0
200,1737286672352,2100,1890,400,1470,2100,2100,1500,1485,1276,1478,1499,1409,100,9.523809432983398,0,0,0,0,0,4.761904716491699,0,0,0,0,0,65114.671142578125,128763.4839477539,192.36138916015625,47.59916305541992,0,335872,33210380288,8589930496,1928704000,0
200,1737286672552,2100,2099,1461,1500,2100,1724,1465,1499,1499,1499,1437,1500,100,9.523809432983398,0,0,0,0,0,4.761904716491699,0,0,0,0,0,65116.110107421875,128764.11322021484,192.36138916015625,100,0,335872,33210380288,8589930496,1928826880,0
200,1737286672752,2099,2030,1410,1450,1940,1997,1161,1166,1391,1415,1499,1354,100,9.523809432983398,0,0,0,0,0,4.761904716491699,0,0,0,0,0,65117.57244873047,128764.74676513672,192.36138916015625,100.84033203125,0,335872,33210380288,8589930496,1928826880,0
200,1737286672953,2099,2068,1444,1358,1656,2100,1500,1500,1473,1500,1471,1395,100,9.523809432983398,0,0,0,0,0,4.761904716491699,0,0,0,0,0,65118.98181152344,128765.27117919922,192.36138916015625,100.41841125488281,0,335872,33210380288,8589930496,1928826880,0
200,1737286673153,2100,1777,1158,1202,1900,1957,1376,1422,1439,1435,943,1333,100,9.523809432983398,0,0,0,0,0,4.761904716491699,0,0,0,0,0,65120.404846191406,128765.68371582031,192.36138916015625,100.41841125488281,0,335872,33210380288,8589930496,1928826880,0
200,1737286673353,2100,1931,1500,1426,2100,2037,1500,1500,1424,1500,1320,1391,100,9.523809432983398,0,0,0,0,0,4.761904716491699,0,0,0,0,0,65122.02618408203,128766.21673583984,192.36138916015625,50,0,335872,33210380288,8589930496,1928822784,0
200,1737286673553,2099,1787,1469,1499,1983,2100,1442,1382,1468,1447,1295,1499,100,9.523809432983398,0,0,0,0,0,4.761904716491699,0,0,0,0,0,65123.712890625,128766.80517578125,192.36138916015625,100.84033203125,0,335872,33210380288,8589930496,1928822784,0
200,1737286673753,2099,1787,1499,1274,1795,1990,1476,1409,1500,1499,1256,1446,100,9.523809432983398,0,0,0,0,0,4.761904716491699,0,0,0,0,0,65125.42694091797,128767.39849853516,192.36138916015625,100,0,335872,33210380288,8589930496,1928822784,0
200,1737286673954,2100,511,1139,400,1849,2100,1467,400,1423,1395,1210,1340,100,9.523809432983398,0,0,0,0,0,4.761904716491699,0,0,0,0,0,65126.85137939453,128767.83093261719,192.36138916015625,100.41841125488281,0,335872,33210380288,8589930496,1928822784,0
200,1737286674154,2100,511,1077,1434,400,2100,1438,1362,1441,1081,691,1400,100,9.523809432983398,0,0,0,0,0,4.761904716491699,0,0,0,0,0,65128.229553222656,128768.2230834961,192.36138916015625,100.41841125488281,0,335872,33210380288,8589930496,1928822784,0
200,1737286674354,2099,1798,1299,1303,1921,1903,1314,1499,1427,1417,1339,1293,100,9.523809432983398,0,0,0,0,0,4.761904716491699,0,0,0,0,0,65129.716369628906,128768.66925048828,192.36138916015625,100.41841125488281,0,335872,33210380288,8589930496,1927913472,0
200,1737286674554,2100,1812,1435,1431,2100,2100,1464,1468,1449,1499,400,1431,100,0,0,0,0,0,0,4.761904716491699,0,0,0,0,0,65131.036682128906,128769.03240966797,192.36138916015625,100.41841125488281,0,335872,33210380288,8589930496,1927913472,0
200,1737286674754,2099,1797,1358,1396,2055,2039,1499,1500,1500,1499,1372,1266,100,0,0,4.761904716491699,4.761904716491699,0,0,0,0,0,0,0,0,65132.481994628906,128769.56829833984,192.36138916015625,104.99999237060547,0,335872,33210380288,8589930496,1924960256,0
200,1737286674954,2099,475,1404,400,1961,1949,1417,400,400,1478,1280,1430,100,0,0,0,0,0,0,0,0,0,0,0,0,65133.90887451172,128770.19036865234,192.36138916015625,100,0,335872,33210380288,8589930496,1928593408,0
200,1737286675155,2100,2058,1403,1341,1939,2100,1288,1281,1369,1343,1388,1401,100,0,0,0,0,0,0,0,0,0,0,0,0,65135.370666503906,128770.8295288086,192.36138916015625,100.41841125488281,0,335872,33210380288,8589930496,1928593408,0
200,1737286675355,2100,1992,1499,1432,2100,1760,1471,1499,1440,1461,1476,1455,100,0,0,0,4.761904716491699,0,0,0,0,0,0,0,0,65136.825622558594,128771.4644165039,192.36138916015625,95.39749145507813,0,335872,33210380288,8589930496,1928593408,0
199,1737286675555,2099,1812,1462,1500,1967,1849,1411,1469,1482,1488,1470,1459,100,0,0,0,0,4.761904716491699,0,0,0,4.761904716491699,0,0,0,65138.266662597656,128772.0961303711,192.362060546875,100.41841125488281,0,335872,33210380288,8589930496,1929183232,0
200,1737286675755,2100,2022,1428,1437,1794,2100,1404,1432,1483,1421,1370,1401,100,0,0,0,0,4.761904716491699,0,0,0,4.761904716491699,0,0,0,65139.657775878906,128772.58264160156,192.362060546875,100,0,335872,33210380288,8589930496,1929183232,0
200,1737286675955,2100,1753,1334,1500,2007,2100,1419,1500,1442,1474,903,1500,100,0,0,0,0,4.761904716491699,0,0,0,4.761904716491699,0,0,0,65141.12072753906,128773.01416015625,192.362060546875,50.31446838378906,0,335872,33210380288,8589930496,1929183232,0
200,1737286676155,2100,2040,1500,1458,2100,1824,1408,1457,1461,1447,1317,1307,100,0,0,0,0,4.761904716491699,0,0,0,4.761904716491699,0,0,0,65142.77038574219,128773.57177734375,192.362060546875,100,0,335872,33210380288,8589930496,1929183232,0
200,1737286676355,2100,1668,1500,1344,1970,1603,1463,1472,1455,1400,1123,1233,100,0,0,0,0,4.761904716491699,0,0,0,4.761904716491699,0,0,0,65144.4326171875,128774.1509399414,192.362060546875,100.41841125488281,0,335872,33210380288,8589930496,1929183232,0
200,1737286676556,2099,2099,400,949,400,400,1375,1385,1436,1364,1187,917,100,0,0,0,0,4.761904716491699,0,0,0,4.761904716491699,0,0,0,65146.155212402344,128774.76177978516,192.362060546875,100,0,335872,33210380288,8589930496,1929183232,0
200,1737286676756,2099,1727,1459,1462,2100,2100,1500,1311,1500,1499,400,400,100,0,0,0,0,4.761904716491699,0,0,0,4.761904716491699,0,0,0,65147.51678466797,128775.1548461914,192.362060546875,100.41841125488281,0,335872,33210380288,8589930496,1929183232,0
200,1737286676956,2099,1287,1352,1245,1825,1554,1418,400,1374,400,1161,1400,100,0.7352941036224365,1.4184396266937256,0.7142857313156128,0,0.7194244861602783,1.4184396266937256,0,0,0.7142857313156128,1.4184396266937256,0,0,65148.920166015625,128775.56268310547,192.362060546875,100.41841125488281,0,335872,33210380288,8589930496,1929183232,0
200,1737286677156,2100,1990,1426,1413,2100,1866,1461,1423,1499,1396,1500,1499,100,0,0,0,4.761904716491699,0,0,4.761904716491699,0,0,0,0,0,65150.390380859375,128776.00714111328,192.362060546875,100,0,335872,33210380288,8589930496,1929183232,0
200,1737286677356,2100,694,1266,1323,938,1913,1477,1500,1417,1470,1275,1326,100,0,0,0,0,0,0,0,0,0,0,4.761904716491699,0,65151.717529296875,128776.37884521484,192.362060546875,99.58505249023438,0,335872,33210380288,8589930496,1929162752,0
200,1737286677556,2100,1459,1227,1411,1586,1961,1473,1450,1479,1471,1208,1359,100,0,0,0,0,0,0,0,0,0,0,4.761904716491699,0,65153.1396484375,128776.92413330078,192.362060546875,100.84033203125,0,335872,33210380288,8589930496,1925275648,0
200,1737286677757,2099,539,1161,1149,1786,400,1500,1285,1499,1499,1096,1225,100,0,0,0,0,0,0,0,0,0,0,0,0,65154.58270263672,128777.55572509766,192.362060546875,104.99999237060547,0,335872,33210380288,8589930496,1929089024,0
200,1737286677957,2099,2100,1385,1434,2100,2100,1500,1500,1500,1499,1400,1446,100,0,0,0,0,0,0,0,0,0,0,0,0,65156.00671386719,128778.17736816406,192.362060546875,95.39749145507813,0,335872,33210380288,8589930496,1929089024,0
200,1737286678157,2100,1481,400,400,1402,1840,400,1500,400,400,400,1264,100,0,0,0,0,0,0,0,0,0,0,0,0,65157.458984375,128778.80828857422,192.362060546875,105.4393310546875,0,335872,33210380288,8589930496,1929089024,0
200,1737286678357,2100,1990,1435,1280,400,2002,1376,400,1451,1466,1499,1418,100,0,0,0,0,0,0,0,0,0,0,0,0,65158.91552734375,128779.4507446289,192.362060546875,100,0,335872,33210380288,8589930496,1929089024,0
200,1737286678557,2099,1806,1235,1435,2100,1989,1477,1414,1475,1468,1294,1355,100,0,0,0,0,0,0,0,0,0,0,0,0,65160.28332519531,128779.91882324219,192.362060546875,95.39749145507813,0,335872,33210380288,8589930496,1926397952,0
200,1737286678758,2100,2022,1439,1369,1488,2100,400,975,1139,1146,1309,400,100,0,0,0,0,0,0,0,0,0,0,0,0,65161.74298095703,128780.36102294922,192.362060546875,50.209205627441406,0,335872,33210380288,8589930496,1926397952,0
199,1737286678958,2099,2100,1448,1256,1983,400,400,1100,400,1188,1461,1418,100,0,0,1.6393442153930664,0,1.6393442153930664,0,0,0,1.6666667461395264,1.6666667461395264,0,0,65163.38494873047,128780.90850830078,192.362060546875,50.209205627441406,0,335872,33210380288,8589930496,1926397952,0
200,1737286679158,2100,671,1239,1367,1656,1831,1403,1286,1346,1355,1107,1187,100,0,0,0,0,0,0,5,0,0,0,0,0,65165.03857421875,128781.48315429688,192.362060546875,100,0,335872,33210380288,8589930496,1926397952,0
200,1737286679358,2100,1896,1417,1401,2099,2100,1499,1500,1500,1499,1433,1401,100,5,0,0,4.761904716491699,0,0,4.761904716491699,0,4.761904716491699,0,0,0,65166.777099609375,128782.0971069336,192.362060546875,100,0,335872,33210380288,8589930496,1926303744,0
200,1737286679558,2100,1984,1277,1442,1928,1742,1500,1446,1487,1445,400,1457,100,0,0,4.761904716491699,4.761904716491699,0,0,0,0,0,0,0,0,65168.135009765625,128782.48449707031,192.362060546875,104.99999237060547,0,335872,33210380288,8589930496,1926303744,0
200,1737286679758,2100,1816,1376,1350,1993,2070,1443,1499,1478,1431,1332,1391,100,0,0,4.761904716491699,4.761904716491699,0,0,0,0,0,0,0,0,65169.516845703125,128782.87951660156,192.362060546875,100,0,335872,33210380288,8589930496,1926303744,0
200,1737286679958,2100,2041,1305,1353,1927,1997,1434,1397,1462,1460,400,1331,100,0,0,0,0,0,0,0,0,0,0,0,0,65170.986267089844,128783.31903076172,192.362060546875,100.41841125488281,0,335872,33210380288,8589930496,1926303744,0
200,1737286680159,2100,1989,1499,1468,1858,2100,1467,1401,1481,1475,1178,1422,100,0,4.761904716491699,0,0,0,0,0,0,0,0,0,0,65172.31066894531,128783.6845703125,192.362060546875,100.41841125488281,0,335872,33210380288,8589930496,1926303744,0
200,1737286680359,2100,2045,1284,1320,1927,400,1302,1414,400,1286,1235,1081,100,0,4.761904716491699,0,0,0,0,0,0,0,0,0,0,65173.735412597656,128784.22625732422,192.362060546875,50.209205627441406,0,335872,33210380288,8589930496,1925390336,0
200,1737286680559,2100,2100,1499,1294,2100,2100,1500,1499,1499,1274,400,1403,100,0,4.761904716491699,0,0,0,0,0,0,0,0,0,0,65175.18829345703,128784.85900878906,192.362060546875,100,0,335872,33210380288,8589930496,1929228288,0
199,1737286680759,2099,2088,1455,1499,2020,2100,1499,1500,1499,1471,1463,1467,100,0,4.761904716491699,0,0,0,0,0,0,0,0,0,0,65176.61114501953,128785.482421875,192.362060546875,100,0,335872,33210380288,8589930496,1929228288,0
200,1737286680959,2100,1908,1093,994,1677,1676,1500,1442,1473,1500,1206,1140,100,0,4.761904716491699,0,0,0,0,0,0,0,0,0,0,65178.069091796875,128786.11810302734,192.362060546875,95,0,335872,33210380288,8589930496,1929228288,0
200,1737286681160,2100,2005,400,1284,1897,695,1389,400,1454,1435,1217,400,100,0,4.761904716491699,0,0,0,0,0,0,0,0,0,0,65179.51629638672,128786.75262451172,192.362060546875,105.4393310546875,0,335872,33210380288,8589930496,1929228288,0
199,1737286681360,2100,1959,1449,1481,1770,2099,1499,1500,1434,1499,400,1385,100,0,4.761904716491699,0,0,0,0,0,0,0,0,0,0,65180.922424316406,128787.2886352539,192.362060546875,100.41841125488281,0,335872,33210380288,8589930496,1927135232,0
200,1737286681560,2100,1996,1499,1424,1944,1747,1280,1234,1315,1316,1300,1458,100,0.6410256624221802,0.625,0.625,0,1.2422360181808472,1.2422360181808472,0.625,1.2422360181808472,0.625,0,0.6211180090904236,0,65182.331787109375,128787.69458007813,192.362060546875,100.41841125488281,0,335872,33210380288,8589930496,1927135232,0
200,1737286681760,2100,1970,1445,791,2100,2100,1499,1500,1500,1500,1414,1488,100,0,0,0,0,0,4.761904716491699,0,0,0,0,0,0,65183.94384765625,128788.22760009766,192.362060546875,100,0,335872,33210380288,8589930496,1927135232,0
200,1737286681960,2099,462,1191,1429,1863,1865,988,400,400,400,1038,1315,100,0,0,0,0,0,4.761904716491699,0,0,0,0,0,0,65185.60400390625,128788.806640625,192.362060546875,99.58505249023438,0,335872,33210380288,8589930496,1927135232,0
200,1737286682160,2100,2045,1499,1422,1987,1904,1411,1373,1387,1300,400,1500,100,5,0,0,0,0,0,0,0,0,0,4.761904716491699,0,65187.30139160156,128789.3900756836,192.362060546875,100.41841125488281,0,335872,33210380288,8589930496,1927135232,0
200,1737286682360,2100,527,400,1484,1947,1706,1237,1282,1204,1292,1435,1432,100,0,0,0,0,0,0,0,0,0,0,0,0,65188.75799560547,128789.84204101563,192.362060546875,100.41841125488281,0,335872,33210380288,8589930496,1924677632,0
200,1737286682561,2099,2029,400,400,400,2100,400,1470,1450,1417,400,731,100,0,0,0,4.761904716491699,0,0,0,0,0,0,0,0,65190.13818359375,128790.23718261719,192.362060546875,100.41841125488281,0,335872,33210380288,8589930496,1924677632,0
200,1737286682761,2099,2039,1241,400,1791,1713,822,998,400,1062,962,400,100,0,0,0,4.761904716491699,0,0,0,0,0,0,0,0,65191.606384277344,128790.67169189453,192.362060546875,100.41841125488281,0,335872,33210380288,8589930496,1924677632,0
200,1737286682961,2100,2010,1371,1457,2100,2100,400,1428,1499,1500,400,1402,100,0,0,0,0,0,0,0,0,4.761904716491699,0,0,0,65192.93701171875,128791.04125976563,192.362060546875,100,0,335872,33210380288,8589930496,1924677632,0
200,1737286683161,2100,1927,1383,1500,1830,1962,1454,1500,1499,1460,1363,1387,100,0,0,0,0,0,0,4.761904716491699,0,0,0,0,0,65194.341552734375,128791.5537109375,192.362060546875,95,0,335872,33210380288,8589930496,1928511488,0
200,1737286683361,2100,2035,1459,1454,2099,1954,1333,1338,1407,1454,1456,1440,100,0,0,0,0,0,0,0,0,0,0,0,0,65195.77233886719,128792.17877197266,192.362060546875,105.4393310546875,0,335872,33210380288,8589930496,1927143424,0
200,1737286683561,2099,2042,1202,1270,1506,1857,1398,1401,1463,1416,1262,1314,100,0,0,0,0,0,0,0,0,0,0,0,0,65197.22088623047,128792.8119506836,192.362060546875,100.41841125488281,0,335872,33210380288,8589930496,1928757248,0
199,1737286683762,2100,2051,1195,1408,1838,1885,1425,1348,1414,1415,1374,1463,100,0,4.761904716491699,0,0,4.761904716491699,0,0,0,0,0,0,0,65198.65222167969,128793.44323730469,192.362060546875,100,0,335872,33210380288,8589930496,1928757248,0
199,1737286683962,2100,2049,1348,1441,1943,1893,1328,878,1002,1149,1035,400,100,0,0,0,0,0,0,0,0,4.761904716491699,0,0,0,65200.09509277344,128794.07495117188,192.362060546875,100.41841125488281,0,335872,33210380288,8589930496,1928757248,0
200,1737286684162,2099,2026,1445,1362,1940,1720,1177,1287,1290,1207,1280,1367,100,0,0,0,0,4.761904716491699,0,4.761904716491699,4.761904716491699,0,0,0,0,65201.510498046875,128794.5698852539,192.362060546875,100.41841125488281,0,335872,33210380288,8589930496,1928757248,0
199,1737286684362,2099,1863,1428,1499,1929,2002,1352,1460,1499,1331,1469,1450,100,4.761904716491699,0,0,4.761904716491699,0,4.761904716491699,0,4.761904716491699,0,0,0,0,65202.94665527344,128795.00219726563,192.362060546875,100,0,335872,33210380288,8589930496,1928753152,0
200,1737286684562,2100,1874,1415,1447,1682,1964,1425,1443,1479,1455,1274,1439,100,0,4.761904716491699,4.761904716491699,0,0,0,0,0,0,0,0,0,65204.58966064453,128795.54907226563,192.362060546875,100,0,335872,33210380288,8589930496,1928753152,0
200,1737286684762,2100,1781,1468,1389,1997,2100,1420,1400,1459,1412,1354,1478,100,0,4.761904716491699,4.761904716491699,0,0,0,0,0,0,0,0,0,65206.243713378906,128796.12506103516,192.362060546875,100.41841125488281,0,335872,33210380288,8589930496,1928753152,0
200,1737286684962,2100,2034,1461,1462,400,1700,1249,1048,1059,1094,1407,400,100,0,0,0,0,0,0,0,0,0,0,0,0,65207.97003173828,128796.7294921875,192.362060546875,100.41841125488281,0,335872,33210380288,8589930496,1928753152,0
200,1737286685163,2100,1598,1407,1353,1790,1956,1361,1362,1385,1368,1415,1436,100,0,0,0,0,0,0,0,0,0,0,0,0,65209.33172607422,128797.12292480469,192.362060546875,100.84033203125,0,335872,33210380288,8589930496,1928753152,0
200,1737286685363,2100,2100,1455,1454,2100,2100,1500,1499,1500,1500,1388,400,100,0,0,0,0,0,0,0,0,0,0,0,0,65210.72277832031,128797.52276611328,192.362060546875,100.41841125488281,0,335872,33210380288,8589930496,1926959104,0
200,1737286685563,2100,1570,1467,1460,1216,1894,1388,1478,1454,1482,1434,1437,100,0,0,0,0,0,0,0,0,0,4.761904716491699,0,0,65212.195068359375,128797.96795654297,192.36273193359375,100.41841125488281,0,335872,33210380288,8589930496,1926959104,0
200,1737286685763,2100,1843,1445,1466,1846,2100,1453,1499,1500,1499,1316,1256,100,0,0,0,0,0,0,0,0,0,4.761904716491699,0,0,65213.54089355469,128798.34045410156,192.36273193359375,100,0,335872,33210380288,8589930496,1926959104,0
200,1737286685963,2100,1578,1245,1235,1134,2009,1425,1414,1458,1363,1242,1437,100,0,0,0,0,0,0,0,0,0,0,0,0,65214.966247558594,128798.89324951172,192.36273193359375,100,0,335872,33210380288,8589930496,1925287936,0
200,1737286686164,2099,2001,1391,1203,1246,1837,1405,1401,1419,1363,1499,1387,100,0,0,0,0,0,0,4.761904716491699,0,0,0,0,0,65216.41369628906,128799.52526855469,192.36273193359375,100.41841125488281,0,335872,33210380288,8589930496,1928998912,0
199,1737286686364,2100,1898,1468,1500,2100,2100,1500,1500,1499,1500,1371,1480,100,0,0,0,0,0,0,0,0,0,0,0,0,65217.8681640625,128800.15167236328,192.36273193359375,100,0,335872,33210380288,8589930496,1926606848,0
200,1737286686564,2100,2023,1188,1251,400,1561,1210,400,933,400,1090,1248,100,0,0,0,0,0,0,0,0,0,0,0,0,65219.243408203125,128800.76037597656,192.36273193359375,100.41841125488281,0,335872,33210380288,8589930496,1975762944,0
200,1737286686764,2100,676,400,400,1230,400,1366,1037,400,400,400,400,100,0,5,0,0,0,0,0,0,0,4.761904716491699,0,0,65220.761169433594,128801.40368652344,192.36273193359375,100.41841125488281,0,335872,33210380288,8589930496,1992278016,0
199,1737286686964,2100,2097,1339,1369,1757,1758,1499,1500,1447,1499,1173,1209,100,0,0,0,4.761904716491699,0,0,0,0,4.761904716491699,0,0,0,65222.162536621094,128801.87646484375,192.36273193359375,100,0,335872,33210380288,8589930496,1992278016,0
200,1737286687164,2100,1781,1457,1424,2100,1852,1370,1386,1377,1320,1464,1500,100,0,0,0,4.761904716491699,0,0,0,0,4.761904716491699,0,0,0,65223.62176513672,128802.31646728516,192.36273193359375,100,0,335872,33210380288,8589930496,1992278016,0
199,1737286687365,2100,2036,1499,1437,1786,1370,1097,1037,1025,1447,1457,1376,100,0,0,0,4.761904716491699,0,0,0,0,4.761904716491699,0,0,0,65225.281494140625,128802.86877441406,192.36273193359375,50.209205627441406,0,335872,33210380288,8589930496,1988689920,0
200,1737286687565,2100,2029,400,1330,1791,1793,400,1426,1365,1336,1227,1257,100,0,0,0,4.761904716491699,0,0,0,0,4.761904716491699,0,0,0,65226.94366455078,128803.4418334961,192.36273193359375,50.209205627441406,0,335872,33210380288,8589930496,1988689920,0
200,1737286687765,2099,1901,400,1450,2100,2100,1500,1500,1483,1270,400,1415,100,0,0,0,0,0,0,0,0,0,0,0,0,65228.66662597656,128804.04895019531,192.36273193359375,100.41841125488281,0,335872,33210380288,8589930496,1988689920,0
200,1737286687965,2099,1633,1434,1374,1816,1997,1499,1441,1500,1441,1390,1446,100,0,0,0,0,0,0,0,0,0,0,4.761904716491699,0,65230.01940917969,128804.42541503906,192.36273193359375,100.41841125488281,0,335872,33210380288,8589930496,1988390912,0
200,1737286688165,2100,2025,1263,1211,2100,1955,1450,1224,400,1468,1284,1285,100,0,0,0,0,0,0,0,0,0,0,0,0,65231.419921875,128804.82946777344,192.36273193359375,99.58505249023438,0,335872,33210380288,8589930496,1988390912,0
200,1737286688365,2100,2000,1357,1373,1944,2099,1411,1424,1464,1466,400,1334,100,0,0,0,0,0,0,0,0,0,0,0,0,65232.86590576172,128805.25714111328,192.36273193359375,100.41841125488281,0,335872,33210380288,8589930496,1980104704,0
200,1737286688565,2099,2099,1431,1436,1746,1961,1363,1365,1322,1344,400,1394,100,0,0,0,0,0,0,0,0,0,0,0,0,65234.214294433594,128805.63275146484,192.36273193359375,50.31446838378906,0,335872,33210380288,8589930496,1980104704,0
199,1737286688766,2100,1989,1410,1388,400,400,777,827,984,900,1387,400,100,0,0,0,0,0,0,0,0,0,0,0,0,65235.60968017578,128806.19219970703,192.36273193359375,100.84033203125,0,335872,33210380288,8589930496,1980104704,0
200,1737286688966,2100,2017,1387,1454,1746,1952,1353,1431,1456,1367,1386,1443,100,0,0,0,0,0,0,0,0,0,0,0,0,65237.038635253906,128806.81561279297,192.36273193359375,100.84033203125,0,335872,33210380288,8589930496,1996177408,0
200,1737286689166,2099,1641,400,1435,1905,2100,1499,1499,1499,1499,1352,1412,100,0,0,0,4.761904716491699,0,0,0,0,0,0,0,0,65238.53796386719,128807.45324707031,192.36273193359375,99.58505249023438,0,335872,33210380288,8589930496,1989898240,0
200,1737286689366,2100,1983,1456,1500,2100,2100,1421,1387,1500,1426,1472,400,100,0,0,0,0,0,0,0,0,0,4.761904716491699,0,0,65239.936096191406,128808.06634521484,192.36273193359375,100.84033203125,0,335872,33210380288,8589930496,1989824512,0
200,1737286689566,2100,2030,1481,1499,1906,2100,1466,1476,1421,1470,1416,1499,100,0,0,0,0,0,0,0,0,0,4.761904716491699,0,0,65241.45263671875,128808.70880126953,192.36273193359375,99.58505249023438,0,335872,33210380288,8589930496,1991630848,0
200,1737286689766,2100,1551,1295,1249,1546,1689,1423,1377,1474,1450,1105,1230,100,0,0,0,0,0,0,0,0,0,0,0,0,65242.85772705078,128809.17645263672,192.36273193359375,100.41841125488281,0,335872,33210380288,8589930496,1981464576,0
199,1737286689967,2100,1877,1500,1265,1959,2100,1500,1499,1500,1500,1500,1355,100,0,0,0,0,0,0,0,0,4.761904716491699,0,0,0,65244.31512451172,128809.61303710938,192.36273193359375,100.41841125488281,0,335872,33210380288,8589930496,1981464576,0
200,1737286690167,2099,541,400,400,400,1720,1430,1303,1442,1322,974,596,100,0,0,0,0,0,0,0,0,4.761904716491699,0,0,0,65245.97442626953,128810.16613769531,192.36273193359375,99.58505249023438,0,335872,33210380288,8589930496,1981464576,0
200,1737286690367,2100,1888,1462,1377,2100,1921,1500,1464,1499,1499,1387,1443,100,0,0,0,0,0,0,0,0,4.761904716491699,0,0,0,65247.63903808594,128810.74267578125,192.36273193359375,50.10437774658203,0,335872,33210380288,8589930496,1981227008,0
199,1737286690567,2100,1993,1451,1446,2028,2100,1438,1468,1472,400,1345,1500,100,0,0,0,0,0,0,0,0,4.761904716491699,0,0,0,65249.34875488281,128811.34381103516,192.36273193359375,100.84033203125,0,335872,33210380288,8589930496,1981227008,0
200,1737286690767,2100,2008,1500,1499,2100,1854,1499,1383,1368,1472,1403,1476,100,0,0,0,0,0,0,0,0,4.761904716491699,0,0,0,65250.700744628906,128811.72058105469,192.36273193359375,100,0,335872,33210380288,8589930496,1981227008,0
200,1737286690967,2100,1779,400,1182,1887,1901,1368,400,1262,400,1217,1291,100,0,0,0,0,0,0,0,0,4.761904716491699,0,0,0,65252.11535644531,128812.12353515625,192.36273193359375,100.41841125488281,0,335872,33210380288,8589930496,1981227008,0
200,1737286691167,2100,1713,1241,1308,1712,2100,1458,1392,1500,1405,1049,1262,100,0,0,0,0,0,0,0,0,4.761904716491699,0,0,0,65253.558166503906,128812.55340576172,192.36273193359375,100,0,335872,33210380288,8589930496,1981227008,0
200,1737286691368,2100,561,400,400,1958,998,1392,1326,1404,1440,400,400,100,0,0,0,0,0,0,0,0,4.761904716491699,0,0,0,65254.899963378906,128812.92498779297,192.36273193359375,100,0,335872,33210380288,8589930496,1974050816,0
200,1737286691568,2100,560,400,1059,400,1692,1365,1385,1499,1408,400,400,100,0,0,0,0,0,0,0,0,4.761904716491699,0,0,0,65256.283935546875,128813.478515625,192.36273193359375,100.41841125488281,0,335872,33210380288,8589930496,1974050816,0
200,1737286691768,2100,1448,1500,1297,1803,1425,1267,1189,1378,1335,400,1348,100,0.5681818127632141,0,0.5555555820465088,1.1111111640930176,1.1049723625183105,1.1111111640930176,0.5555555820465088,0.5555555820465088,0,0,0,0,65257.72869873047,128814.10693359375,192.36273193359375,105.4393310546875,0,335872,33210380288,8589930496,1998356480,0
200,1737286691968,2100,1901,1450,1474,2100,1949,1500,1487,1362,1479,1341,1356,100,0,0,4.761904716491699,0,0,0,0,4.761904716491699,4.761904716491699,5,4.761904716491699,0,65259.21569824219,128814.73522949219,192.36273193359375,100,0,335872,33210380288,8589930496,1987891200,0
200,1737286692168,2100,2030,1405,1412,2100,2001,1402,1405,1405,1406,400,1441,100,0,0,4.761904716491699,0,0,0,0,4.761904716491699,4.761904716491699,5,4.761904716491699,0,65260.604736328125,128815.34301757813,192.36273193359375,100,0,335872,33210380288,8589930496,1987891200,0
200,1737286692369,2100,2057,1446,400,400,1141,400,1265,1143,1165,1137,1451,100,0,0,0,0,0,0,0,0,0,0,4.761904716491699,0,65262.144775390625,128815.9965209961,192.36273193359375,95,0,335872,33210380288,8589930496,1983823872,0
200,1737286692569,2100,2049,1463,1471,2100,2100,749,1446,1448,1405,1455,1370,100,0,4.761904716491699,0,0,4.761904716491699,0,0,0,0,0,0,0,65263.52966308594,128816.45581054688,192.36273193359375,100,0,335872,33210380288,8589930496,1981730816,0
200,1737286692769,2100,1917,400,1187,1871,1738,1411,400,1368,400,400,851,100,0,4.761904716491699,0,0,4.761904716491699,0,0,0,0,0,0,0,65264.994079589844,128816.89514160156,192.36273193359375,100.41841125488281,0,335872,33210380288,8589930496,1981730816,0
200,1737286692969,2100,1724,1369,855,2100,2100,1480,1464,400,1414,1278,803,100,5,0,0,4.761904716491699,0,0,4.761904716491699,0,4.761904716491699,0,0,0,65266.65393066406,128817.44775390625,192.36273193359375,100.41841125488281,0,335872,33210380288,8589930496,1981730816,0
200,1737286693169,2100,2099,1479,1472,1992,2099,1457,671,1457,1403,1500,1500,100,0,0,0,0,0,0,4.761904716491699,0,0,0,0,0,65268.31756591797,128818.02563476563,192.36273193359375,100,0,335872,33210380288,8589930496,1981730816,0
200,1737286693369,2100,1986,1392,1204,1758,1407,1440,1400,1452,1406,1127,1284,100,0,0,0,0,0,0,0,0,0,0,0,0,65270.04815673828,128818.63873291016,192.36273193359375,100.84033203125,0,335872,33210380288,8589930496,1981698048,0
200,1737286693570,2100,2041,1221,1273,2100,1892,1320,1336,1326,1384,887,1231,100,0,0,0,0,4.761904716491699,0,0,0,0,0,0,0,65271.39465332031,128819.01403808594,192.36273193359375,100.41841125488281,0,335872,33210380288,8589930496,1981698048,0
199,1737286693770,2100,2029,952,906,1732,400,1344,1211,1417,1349,926,761,100,0,0,0,0,0,0,0,0,0,0,0,0,65272.78778076172,128819.41296386719,192.36273193359375,100,0,335872,33210380288,8589930496,1981698048,0
200,1737286693970,2100,1987,1358,1346,1750,400,1441,1329,1441,400,1211,1144,100,0,0,0,0,0,0,0,0,0,0,0,0,65274.24395751953,128819.84368896484,192.36273193359375,100,0,335872,33210380288,8589930496,1981698048,0
200,1737286694170,2100,1729,1384,1144,1633,1906,1477,1383,1310,1379,1310,1433,100,0,0,0,0,0,0,0,4.761904716491699,0,4.761904716491699,0,0,65275.579040527344,128820.21282958984,192.36273193359375,100,0,335872,33210380288,8589930496,1981693952,0
200,1737286694370,2099,1960,1500,1444,1758,1949,1391,1425,1499,1500,1499,1455,100,0,0,4.761904716491699,4.761904716491699,0,4.761904716491699,0,5,0,0,0,0,65276.96911621094,128820.75231933594,192.36273193359375,105.4393310546875,0,335872,33210380288,8589930496,1981693952,0
200,1737286694570,2099,1684,1464,1413,1368,1993,1435,1439,1499,1484,1462,1473,100,0,0,4.761904716491699,4.761904716491699,0,4.761904716491699,0,5,0,0,0,0,65278.418884277344,128821.38201904297,192.36273193359375,94.60580444335938,0,335872,33210380288,8589930496,1997950976,0
199,1737286694771,2100,2038,1500,1405,1818,1170,1262,1155,1200,1359,1455,1469,100,0,0,0,0,0,0,0,0,0,0,0,0,65279.897033691406,128822.00885009766,192.36273193359375,104.99999237060547,0,335872,33210380288,8589930496,1981206528,0
200,1737286694971,2100,2100,1362,1468,1908,1635,1403,1329,1499,1401,400,1363,100,0,0,0,0,4.761904716491699,4.761904716491699,0,0,0,0,0,0,65281.29315185547,128822.61975097656,192.36273193359375,100,0,335872,33210380288,8589930496,1981206528,0
200,1737286695171,2100,1856,1500,1372,1870,1934,1356,1350,1322,1365,1445,1460,100,0,0,0,0,4.761904716491699,4.761904716491699,0,0,0,0,0,0,65282.822814941406,128823.26586914063,192.36273193359375,50.209205627441406,0,335872,33210380288,8589930496,1997205504,0
200,1737286695371,2100,1803,1422,1434,1794,2100,1500,1480,1478,1499,400,1427,100,0,0,0,0,4.761904716491699,4.761904716491699,0,0,0,0,0,0,65284.22314453125,128823.7548828125,192.36273193359375,100.41841125488281,0,335872,33210380288,8589930496,1997205504,0
200,1737286695571,2100,1898,1304,1367,1725,2012,1421,1476,1473,1399,1293,1418,100,0,0,0,0,4.761904716491699,4.761904716491699,0,0,0,0,0,0,65285.66735839844,128824.18145751953,192.36273193359375,100.41841125488281,0,335872,33210380288,8589930496,1997205504,0
200,1737286695771,2100,2015,1455,1470,1988,1913,1499,1500,1500,1500,1455,1376,100,0,0,0,0,4.761904716491699,4.761904716491699,0,0,0,0,0,0,65287.311950683594,128824.72631835938,192.36273193359375,100.41841125488281,0,335872,33210380288,8589930496,1997205504,0
200,1737286695971,2100,1977,1442,1463,2091,1996,1412,1346,1373,1373,1386,1453,100,1.0204081535339355,0.9900990128517151,0,0.9900990128517151,0,0,0,0,0.9900990128517151,1,0,0,65288.97717285156,128825.30517578125,192.36273193359375,100,0,335872,33210380288,8589930496,1997205504,0
200,1737286696172,2099,2022,1091,1198,1980,2100,1378,1393,1379,1458,1423,1109,100,0,0,4.761904716491699,0,0,0,0,0,0,0,4.761904716491699,0,65290.7041015625,128825.90936279297,192.36273193359375,100.84033203125,0,335872,33210380288,8589930496,1997205504,0
200,1737286696372,2100,2073,1451,1470,1937,1963,1426,1443,1349,1455,400,1454,100,0,0,4.761904716491699,0,0,0,0,0,0,0,4.761904716491699,0,65292.08514404297,128826.31512451172,192.36273193359375,100,0,335872,33210380288,8589930496,1995411456,0
200,1737286696572,2100,2100,1462,1473,1584,2100,1500,1500,1500,1500,400,1426,100,0,0,0,0,0,0,5,0,0,0,0,0,65293.48010253906,128826.7172241211,192.36273193359375,100.41841125488281,0,335872,33210380288,8589930496,1995411456,0
200,1737286696772,2100,1424,1213,400,786,400,400,1340,1313,400,400,400,100,0,0,0,0,0,0,5,0,0,0,0,0,65294.959716796875,128827.15704345703,192.36273193359375,100,0,335872,33210380288,8589930496,1995411456,0
200,1737286696972,2100,1778,1500,1499,2100,2043,1432,1460,1458,1463,1352,1500,100,0,0,0,0,0,0,0,0,0,0,0,0,65296.30017089844,128827.53143310547,192.36273193359375,100.41841125488281,0,335872,33210380288,8589930496,1995411456,0
200,1737286697172,2100,1928,1457,1441,2043,1679,1338,1349,1479,1377,1460,1434,100,0,0,0,0,0,0,0,0,0,0,0,0,65297.681884765625,128828.03186035156,192.36273193359375,100.84033203125,0,335872,33210380288,8589930496,1995411456,0
200,1737286697373,2099,1871,1473,1500,1918,1858,1406,1413,1466,1465,1500,1471,100,0,4.761904716491699,0,0,0,0,0,4.761904716491699,0,0,4.761904716491699,0,65299.12390136719,128828.65979003906,192.36273193359375,95,0,335872,33210380288,8589930496,1995493376,0
200,1737286697573,2099,1861,400,400,1935,1798,1286,1180,400,1210,1441,1255,100,0,0,0,0,0,4.761904716491699,0,0,4.761904716491699,0,0,0,65300.615966796875,128829.29223632813,192.36273193359375,100.41841125488281,0,335872,33210380288,8589930496,1967984640,0
200,1737286697773,2099,2100,1477,1500,1992,1886,1474,1500,1500,1500,1499,1500,100,0,0,0,4.761904716491699,0,0,0,4.761904716491699,0,0,0,0,65302.026794433594,128829.91375732422,192.36273193359375,100.41841125488281,0,335872,33210380288,8589930496,1983971328,0
200,1737286697973,2100,400,1477,1499,1050,1752,1091,400,1481,1473,1373,1500,100,0,0,0,4.761904716491699,0,0,0,4.761904716491699,0,0,0,0,65303.549560546875,128830.56024169922,192.3634033203125,100.41841125488281,0,335872,33210380288,8589930496,1992228864,0
199,1737286698173,2100,1972,1209,1303,1416,895,1462,1468,1436,1473,1376,1399,100,0,0,0,4.761904716491699,0,0,0,4.761904716491699,0,0,0,0,65304.92596435547,128831.07244873047,192.3634033203125,52.60960388183594,0,335872,33210380288,8589930496,1992228864,0
200,1737286698373,2099,2100,1429,1371,1971,1892,1380,1329,1353,1357,400,400,100,0,0,0,4.761904716491699,0,0,0,4.761904716491699,0,0,0,0,65306.35174560547,128831.49481201172,192.3634033203125,50.10437774658203,0,335872,33210380288,8589930496,1992228864,0
200,1737286698574,2100,1853,400,924,2100,1996,1337,1384,1379,1372,400,400,100,1.6949152946472168,0,0,1.6666667461395264,0,0,0,0,1.6393442153930664,0,0,0,65307.94384765625,128832.01531982422,192.3634033203125,100,0,335872,33210380288,8589930496,1992228864,0
199,1737286698774,2100,1833,1407,1365,1869,1927,1499,1499,1500,1500,1327,400,100,0,0,0,0,0,4.761904716491699,0,0,0,0,0,0,65309.61047363281,128832.59539794922,192.3634033203125,100.41841125488281,0,335872,33210380288,8589930496,1992228864,0
200,1737286698974,2100,2100,1472,1471,1884,2001,1437,1477,1459,1472,1349,1454,100,0,0,0,0,0,4.761904716491699,0,0,0,0,0,0,65311.30920410156,128833.18084716797,192.3634033203125,100.84033203125,0,335872,33210380288,8589930496,1992228864,0
200,1737286699174,2100,2100,400,1475,2033,1983,1401,1499,1395,1390,1499,1459,100,0,0,0,0,0,0,0,0,0,0,0,0,65312.766540527344,128833.64349365234,192.3634033203125,100,0,335872,33210380288,8589930496,1992228864,0
200,1737286699374,2100,400,1363,1386,1627,1457,1449,1461,400,1465,1397,1345,100,0,0,0,0,4.761904716491699,0,0,0,0,0,0,0,65314.15350341797,128834.04010009766,192.3634033203125,100.84033203125,0,335872,33210380288,8589930496,1992228864,0
200,1737286699575,2100,542,400,400,400,1281,1483,1469,1500,1427,1217,1087,100,5,0,0,0,4.761904716491699,0,0,0,0,0,0,0,65315.59948730469,128834.46704101563,192.3634033203125,100,0,335872,33210380288,8589930496,1992228864,0
200,1737286699775,2100,1956,1436,1433,2018,2100,1436,822,1500,1500,964,1478,100,0,0,0,0,0,0,0,0,0,5,0,0,65316.9580078125,128834.85473632813,192.3634033203125,100.41841125488281,0,335872,33210380288,8589930496,1992228864,0
200,1737286699975,2100,1893,400,1398,2099,2100,1499,1500,1499,1499,1458,1472,100,0,0,0,0,0,0,0,0,0,0,0,0,65318.31817626953,128835.29382324219,192.3634033203125,100,0,335872,33210380288,8589930496,1992228864,0
200,1737286700175,2100,1789,1435,1383,1700,2100,1477,1484,1473,1438,1364,1371,100,0,4.761904716491699,0,0,0,0,4.761904716491699,0,0,0,0,0,65319.734130859375,128835.91882324219,192.3634033203125,101.26582336425781,0,335872,33210380288,8589930496,1992228864,0
200,1737286700375,2100,1789,1361,1404,1450,1944,1500,1465,1474,1478,1442,1462,100,0,4.761904716491699,0,0,0,0,4.761904716491699,0,0,0,0,0,65321.24560546875,128836.56103515625,192.3634033203125,100,0,335872,33210380288,8589930496,1964355584,0
200,1737286700575,2100,2041,1391,1459,2069,1974,1472,1376,1472,1422,1419,1409,100,0,0,0,0,0,4.761904716491699,0,0,0,0,0,0,65322.624084472656,128837.16540527344,192.3634033203125,100.41841125488281,0,335872,33210380288,8589930496,1972277248,0
200,1737286700776,2100,1951,1392,1411,2100,1972,1361,1326,1410,1433,1247,1456,100,0,0,0,0,0,4.761904716491699,0,0,0,0,0,0,65324.130126953125,128837.81677246094,192.3634033203125,50.209205627441406,0,335872,33210380288,8589930496,1997049856,0
200,1737286700976,2100,857,400,400,856,400,1466,1408,1376,1353,1416,1015,100,0,0,0,0,0,4.761904716491699,0,0,0,0,0,0,65325.5244140625,128838.38745117188,192.3634033203125,100,0,335872,33210380288,8589930496,1997049856,0
199,1737286701176,2100,2100,1473,1500,1959,2100,1479,1499,1485,1478,400,1499,100,0,0,0,0,0,4.761904716491699,0,0,0,0,0,0,65326.91394042969,128838.7885131836,192.3634033203125,100.41841125488281,0,335872,33210380288,8589930496,1997049856,0
200,1737286701376,2100,2024,1407,1367,1809,1873,1500,1499,1478,1500,1397,1374,100,0,0,0,0,0,4.761904716491699,0,0,0,0,0,0,65328.44482421875,128839.27160644531,192.3634033203125,100,0,335872,33210380288,8589930496,1997049856,0
200,1737286701576,2100,1999,1299,1463,1642,1742,1453,1433,1469,1500,1499,1316,100,0,0,0,0,0,4.761904716491699,0,0,0,0,0,0,65330.16046142578,128839.88165283203,192.3634033203125,100.41841125488281,0,335872,33210380288,8589930496,1997049856,0
200,1737286701776,2100,1773,1499,1358,1928,1888,1422,1336,1441,1449,1350,1364,100,0,0,0,0,0,4.761904716491699,0,0,0,0,0,0,65331.80432128906,128840.43115234375,192.3634033203125,100.41841125488281,0,335872,33210380288,8589930496,1997049856,0
200,1737286701976,2100,2001,1425,1368,2100,2100,1499,1417,1500,1500,400,1442,100,0,0,0,0,0,4.761904716491699,0,0,0,0,0,0,65333.396423339844,128840.97863769531,192.3634033203125,100.41841125488281,0,335872,33210380288,8589930496,1997049856,0
200,1737286702177,2100,2100,1440,1437,1978,1836,956,1449,1085,1114,400,1398,100,0,0,0,0,0,4.761904716491699,0,0,0,0,0,0,65334.76940917969,128841.36669921875,192.3634033203125,100.41841125488281,0,335872,33210380288,8589930496,1997049856,0
199,1737286702377,2099,2051,1075,400,1804,1952,1356,1373,1357,1346,400,400,100,0,0,0,0,0,4.761904716491699,0,0,0,0,0,0,65336.172790527344,128841.7758178711,192.3634033203125,50.209205627441406,0,335872,33210380288,8589930496,1997049856,0
200,1737286702577,2100,2007,400,400,1603,1762,870,400,400,400,400,1283,100,0,0,0,0,0,4.761904716491699,0,0,0,0,0,0,65337.57556152344,128842.18640136719,192.3634033203125,100,0,335872,33210380288,8589930496,1997049856,0
200,1737286702777,2099,2100,1459,1500,2100,1453,1355,1285,400,1499,753,742,100,0,0,0,0,0,4.761904716491699,0,0,0,0,0,0,65338.933532714844,128842.57196044922,192.3634033203125,100.41841125488281,0,335872,33210380288,8589930496,1997049856,0
200,1737286702977,2099,1835,1305,1295,1854,1653,1500,1478,1500,1480,400,1338,100,0,0,0,0,0,4.761904716491699,0,0,0,0,0,0,65340.31524658203,128843.15014648438,192.3634033203125,99.58505249023438,0,335872,33210380288,8589930496,1997049856,0
200,1737286703177,2100,2057,1449,400,2003,2100,1410,1388,1400,400,1445,1433,100,0,0,0,0,0,4.761904716491699,0,0,0,0,0,0,65341.84149169922,128843.79748535156,192.3634033203125,99.58505249023438,0,335872,33210380288,8589930496,1977016320,0
200,1737286703377,2100,530,1457,400,400,400,1022,1199,1133,1276,1413,1464,100,0,0,0,0,0,4.761904716491699,0,0,0,0,0,0,65343.24530029297,128844.41748046875,192.3634033203125,100.41841125488281,0,335872,33210380288,8589930496,1976741888,0
200,1737286703578,2100,2032,1363,1500,1988,1991,1397,1355,1423,1413,1401,1437,100,0,0,0,0,0,4.761904716491699,0,0,0,0,0,0,65344.68811035156,128845.0444946289,192.3634033203125,100.84033203125,0,335872,33210380288,8589930496,1992998912,0
200,1737286703778,2100,1618,1455,400,1914,1766,1172,923,400,400,1455,917,100,0,0,0,0,0,4.761904716491699,0,0,0,0,0,0,65346.156982421875,128845.6752319336,192.3634033203125,50,0,335872,33210380288,8589930496,1984626688,0
199,1737286703978,2100,1985,1329,1462,2023,2100,1482,1500,1499,1482,1399,1431,100,0,0,0,0,0,4.761904716491699,0,0,0,0,0,0,65347.530700683594,128846.12976074219,192.3634033203125,100.41841125488281,0,335872,33210380288,8589930496,1984626688,0
200,1737286704178,2099,2018,1378,1473,2023,1818,1499,1441,1480,1474,1365,1470,100,1.2658227682113647,1.25,1.2345678806304932,1.2345678806304932,0,1.25,0,1.2345678806304932,0,2.4691357612609863,0,0,65348.97766113281,128846.56579589844,192.3634033203125,100.41841125488281,0,335872,33210380288,8589930496,1984626688,0
200,1737286704378,2100,471,1012,1194,1493,1778,1500,1476,1442,1476,1267,400,100,0,0,0,0,0,0,0,0,0,0,0,0,65350.63122558594,128847.1201171875,192.3634033203125,100.84033203125,0,335872,33210380288,8589930496,1984593920,0
200,1737286704579,2100,1971,1500,400,1928,1913,1499,400,1383,1453,400,400,100,0,0,0,5,0,0,0,0,0,0,0,0,65352.28723144531,128847.69854736328,192.3634033203125,100,0,335872,33210380288,8589930496,1984589824,0
162,1737286704816,2100,2099,1499,1439,1790,1580,1405,1307,1423,1406,1465,1499,100,4.1666669845581055,0,0,0,4,0,0,0,0,0,4,0,65354.29559326172,128848.40350341797,192.3634033203125,121.00839233398438,0,335872,33210380288,8589930496,1984589824,0
200,1737286704979,2100,1962,1415,1333,1872,1884,1500,1500,1483,1500,400,697,100,4.1666669845581055,0,0,0,4,0,0,0,0,0,4,0,65355.38049316406,128848.71185302734,192.3634033203125,67.13286590576172,0,335872,33210380288,8589930496,1984589824,0
200,1737286705179,2100,1748,1416,1500,618,1841,1401,1500,1500,1500,1321,1499,100,4.1666669845581055,0,0,0,4,0,0,0,0,0,4,0,65356.757263183594,128849.10461425781,192.3634033203125,55.299537658691406,0,335872,33210380288,8589930496,1984589824,0
200,1737286705379,2100,1592,1277,1287,2100,1932,1452,1467,1392,1442,1314,1320,100,4.1666669845581055,0,0,0,4,0,0,0,0,0,4,0,65358.238525390625,128849.54858398438,192.3634033203125,55.299537658691406,0,335872,33210380288,8589930496,1984589824,0
200,1737286705579,2100,486,1271,1373,400,2034,1386,1012,1158,1246,1348,1256,100,0,0,0,0,0,0,0,0,0,0,0,0,65359.557556152344,128849.91674804688,192.3634033203125,100,0,335872,33210380288,8589930496,1984589824,0
200,1737286705780,2100,1756,400,1345,1339,1815,1415,1455,1408,1447,1000,400,100,0,0,0,0,0,0,0,0,0,0,0,0,65360.921325683594,128850.36767578125,192.3634033203125,105.8823471069336,0,335872,33210380288,8589930496,1984589824,0
200,1737286705980,2099,1989,1385,1425,1893,2100,1500,1413,1334,1486,1410,1437,100,0,0,0,0,4.761904716491699,4.761904716491699,0,0,0,0,0,0,65362.42126464844,128851.02258300781,192.3634033203125,95,0,335872,33210380288,8589930496,1992589312,0
200,1737286706180,2099,1881,1395,400,1591,1861,805,400,789,400,1366,1236,100,0,0,0,0,4.761904716491699,4.761904716491699,0,0,0,0,0,0,65363.85266113281,128851.63494873047,192.3634033203125,104.99999237060547,0,335872,33210380288,8589930496,1974648832,0
200,1737286706380,2100,2100,1070,1440,2013,1880,1350,1325,1500,1367,1472,1473,100,0,0,0,0,4.761904716491699,4.761904716491699,0,0,0,0,0,0,65365.244873046875,128852.24676513672,192.3634033203125,50.10437774658203,0,335872,33210380288,8589930496,1999060992,0
200,1737286706580,2099,1932,1474,1393,2100,1988,1439,1435,400,1409,1420,1464,100,1.6666667461395264,0,0,0,0,0,1.6666667461395264,0,0,0,0,0,65366.769470214844,128852.89050292969,192.3634033203125,50.10437774658203,0,335872,33210380288,8589930496,1990987776,0
200,1737286706780,2100,2033,1377,1364,1882,1871,1396,1217,1193,1497,400,1349,100,0,4.761904716491699,0,0,0,0,0,0,0,0,0,0,65368.150634765625,128853.47692871094,192.3634033203125,100.41841125488281,0,335872,33210380288,8589930496,1990987776,0
200,1737286706981,2100,2100,1475,1499,1978,1939,1471,1466,1418,1400,400,1472,100,0,4.761904716491699,0,0,0,0,0,0,0,0,0,0,65369.546325683594,128853.88513183594,192.3634033203125,100.84033203125,0,335872,33210380288,8589930496,1990987776,0
200,1737286707181,2099,563,400,1471,400,1869,1105,1289,1098,1184,1423,400,100,0,0,0,0,0,0,0,0,0,0,0,0,65371.06170654297,128854.35845947266,192.3634033203125,100,0,335872,33210380288,8589930496,1990987776,0
200,1737286707381,2099,2100,1482,1500,2100,2015,1374,1408,1500,842,1302,1500,100,0,0,0,0,0,4.761904716491699,0,0,0,0,0,0,65372.75958251953,128854.95397949219,192.3634033203125,100.41841125488281,0,335872,33210380288,8589930496,1990979584,0
200,1737286707581,2100,2099,1028,1500,2100,2099,1500,1499,1480,1500,400,1478,100,0,0,0,0,0,0,0,0,0,0,0,0,65374.40606689453,128855.51208496094,192.3634033203125,100,0,335872,33210380288,8589930496,1990979584,0
200,1737286707781,2100,2016,1498,1326,2099,1926,1499,1480,1500,1499,1251,1346,100,0,0,0,4.761904716491699,4.761904716491699,0,0,4.761904716491699,4.761904716491699,0,0,0,65376.046142578125,128856.08740234375,192.3634033203125,100.84033203125,0,335872,33210380288,8589930496,1990979584,0
200,1737286707981,2100,1635,1335,1395,1984,1925,1500,1476,1452,1469,1232,1382,100,0,0,0,4.761904716491699,0,0,0,0,0,0,0,0,65377.400939941406,128856.46844482422,192.3634033203125,100,0,335872,33210380288,8589930496,1990979584,0
200,1737286708182,2100,1814,1431,1302,2100,1817,1327,1198,1101,1169,1242,1427,100,5,0,4.761904716491699,0,0,0,0,0,0,0,0,0,65378.79119873047,128856.86743164063,192.3634033203125,100.41841125488281,0,335872,33210380288,8589930496,1990979584,0
200,1737286708382,2100,2100,1472,1444,2099,2067,400,1499,1499,1500,1436,400,100,0,0,0,0,0,0,0,0,0,0,0,0,65380.27575683594,128857.31329345703,192.3634033203125,100,0,335872,33210380288,8589930496,1990963200,0
200,1737286708582,2100,1882,1499,1357,1773,1438,1457,1199,1340,400,1042,1412,100,0,0,0,0,0,0,0,0,0,0,0,0,65381.58953857422,128857.6694946289,192.3634033203125,100,0,335872,33210380288,8589930496,1990963200,0
199,1737286708782,2100,1714,1500,1347,1576,1210,1500,1500,1470,1417,1364,1412,100,0,0,0,0,0,0,0,0,0,0,0,0,65382.968811035156,128858.17352294922,192.3634033203125,50.10437774658203,0,335872,33210380288,8589930496,1990963200,0
200,1737286708982,2100,1829,1273,1350,1966,1945,1445,1499,1447,1459,1305,1331,100,0,0,0,0,0,0,0,0,0,0,0,0,65384.50427246094,128858.8267211914,192.3634033203125,50.10437774658203,0,335872,33210380288,8589930496,1972002816,0
200,1737286709182,2100,2100,1407,1472,1890,1997,1421,1421,1399,1476,1500,1475,100,1.6949152946472168,0,1.6393442153930664,0,1.6393442153930664,0,1.6393442153930664,0,0,1.6393442153930664,0,0,65385.89483642578,128859.43780517578,192.3634033203125,95,0,335872,33210380288,8589930496,1972002816,0
200,1737286709383,2099,508,1103,851,1875,1431,1439,1458,1432,1375,1301,1223,100,1.6949152946472168,0,1.6393442153930664,0,1.6393442153930664,0,1.6393442153930664,0,0,1.6393442153930664,0,0,65387.378967285156,128860.08032226563,192.3634033203125,52.8301887512207,0,335872,33210380288,8589930496,1996505088,0
199,1737286709583,2099,2100,1500,1499,2020,2100,1344,1405,1409,1357,1315,1499,100,1.6949152946472168,0,1.6393442153930664,0,1.6393442153930664,0,1.6393442153930664,0,0,1.6393442153930664,0,0,65388.84045410156,128860.7103881836,192.3634033203125,100.84033203125,0,335872,33210380288,8589930496,1986637824,0
199,1737286709783,2100,2100,1423,1427,2100,2100,1499,1500,400,1499,1471,1471,100,0,0,0,0,0,0,1.25,0,0,1.25,1.25,0,65390.20330810547,128861.24926757813,192.3634033203125,95.7983169555664,0,335872,33210380288,8589930496,1986637824,0
200,1737286709983,2100,2100,1500,400,1933,2100,1456,1500,1459,1500,1500,1483,100,0,0,0,0,0,0,0,0,0,0,0,0,65391.626037597656,128861.66436767578,192.3634033203125,100.41841125488281,0,335872,33210380288,8589930496,1986637824,0
200,1737286710183,2099,1992,1443,1442,1903,2006,1499,1500,1458,1449,1393,1500,100,0,0,0,0,0,4.761904716491699,0,0,0,0,0,0,65393.17596435547,128862.15576171875,192.3634033203125,100,0,335872,33210380288,8589930496,1986637824,0
200,1737286710383,2100,2100,1436,1499,2100,2099,1332,1331,1318,1279,1480,1480,100,0,0,0,0,0,4.761904716491699,0,0,0,0,0,0,65394.88427734375,128862.76202392578,192.3634033203125,104.99999237060547,0,335872,33210380288,8589930496,1986490368,0
200,1737286710583,2100,400,1444,1351,980,1950,1059,1073,1154,1206,1401,1406,100,0,0,0,0,0,0,0,0,0,0,0,0,65396.54669189453,128863.31677246094,192.3634033203125,100.84033203125,0,335872,33210380288,8589930496,1986490368,0
200,1737286710784,2100,2047,1212,638,2100,1881,1268,400,1361,400,1367,1124,100,0,0,0,0,0,0,0,0,0,0,4.761904716491699,0,65398.154541015625,128863.869140625,192.3634033203125,100,0,335872,33210380288,8589930496,1986490368,0
199,1737286710984,2100,2100,1142,400,1653,1592,1201,1444,1282,1418,1150,1399,100,0,5,0,5,0,0,0,4.761904716491699,0,0,0,0,65399.52362060547,128864.25634765625,192.3634033203125,100.41841125488281,0,335872,33210380288,8589930496,1986490368,0
200,1737286711184,2100,2007,1334,1211,1922,1409,400,400,400,400,1396,1498,100,0,0,0,0,0,0,0,0,0,0,0,0,65400.92492675781,128864.66455078125,192.3634033203125,100.84033203125,0,335872,33210380288,8589930496,1986490368,0
199,1737286711384,2100,1995,1444,1441,1962,1732,1448,1480,1405,1499,1349,1447,100,0,0,0,0,0,0,0,4.761904716491699,4.761904716491699,0,0,0,65402.40808105469,128865.10845947266,192.3634033203125,100,0,335872,33210380288,8589930496,1986490368,0
200,1737286711584,2099,1903,1393,1267,1802,1806,1499,1484,1480,1464,1304,1369,100,0,0,0,0,0,0,0,4.761904716491699,4.761904716491699,0,0,0,65403.731872558594,128865.47662353516,192.3634033203125,99.58505249023438,0,335872,33210380288,8589930496,1986490368,0
199,1737286711784,2100,1878,1271,400,1785,1711,1499,1499,1461,1463,1098,400,100,0,0,0,0,0,0,0,4.761904716491699,4.761904716491699,0,0,0,65405.156188964844,128865.99060058594,192.3634033203125,47.69874572753906,0,335872,33210380288,8589930496,1994489856,0
200,1737286711984,2100,2100,1356,1332,1949,2099,1454,1402,1440,1463,1319,1358,100,0,0,0,0,0,0,0,4.761904716491699,4.761904716491699,0,0,0,65406.65447998047,128866.62200927734,192.3634033203125,52.71966552734375,0,335872,33210380288,8589930496,1976848384,0
200,1737286712185,2099,1524,400,400,1956,1453,1318,1402,1383,1352,400,400,100,0,0,0,0,0,0,0,0,0,0,0,0,65408.050720214844,128867.23083496094,192.3634033203125,100.84033203125,0,335872,33210380288,8589930496,1978392576,0
200,1737286712385,2099,1930,1378,1375,1815,1938,1344,1301,1188,1256,1378,1345,100,0,0,0,0,0,0,0,0,0,0,0,0,65409.56872558594,128867.87713623047,192.3634033203125,95,0,335872,33210380288,8589930496,1992843264,0
200,1737286712585,2099,2100,1386,1421,2099,1877,1398,1416,1412,1428,1407,1428,100,4.761904716491699,0,4.761904716491699,4.761904716491699,4.761904716491699,0,0,0,0,0,0,0,65410.99267578125,128868.49133300781,192.3634033203125,104.99999237060547,0,335872,33210380288,8589930496,1981779968,0
200,1737286712785,2100,856,400,400,1830,1792,724,865,400,400,400,400,100,4.761904716491699,0,4.761904716491699,4.761904716491699,4.761904716491699,0,0,0,0,0,0,0,65412.42010498047,128869.12023925781,192.3634033203125,95,0,335872,33210380288,8589930496,1997762560,0
200,1737286712985,2100,652,1381,1215,1637,400,1070,1500,1499,1500,1415,1399,100,4.761904716491699,0,4.761904716491699,4.761904716491699,4.761904716491699,0,0,0,0,0,0,0,65413.883544921875,128869.66583251953,192.3634033203125,52.60960388183594,0,335872,33210380288,8589930496,1997762560,0
200,1737286713185,2100,523,400,1405,1880,1497,1261,1291,1219,1238,1419,1474,100,4.761904716491699,0,4.761904716491699,4.761904716491699,4.761904716491699,0,0,0,0,0,0,0,65415.32293701172,128870.08776855469,192.3634033203125,100.84033203125,0,335872,33210380288,8589930496,1997762560,0
200,1737286713386,2100,2020,1088,1446,2100,1922,1172,1485,400,1409,877,1146,100,1.2820513248443604,0,0,1.25,0,1.2345678806304932,0,0,0,0,0,0,65416.91375732422,128870.60186767578,192.3634033203125,100.84033203125,0,335872,33210380288,8589930496,1991184384,0
200,1737286713586,2100,643,400,400,1875,400,1343,1457,1454,1441,868,400,100,0,0,0,0,0,0,0,0,0,4.761904716491699,4.761904716491699,0,65418.59307861328,128871.18627929688,192.3634033203125,100,0,335872,33210380288,8589930496,1991184384,0
200,1737286713786,2100,1734,1386,400,1929,1668,1346,1336,1444,1418,1213,1346,100,0,0,0,0,0,0,0,0,0,4.761904716491699,4.761904716491699,0,65420.28778076172,128871.763671875,192.3634033203125,100.41841125488281,0,335872,33210380288,8589930496,1991184384,0
200,1737286713986,2100,1986,400,1332,1998,2099,1472,1499,400,1446,1368,1380,100,0,0,0,0,0,4.761904716491699,4.761904716491699,4.761904716491699,5,0,0,0,65421.74597167969,128872.21551513672,192.3634033203125,100,0,335872,33210380288,8589930496,1991184384,0
200,1737286714186,2100,1892,1374,1458,1743,2100,1475,1408,1487,1474,1389,1451,100,0,0,0,0,0,0,0,0,0,0,0,0,65423.140869140625,128872.61437988281,192.3634033203125,100,0,335872,33210380288,8589930496,1991184384,0
200,1737286714386,2099,2039,1414,1400,1916,1997,1438,1465,1324,1463,1277,1378,100,0,0,0,0,0,0,0,0,0,0,0,0,65424.61114501953,128873.04992675781,192.3634033203125,100,0,335872,33210380288,8589930496,1982885888,0
200,1737286714587,2100,1690,1429,1420,2099,1926,1432,1463,1207,1447,1332,1449,100,0,0,0,0,0,0,0,0,0,0,0,0,65425.955078125,128873.427734375,192.3634033203125,50.209205627441406,0,335872,33210380288,8589930496,1982885888,0
200,1737286714787,2100,1865,400,902,400,400,1398,1205,1402,1358,400,400,100,0,0,0,0,0,0,0,0,0,0,0,0,65427.342224121094,128873.92272949219,192.3634033203125,100.41841125488281,0,335872,33210380288,8589930496,1982885888,0
200,1737286714987,2100,1689,1192,1426,1781,1756,1063,1275,1138,1086,1393,1417,100,0,0,0,0,0,0,0,0,0,0,0,0,65428.73614501953,128874.53210449219,192.3634033203125,100.41841125488281,0,335872,33210380288,8589930496,1986572288,0
177,1737286715210,2100,1773,400,400,1296,1761,1422,1336,1409,1307,989,400,100,0,0,0,0,0,0,0,0,0,0,4.34782600402832,0,65430.4296875,128875.24816894531,192.3634033203125,110.46025848388672,0,335872,33210380288,8589930496,1995370496,0
200,1737286715387,2100,2100,1457,1479,1755,1968,1433,1416,1473,1476,1358,1426,100,0,0,0,0,0,0,0,0,0,0,4.34782600402832,0,65431.666442871094,128875.7865600586,192.3634033203125,76.11940002441406,0,335872,33210380288,8589930496,1995317248,0
200,1737286715588,2100,2026,1462,1431,1944,2100,1317,1410,1404,1451,1178,1429,100,0,0,0,0,0,0,0,0,0,0,4.34782600402832,0,65433.130432128906,128876.4185180664,192.3634033203125,53.09734344482422,0,335872,33210380288,8589930496,1995317248,0
200,1737286715788,2099,2056,400,400,400,1866,1286,1045,1002,400,1160,400,100,0,0,0,0,0,0,0,0,0,0,4.34782600402832,0,65434.58435058594,128876.94763183594,192.3634033203125,105.4393310546875,0,335872,33210380288,8589930496,1983954944,0
200,1737286715988,2100,1670,400,400,1931,1931,1121,1213,1280,978,400,400,100,0,0,0,0,0,0,0,0,0,0,4.34782600402832,0,65436.018127441406,128877.36688232422,192.3634033203125,100.41841125488281,0,335872,33210380288,8589930496,1983954944,0
200,1737286716188,2100,1807,1370,1500,1913,2033,1456,1500,1499,1361,1185,1253,100,0,0,0,0,0,0,0,0,0,0,4.34782600402832,0,65437.631591796875,128877.89630126953,192.3634033203125,99.58505249023438,0,335872,33210380288,8589930496,1983954944,0
200,1737286716388,2099,2035,1398,1475,1823,2100,1499,1470,1433,1474,1336,1368,100,1.7241379022598267,0,0.8474576473236084,0.8474576473236084,0,0.8474576473236084,0.8474576473236084,1.6806724071502686,0,0,0,0,65439.29736328125,128878.47296142578,192.3634033203125,99.58505249023438,0,335872,33210380288,8589930496,1981317120,0
200,1737286716588,2100,554,400,400,1838,1831,1334,1431,1364,1435,400,400,100,0,0,0,0,0,0,0,0,0,0,0,0,65441.02764892578,128879.07159423828,192.3634033203125,100.41841125488281,0,335872,33210380288,8589930496,1981317120,0
200,1737286716789,2100,1951,400,400,400,1413,400,1499,1406,1468,915,1235,100,0,0,0,0,0,0,0,0,0,0,0,0,65442.448669433594,128879.49951171875,192.3634033203125,100.41841125488281,0,335872,33210380288,8589930496,1981317120,0
200,1737286716989,2100,2100,1469,1499,2100,2100,1500,1500,1500,1466,400,1468,100,0,0,0,0,0,4.761904716491699,0,0,0,0,0,0,65443.845947265625,128879.8994140625,192.3634033203125,100,0,335872,33210380288,8589930496,1981317120,0
200,1737286717189,2100,1707,1448,1415,2100,2099,1500,1500,400,1484,1374,1500,100,0,0,0,0,4.761904716491699,0,0,0,0,0,0,0,65445.328186035156,128880.33923339844,192.3634033203125,100.84033203125,0,335872,33210380288,8589930496,1981317120,0
200,1737286717389,2099,2100,1478,1500,2100,2100,1385,1499,1388,1394,400,1478,100,0,0,0,0,0,0,0,0,4.761904716491699,0,0,0,65446.65051269531,128880.70446777344,192.3634033203125,100,0,335872,33210380288,8589930496,1973133312,0
200,1737286717589,2100,2086,1398,1450,2062,2100,1416,1443,1434,1436,400,1288,100,0,4.761904716491699,0,0,0,0,0,0,4.761904716491699,0,0,0,65448.03796386719,128881.20611572266,192.3634033203125,100.41841125488281,0,335872,33210380288,8589930496,1973133312,0
200,1737286717789,2099,2054,1436,1380,1842,2000,1382,1414,1337,1423,400,1412,100,0,4.761904716491699,0,0,0,0,0,0,4.761904716491699,0,0,0,65449.43420410156,128881.82067871094,192.3634033203125,100,0,335872,33210380288,8589930496,1997463552,0
200,1737286717990,2100,2058,1453,1454,2100,1929,1203,1257,1301,1399,1386,1452,100,0,0,5,0,0,0,0,0,0,0,0,0,65450.961181640625,128882.46453857422,192.3634033203125,100.41841125488281,0,335872,33210380288,8589930496,1989689344,0
200,1737286718190,2100,2051,1405,1440,1837,1969,1363,1390,1398,1429,400,1470,100,0,0,0,0,4.761904716491699,0,0,0,0,0,0,0,65452.35205078125,128883.07373046875,192.3634033203125,100,0,335872,33210380288,8589930496,1989689344,0
199,1737286718390,2100,1818,1500,1334,1893,1852,1500,1499,1500,1500,1499,1476,100,0,0,0,0,4.761904716491699,0,0,0,0,0,0,0,65453.855407714844,128883.72827148438,192.3634033203125,50.31446838378906,0,335872,33210380288,8589930496,1993543680,0
200,1737286718590,2100,2099,1456,1454,1881,1626,1436,1462,1425,1482,1470,1469,100,0,0,0,0,4.761904716491699,0,0,0,0,0,0,0,65455.271057128906,128884.23803710938,192.3634033203125,100.41841125488281,0,335872,33210380288,8589930496,1984274432,0
200,1737286718790,2050,1790,1363,1330,1540,2016,1499,1405,1486,1456,1406,1470,100,0,0,0,0,4.761904716491699,0,0,0,0,0,0,0,65456.705322265625,128884.6537475586,192.3634033203125,100.41841125488281,0,335872,33210380288,8589930496,1984274432,0
200,1737286718990,2100,483,1225,1364,1956,400,400,1499,1399,1500,400,1500,100,0,0,0,0,4.761904716491699,0,0,0,0,0,0,0,65458.351013183594,128885.19213867188,192.3634033203125,100,0,335872,33210380288,8589930496,1984274432,0
200,1737286719191,2100,2066,1476,1419,2100,1841,1314,1330,1346,1251,1479,1456,100,0,0,0,0,4.761904716491699,0,0,0,0,0,0,0,65460.00305175781,128885.76287841797,192.3634033203125,100,0,335872,33210380288,8589930496,1984274432,0
200,1737286719391,2100,466,400,400,1726,400,1320,1332,400,1315,400,989,100,0,0,0,0,0,0,0,0,0,0,0,0,65461.73358154297,128886.36224365234,192.3634033203125,100,0,335872,33210380288,8589930496,1984249856,0
200,1737286719591,2100,2100,1454,1499,1953,2100,1430,1406,1499,1338,1480,1500,100,0,0,0,0,0,0,0,0,0,0,0,0,65463.149353027344,128886.78936767578,192.3634033203125,100.41841125488281,0,335872,33210380288,8589930496,1984249856,0
200,1737286719791,2100,1793,1447,1481,2100,2000,1499,1295,1408,1383,1414,1472,100,5,0,0,0,0,0,0,0,0,0,0,0,65464.528747558594,128887.18151855469,192.3634033203125,100.41841125488281,0,335872,33210380288,8589930496,1984249856,0
200,1737286719991,2099,1872,1462,1462,2100,2100,1475,1444,1463,1480,1231,1405,100,0,0,0,0,0,0,4.761904716491699,0,0,0,0,0,65466.01544189453,128887.626953125,192.3634033203125,100,0,335872,33210380288,8589930496,1984249856,0
200,1737286720191,2100,1607,1427,1406,1407,1478,1271,1335,1245,1294,1415,1316,100,0,0,0,0,4.761904716491699,0,0,0,0,4.761904716491699,0,0,65467.33544921875,128887.98889160156,192.3634033203125,100.41841125488281,0,335872,33210380288,8589930496,1984249856,0
200,1737286720392,2100,1930,1270,1442,1412,475,1333,1251,1021,801,1289,1478,100,0,0,0,0,0,0,0,4.761904716491699,0,0,0,0,65468.732177734375,128888.49285888672,192.3634033203125,100,0,335872,33210380288,8589930496,1976176640,0
200,1737286720592,2100,1890,1284,1124,1629,1639,1448,1418,1403,1443,1207,1131,100,0,0,0,0,0,0,0,4.761904716491699,0,0,0,0,65470.126037597656,128889.10717773438,192.364013671875,100.84033203125,0,335872,33210380288,8589930496,1992552448,0
200,1737286720792,2100,484,1319,1156,1407,1729,400,1024,400,400,1407,1416,100,5,0,0,0,0,0,0,0,0,0,0,0,65471.66101074219,128889.75915527344,192.364013671875,100,0,335872,33210380288,8589930496,1981489152,0
200,1737286720992,2100,2039,1478,1475,1970,2100,1470,1435,1457,1458,1440,1438,100,0,0,0,0,0,0,0,0,0,0,0,0,65473.054748535156,128890.3716430664,192.364013671875,100.41841125488281,0,335872,33210380288,8589930496,1981489152,0
200,1737286721192,2100,2007,1440,1460,1892,2100,1499,1444,400,1472,1452,1469,100,0,0,0,0,0,0,0,0,0,0,0,0,65474.53662109375,128891.01049804688,192.364013671875,100.41841125488281,0,335872,33210380288,8589930496,1997508608,0
199,1737286721393,2100,2049,1043,1038,1896,400,1452,400,1145,1436,400,875,100,0,0,0,4.761904716491699,0,4.761904716491699,0,0,0,0,0,0,65475.938537597656,128891.51947021484,192.364013671875,100.41841125488281,0,335872,33210380288,8589930496,1997508608,0
200,1737286721593,2100,590,1140,1276,1886,1600,1411,1422,400,1430,400,1219,100,0,4.761904716491699,0,0,0,0,0,0,4.761904716491699,0,4.761904716491699,0,65477.36682128906,128891.93737792969,192.364013671875,100.41841125488281,0,335872,33210380288,8589930496,1997508608,0
199,1737286721793,2100,1908,400,1424,2099,2099,1500,1401,1479,1478,400,1356,100,0,0,4.761904716491699,0,0,0,0,0,0,0,0,0,65478.967834472656,128892.45806884766,192.364013671875,100,0,335872,33210380288,8589930496,1997508608,0
200,1737286721993,2099,2100,1401,1466,1931,1879,400,1477,1500,1499,1341,1297,100,0,0,0,4.761904716491699,0,0,0,0,0,0,0,0,65480.63000488281,128893.03802490234,192.364013671875,100,0,335872,33210380288,8589930496,1997508608,0
200,1737286722193,2099,1923,1445,1463,2100,2020,1483,1481,1470,1426,400,1454,100,0,0,0,0,0,0,0,0,0,0,0,0,65482.35241699219,128893.63861083984,192.364013671875,100.84033203125,0,335872,33210380288,8589930496,1997508608,0
200,1737286722393,2100,2014,1173,1236,2100,1922,1500,1500,1500,1500,1299,1374,100,0,0,0,0,0,5,0,0,4.761904716491699,0,0,0,65483.79071044922,128894.08294677734,192.364013671875,100.84033203125,0,335872,33210380288,8589930496,1991528448,0
200,1737286722594,2100,1704,400,400,1128,1905,400,1168,1341,1442,400,400,100,0,0,0,0,9.090909004211426,0,0,0,0,0,0,0,65485.171875,128894.4775390625,192.364013671875,100.41841125488281,0,335872,33210380288,8589930496,1991528448,0
200,1737286722794,2100,2052,400,400,1361,703,1442,1308,1500,1430,400,400,100,0,0,0,0,0,0,0,0,0,0,0,0,65486.64196777344,128894.91564941406,192.364013671875,99.58505249023438,0,335872,33210380288,8589930496,1991528448,0
200,1737286722994,2099,1882,1464,1478,2099,2019,1499,1477,1500,1067,400,1462,100,0,0,0,0,0,0,0,0,0,0,0,0,65487.96533203125,128895.28112792969,192.364013671875,100.84033203125,0,335872,33210380288,8589930496,1991528448,0
200,1737286723194,2100,2099,1475,1451,2100,1966,1354,1393,1362,1379,1406,1304,100,0,0,0,0,0,0,0,0,0,0,0,0,65489.344787597656,128895.75848388672,192.364013671875,104.5643081665039,0,335872,33210380288,8589930496,1991528448,0
200,1737286723394,2100,551,1235,1029,1652,1722,400,400,400,400,400,1443,100,0,0,0,0,0,0,0,0,0,0,0,0,65490.733825683594,128896.36853027344,192.364013671875,95.39749145507813,0,335872,33210380288,8589930496,1991753728,0
200,1737286723594,2099,1999,1382,1440,1962,2100,1340,1227,1248,1384,1417,1444,100,4.761904716491699,0,0,0,0,0,4.761904716491699,4.761904716491699,0,0,0,0,65492.26727294922,128897.02099609375,192.364013671875,106.32911682128906,0,335872,33210380288,8589930496,1969328128,0
200,1737286723794,2099,2040,1430,1164,1802,1798,1381,1355,1473,1462,1240,1198,100,0,0,0,0,0,0,0,0,0,0,0,0,65493.661376953125,128897.63348388672,192.364013671875,99.58505249023438,0,335872,33210380288,8589930496,1969328128,0
200,1737286723995,2099,1961,1460,1470,1964,1941,1409,1470,1420,1403,1381,1382,100,0,0,0,0,0,0,0,0,0,0,0,0,65495.15344238281,128898.283203125,192.364013671875,95.39749145507813,0,335872,33210380288,8589930496,1993555968,0
199,1737286724195,2100,495,1324,1469,1916,1918,1303,1338,1307,1500,400,400,100,0,0,0,0,0,0,0,0,0,0,0,0,65496.561096191406,128898.82006835938,192.364013671875,52.71966552734375,0,335872,33210380288,8589930496,1993555968,0
200,1737286724395,2100,2033,1440,1255,1903,1719,1325,1425,1392,1280,400,1423,100,1.6949152946472168,0,0,0,0,0,0,0,0,0,0,0,65497.978576660156,128899.23510742188,192.364013671875,50.209205627441406,0,335872,33210380288,8589930496,1993555968,0
200,1737286724595,2100,1976,1475,1421,2099,2100,1500,1500,400,1479,1476,1486,100,0,0,0,0,0,0,4.761904716491699,0,0,4.761904716491699,0,0,65499.54968261719,128899.74407958984,192.364013671875,100.41841125488281,0,335872,33210380288,8589930496,1993555968,0
200,1737286724795,2100,1958,1441,1378,2100,1758,1479,1308,1477,1477,1471,1448,100,0,0,0,0,0,4.761904716491699,0,0,0,0,0,0,65501.23376464844,128900.33715820313,192.364013671875,100.41841125488281,0,335872,33210380288,8589930496,1993555968,0
200,1737286724995,2099,1684,843,400,1925,1864,400,1463,1429,1449,400,400,100,0,0,0,0,0,0,0,0,0,0,0,0,65502.93151855469,128900.92077636719,192.364013671875,99.58505249023438,0,335872,33210380288,8589930496,1993555968,0
199,1737286725196,2100,2100,1500,400,2099,1899,1499,1423,1500,1499,1499,1460,100,0,0,4.761904716491699,0,0,0,0,0,4.761904716491699,0,0,0,65504.41052246094,128901.39270019531,192.364013671875,100.41841125488281,0,335872,33210380288,8589930496,1993555968,0
200,1737286725396,2100,2050,1374,1484,1887,400,1291,400,1077,1104,400,1428,100,0,0,4.761904716491699,0,0,0,0,0,4.761904716491699,0,0,0,65505.78991699219,128901.79266357422,192.364013671875,100.41841125488281,0,335872,33210380288,8589930496,1992957952,0
200,1737286725596,2100,1923,400,400,1220,1914,1336,1306,400,1385,1393,1010,100,0,0,0,4.761904716491699,0,0,0,0,0,0,0,0,65507.238525390625,128902.22229003906,192.364013671875,100.84033203125,0,335872,33210380288,8589930496,1992658944,0
200,1737286725796,2100,2099,1460,1427,2100,1988,1407,1359,1401,1398,1421,1444,100,0,0,0,4.761904716491699,5,0,0,4.761904716491699,0,0,4.761904716491699,0,65508.59356689453,128902.60638427734,192.364013671875,100,0,335872,33210380288,8589930496,1992658944,0
200,1737286725996,2099,1390,1238,1404,1954,1922,1471,1457,1432,400,1214,1429,100,0,0,0,0,0,0,0,0,0,0,0,0,65509.984436035156,128903.05731201172,192.364013671875,100.41841125488281,0,335872,33210380288,8589930496,1992658944,0
200,1737286726196,2100,2054,1419,1452,2100,2003,1392,1387,1412,1397,1475,400,100,0,0,0,0,0,0,0,0,0,0,0,0,65511.36389160156,128903.66259765625,192.364013671875,95.39749145507813,0,335872,33210380288,8589930496,1992658944,0
200,1737286726397,2100,558,1201,1235,1897,2100,1477,1415,1417,1433,400,1388,100,0,0,0,0,0,0,0,0,0,0,0,0,65512.903747558594,128904.31811523438,192.364013671875,52.71966552734375,0,335872,33210380288,8589930496,1965322240,0
200,1737286726597,2099,1769,1402,1306,1838,1604,1244,1309,400,1308,400,1449,100,0,0,0,0,0,0,0,0,0,0,0,0,65514.29034423828,128904.92852783203,192.364013671875,95.39749145507813,0,335872,33210380288,8589930496,1965322240,0
200,1737286726797,2100,1363,1186,1168,1624,1543,1375,1220,1390,944,1069,972,100,0,0,0,0,0,0,0,0,0,0,0,0,65515.767517089844,128905.56787109375,192.364013671875,105.4393310546875,0,335872,33210380288,8589930496,1998020608,0
200,1737286726997,2100,2100,1413,1499,2010,1971,1479,1311,1405,1478,1411,1478,100,0,0,0,0,0,0,0,0,0,0,0,0,65517.198303222656,128906.15051269531,192.364013671875,99.1735610961914,0,335872,33210380288,8589930496,1998020608,0
200,1737286727197,2100,1296,1301,1302,1770,400,1448,1500,1499,1481,1334,1320,100,0,0,0,0,0,0,0,0,0,0,0,0,65518.606994628906,128906.55480957031,192.364013671875,100.41841125488281,0,335872,33210380288,8589930496,1998020608,0
200,1737286727397,2100,1986,1433,1489,2099,2100,400,1500,1499,1500,1375,1425,100,0,0,0,0,0,0,0,0,0,0,0,0,65520.14520263672,128907.05389404297,192.364013671875,100.41841125488281,0,335872,33210380288,8589930496,1998020608,0
200,1737286727598,2100,1841,1379,1464,2100,2100,1500,1499,1357,400,1466,1429,100,0,0,0,0,0,0,0,0,0,0,0,0,65521.83972167969,128907.6509399414,192.364013671875,100.41841125488281,0,335872,33210380288,8589930496,1998020608,0
200,1737286727798,2100,533,1241,1079,1814,1900,1408,1264,1471,400,1135,1349,100,0,0,0,0,0,0,0,0,0,0,0,0,65523.49548339844,128908.19818115234,192.364013671875,100.41841125488281,0,335872,33210380288,8589930496,1998020608,0
199,1737286727998,2100,1966,1474,1500,1929,1735,1358,1455,1373,1419,1499,1499,100,0,0,0,0,0,0,0,0,0,0,0,0,65525.05126953125,128908.7289428711,192.364013671875,50.10437774658203,0,335872,33210380288,8589930496,1998020608,0
200,1737286728198,2100,2001,1449,1194,1879,1670,1215,1401,1261,1419,400,400,100,0,0,0,0,0,0,0,0,0,0,0,0,65526.43865966797,128909.12561035156,192.364013671875,50.10437774658203,0,335872,33210380288,8589930496,1998020608,0
200,1737286728398,2100,2100,1469,1392,1980,2100,1440,1475,1499,1414,400,1479,100,0,0,0,0,0,0,0,0,0,0,0,0,65527.85479736328,128909.53924560547,192.364013671875,50.209205627441406,0,335872,33210380288,8589930496,1998020608,0
200,1737286728598,2100,1636,400,1047,1831,2100,1467,1499,400,1500,400,1105,100,0,0,0,0,0,0,0,0,0,0,0,0,65529.24523925781,128909.9437866211,192.364013671875,100.41841125488281,0,335872,33210380288,8589930496,1998020608,0
200,1737286728798,2100,2003,1321,1328,1909,2099,1463,1497,1394,1441,1295,1462,100,0,0,0,0,0,0,0,0,0,0,0,0,65530.5927734375,128910.32116699219,192.364013671875,100.41841125488281,0,335872,33210380288,8589930496,1998020608,0
200,1737286728999,2100,2068,1424,1371,1901,2100,1465,1298,1347,1439,400,1413,100,0,0,4.761904716491699,0,4.761904716491699,0,0,0,0,0,0,0,65531.9921875,128910.93249511719,192.364013671875,100,0,335872,33210380288,8589930496,1998020608,0
200,1737286729199,2100,2050,1421,1435,1954,1961,1456,1432,1380,1439,1389,400,100,0,0,4.761904716491699,0,4.761904716491699,0,0,0,0,0,0,0,65533.508544921875,128911.5728149414,192.364013671875,95.39749145507813,0,335872,33210380288,8589930496,1976492032,0
199,1737286729399,2099,1848,1430,1443,1817,1918,1289,1444,1221,1440,1270,1438,100,0,0,0,0,0,0,4.761904716491699,0,0,0,0,0,65534.90606689453,128912.19018554688,192.364013671875,100.84033203125,0,335872,33210380288,8589930496,1976279040,0
200,1737286729599,2100,2100,1421,1419,2100,2100,1450,1500,1499,1483,400,1420,100,0,0,0,0,0,0,0,0,5,0,0,0,65536.34765625,128912.81774902344,192.364013671875,104.99999237060547,0,335872,33210380288,8589930496,1992536064,0
199,1737286729799,2100,1894,1500,1499,2099,1973,1444,1382,1476,950,1472,1500,100,0,0,0,0,0,4.761904716491699,0,0,0,0,0,0,65537.82580566406,128913.45001220703,192.364013671875,100,0,335872,33210380288,8589930496,1983565824,0
200,1737286729999,2100,1902,1471,1476,1955,2099,1500,1500,1500,1499,1472,1415,100,0,0,0,0,0,0,0,0,4.761904716491699,0,0,0,65539.205078125,128913.87438964844,192.364013671875,100.41841125488281,0,335872,33210380288,8589930496,1983565824,0
200,1737286730199,2100,1849,1461,1457,1997,1993,1380,1470,1341,1429,1328,1295,100,0,4.761904716491699,0,0,0,4.761904716491699,0,0,0,0,4.761904716491699,0,65540.68029785156,128914.32684326172,192.364013671875,100.84033203125,0,335872,33210380288,8589930496,1983565824,0
200,1737286730400,2100,1983,400,400,1800,1327,1458,1399,1453,1470,669,400,100,0,0,0,0,0,0,0,0,0,0,0,0,65542.37060546875,128914.90747070313,192.364013671875,100,0,335872,33210380288,8589930496,1983500288,0
200,1737286730600,2100,1885,1419,1448,1342,1801,1253,1149,1201,1341,1450,1445,100,0,0,0,0,0,0,0,0,0,0,0,0,65544.03576660156,128915.48248291016,192.3646240234375,100.41841125488281,0,335872,33210380288,8589930496,1983500288,0
200,1737286730800,2100,556,1398,1500,2057,1820,1500,1425,1500,1500,1391,1500,100,0,0,0,0,0,0,0,4.761904716491699,0,0,0,0,65545.74005126953,128916.08612060547,192.3646240234375,99.58505249023438,0,335872,33210380288,8589930496,1983500288,0
200,1737286731000,2100,1857,1341,1391,1994,1985,1475,1500,1413,1471,1330,1463,100,0,0,0,0,4.761904716491699,0,0,0,0,0,0,0,65547.08276367188,128916.455078125,192.3646240234375,100.41841125488281,0,335872,33210380288,8589930496,1983500288,0
200,1737286731200,2100,2094,1357,1379,2100,1877,1384,1306,1371,1310,1445,1378,100,0,0,0,0,4.761904716491699,0,0,0,0,0,0,0,65548.4814453125,128916.85626220703,192.3646240234375,100.41841125488281,0,335872,33210380288,8589930496,1983500288,0
200,1737286731400,2099,2023,1474,1500,2099,2100,400,1413,1414,1464,1237,1500,100,0,0,0,0,0,0,0,0,0,0,0,0,65549.95733642578,128917.29833984375,192.3646240234375,100,0,335872,33210380288,8589930496,1983496192,0
200,1737286731601,2099,2053,1465,1442,1908,1975,1403,1462,1472,1476,1324,1482,100,0,0,0,0,0,0,0,0,0,0,0,0,65551.27728271484,128917.65832519531,192.3646240234375,100.41841125488281,0,335872,33210380288,8589930496,1983496192,0
200,1737286731801,2100,517,1431,1430,2029,2100,1442,1500,1420,1500,1424,1474,100,0,0,0,0,0,0,0,0,0,0,0,0,65552.68341064453,128918.18572998047,192.3646240234375,50.209205627441406,0,335872,33210380288,8589930496,1983496192,0
200,1737286732001,2099,2100,1457,1468,1838,1772,1500,1485,1499,1481,1348,1430,100,0,0,0,0,0,0,0,0,0,0,0,0,65554.17785644531,128918.8296508789,192.3646240234375,95,0,335872,33210380288,8589930496,1999753216,0
200,1737286732201,2099,2100,1500,1431,2100,2100,1500,1499,1499,1446,1500,1499,100,1.2820513248443604,0,1.2345678806304932,0,0,0,0,0,0,0,0,0,65555.61065673828,128919.4478149414,192.3646240234375,104.99999237060547,0,335872,33210380288,8589930496,1983307776,0
200,1737286732401,2100,1236,1356,1381,1515,1785,1451,1430,1433,1476,400,1377,100,0,0,0,0,0,0,4.761904716491699,0,0,0,0,0,65557.04083251953,128920.07135009766,192.3646240234375,100.84033203125,0,335872,33210380288,8589930496,1999400960,0
200,1737286732602,2100,1631,400,400,1798,1439,400,1408,1445,1368,400,400,100,0,0,0,0,0,0,4.761904716491699,0,0,0,0,0,65558.54522705078,128920.70495605469,192.3646240234375,100.41841125488281,0,335872,33210380288,8589930496,1989234688,0
200,1737286732802,2099,1755,1429,1499,2100,1986,1404,1499,1500,1500,1497,1221,100,5,0,0,0,0,4.761904716491699,0,4.761904716491699,4.761904716491699,4.761904716491699,0,0,65559.92663574219,128921.22247314453,192.3646240234375,100,0,335872,33210380288,8589930496,1989234688,0
200,1737286733002,2099,1092,1442,1001,1761,1760,1385,1380,1210,400,1442,1103,100,5,0,0,0,0,4.761904716491699,0,4.761904716491699,4.761904716491699,4.761904716491699,0,0,65561.34307861328,128921.6312866211,192.3646240234375,99.1735610961914,0,335872,33210380288,8589930496,1989234688,0
200,1737286733202,2100,1985,1500,1401,1745,1905,1446,1470,1396,1435,1395,1411,100,5,0,0,0,0,4.761904716491699,0,4.761904716491699,4.761904716491699,4.761904716491699,0,0,65562.95324707031,128922.15539550781,192.3646240234375,50.31446838378906,0,335872,33210380288,8589930496,1989234688,0
200,1737286733402,2100,2100,1500,1479,1818,1963,1468,1478,1419,1419,1240,400,100,5,0,0,0,0,4.761904716491699,0,4.761904716491699,4.761904716491699,4.761904716491699,0,0,65564.62921142578,128922.7421875,192.3646240234375,100,0,335872,33210380288,8589930496,1988952064,0
200,1737286733603,2100,1873,1427,1349,1501,1899,1350,1352,1285,1309,1471,1500,100,5,0,0,0,0,4.761904716491699,0,4.761904716491699,4.761904716491699,4.761904716491699,0,0,65566.31884765625,128923.31414794922,192.3646240234375,100.41841125488281,0,335872,33210380288,8589930496,1988952064,0
200,1737286733803,2100,1902,400,1436,2100,2100,1500,1499,1499,1500,1500,1436,100,5,0,0,0,0,4.761904716491699,0,4.761904716491699,4.761904716491699,4.761904716491699,0,0,65567.8134765625,128923.80017089844,192.3646240234375,100,0,335872,33210380288,8589930496,1988952064,0
200,1737286734003,2100,1842,1439,400,2016,1825,1500,1252,1499,1500,984,1443,100,5,0,0,0,0,4.761904716491699,0,4.761904716491699,4.761904716491699,4.761904716491699,0,0,65569.19909667969,128924.19140625,192.3646240234375,99.58505249023438,0,335872,33210380288,8589930496,1988952064,0
200,1737286734203,2100,2100,1410,1476,2099,2099,1485,1414,1450,1416,1425,1471,100,5,0,0,0,0,4.761904716491699,0,4.761904716491699,4.761904716491699,4.761904716491699,0,0,65570.65051269531,128924.61962890625,192.3646240234375,100,0,335872,33210380288,8589930496,1988952064,0
200,1737286734403,2100,2100,1442,1476,2100,2064,1408,1297,1381,1391,1414,1470,100,5,0,0,0,0,4.761904716491699,0,4.761904716491699,4.761904716491699,4.761904716491699,0,0,65572.02429199219,128925.01379394531,192.3646240234375,100,0,335872,33210380288,8589930496,1988952064,0
200,1737286734603,2100,1965,1226,1270,1887,1632,1408,1400,1394,1352,1168,1189,100,4.761904716491699,0,0,0,0,0,4.761904716491699,0,0,0,0,0,65573.39630126953,128925.39965820313,192.3646240234375,105.8823471069336,0,335872,33210380288,8589930496,1988952064,0
200,1737286734804,2099,445,1270,1031,1849,1967,400,400,1357,1458,400,971,100,0,0,0,0,5,0,0,0,0,0,0,0,65574.8296508789,128926.02331542969,192.3646240234375,95,0,335872,33210380288,8589930496,1992822784,0
200,1737286735004,2099,1929,1499,1427,2100,2024,1355,1429,1447,1445,1500,1499,100,0,0,0,0,0,0,0,0,0,0,0,0,65576.32110595703,128926.6547241211,192.3646240234375,100.84033203125,0,335872,33210380288,8589930496,1975181312,0
200,1737286735204,2100,1906,1329,1338,1862,1511,1238,980,940,1042,1272,1363,100,0,0,0,0,0,0,0,0,0,0,0,0,65577.71276855469,128927.26452636719,192.3646240234375,104.99999237060547,0,335872,33210380288,8589930496,1978920960,0
200,1737286735404,2100,2099,1430,1451,1922,1859,1471,1500,1452,1500,400,1500,100,0,0,0,0,0,0,0,0,0,0,0,0,65579.22814941406,128927.9052734375,192.3646240234375,47.69874572753906,0,335872,33210380288,8589930496,1999564800,0
200,1737286735604,2100,1705,1364,1369,2075,1983,1472,1500,1455,1500,1305,1330,100,0,0,0,0,0,0,0,0,0,0,0,0,65580.64044189453,128928.52001953125,192.3646240234375,105.4393310546875,0,335872,33210380288,8589930496,1987604480,0
200,1737286735804,2100,2035,1299,1296,2100,2002,1500,1393,1455,1480,1282,1268,100,0,0,0,0,0,0,0,0,0,0,0,0,65582.03131103516,128928.96655273438,192.3646240234375,100.41841125488281,0,335872,33210380288,8589930496,1987604480,0
200,1737286736005,2099,2100,1311,1413,1782,1923,1334,1078,1192,1109,1246,1370,100,5,0,0,4.761904716491699,0,4.761904716491699,0,0,0,0,0,0,65583.49401855469,128929.40783691406,192.3646240234375,100.41841125488281,0,335872,33210380288,8589930496,1987604480,0
200,1737286736205,2100,1837,400,400,940,1954,1443,1402,1331,1424,400,1059,100,0,0,0,0,0,0,0,0,0,0,0,0,65585.15576171875,128929.96179199219,192.3646240234375,100,0,335872,33210380288,8589930496,1987604480,0
200,1737286736405,2100,2099,1476,1437,2100,2100,1416,1409,1406,400,400,1283,100,0,4.761904716491699,4.761904716491699,0,4.761904716491699,0,4.761904716491699,4.761904716491699,0,0,4.761904716491699,0,65586.81066894531,128930.53155517578,192.3646240234375,100.84033203125,0,335872,33210380288,8589930496,1987457024,0
200,1737286736605,2100,508,1465,1441,1907,2100,1403,1500,1457,400,1469,1473,100,0,0,0,0,0,0,0,0,0,0,0,0,65588.5394897461,128931.14416503906,192.3646240234375,100,0,335872,33210380288,8589930496,1987457024,0
200,1737286736805,2100,1963,1439,1431,1692,2100,1403,1335,1421,1400,1500,1450,100,0,0,0,4.761904716491699,0,0,0,4.761904716491699,0,0,0,0,65589.91491699219,128931.54425048828,192.3646240234375,100.41841125488281,0,335872,33210380288,8589930496,1987457024,0
200,1737286737006,2100,2034,1171,1276,1923,1529,1447,1459,1500,1470,1209,1264,100,0,0,0,0,0,0,0,0,0,0,0,0,65591.30352783203,128931.94104003906,192.3646240234375,100,0,335872,33210380288,8589930496,1987457024,0
200,1737286737206,2100,2100,400,400,1821,2017,1322,1331,1316,1376,400,889,100,0,0,0,0,0,0,0,0,0,0,0,0,65592.78973388672,128932.38635253906,192.3646240234375,100.41841125488281,0,335872,33210380288,8589930496,1987457024,0
200,1737286737406,2100,2100,1499,1457,2100,2100,1454,1500,1416,1374,1336,1423,100,0,0,0,0,0,0,0,0,0,0,0,0,65594.10864257813,128932.74975585938,192.3646240234375,100,0,335872,33210380288,8589930496,1987457024,0
200,1737286737606,2100,2099,1418,1446,1964,2007,1428,1499,1470,1463,1261,1278,100,5,0,0,0,4.761904716491699,0,0,0,0,0,0,0,65595.5025024414,128933.1976928711,192.3646240234375,99.58505249023438,0,335872,33210380288,8589930496,1987457024,0
200,1737286737806,2100,2100,1472,1436,1988,400,1447,1395,1448,400,1500,1465,100,5,0,0,0,4.761904716491699,0,0,0,0,0,0,0,65596.99987792969,128933.83520507813,192.3646240234375,95.39749145507813,0,335872,33210380288,8589930496,1995444224,0
200,1737286738007,2100,2060,1451,1467,893,598,1305,1159,1309,400,1499,1449,100,5,0,0,0,4.761904716491699,0,0,0,0,0,0,0,65598.43859863281,128934.45703125,192.3646240234375,50.209205627441406,0,335872,33210380288,8589930496,1976606720,0
200,1737286738207,2100,2053,1479,1468,1942,2099,1463,1443,1447,1379,400,1478,100,5,0,0,0,4.761904716491699,0,0,0,0,0,0,0,65599.84802246094,128935.06951904297,192.3646240234375,50.209205627441406,0,335872,33210380288,8589930496,1992597504,0
200,1737286738407,2099,1483,1150,1240,1790,1784,1363,1368,1413,1447,1147,1139,100,5,0,0,0,4.761904716491699,0,0,0,0,0,0,0,65601.36224365234,128935.71502685547,192.3646240234375,50.10437774658203,0,335872,33210380288,8589930496,1983029248,0
199,1737286738607,2099,494,400,1499,400,1293,1290,1262,1299,1042,400,1267,100,5,0,0,0,4.761904716491699,0,0,0,0,0,0,0,65602.75610351563,128936.32409667969,192.3646240234375,100.84033203125,0,335872,33210380288,8589930496,1983029248,0
199,1737286738807,2100,1949,1376,1398,2100,2100,1478,1383,1417,1479,400,1473,100,5,0,0,0,4.761904716491699,0,0,0,0,0,0,0,65604.14642333984,128936.73706054688,192.3646240234375,99.58505249023438,0,335872,33210380288,8589930496,1983029248,0
200,1737286739007,2099,1841,1499,1500,1993,1736,1499,1500,1499,1427,1398,1499,100,5,0,0,0,4.761904716491699,0,0,0,0,0,0,0,65605.623046875,128937.1900024414,192.3646240234375,100.41841125488281,0,335872,33210380288,8589930496,1983029248,0
200,1737286739207,2100,2039,1499,1499,1894,1987,1434,1445,1278,1435,1473,1460,100,5,0,0,0,4.761904716491699,0,0,0,0,0,0,0,65607.30670166016,128937.76373291016,192.3646240234375,100.41841125488281,0,335872,33210380288,8589930496,1983029248,0
200,1737286739408,2100,1643,400,400,2100,1523,1386,1435,1385,1369,1057,1293,100,5,0,0,0,4.761904716491699,0,0,0,0,0,0,0,65608.9673461914,128938.33972167969,192.3646240234375,100.41841125488281,0,335872,33210380288,8589930496,1982779392,0
200,1737286739608,2099,1649,400,400,1347,1842,1412,1417,1431,1451,400,400,100,5,0,0,0,4.761904716491699,0,0,0,0,0,0,0,65610.66906738281,128938.93524169922,192.3646240234375,100.41841125488281,0,335872,33210380288,8589930496,1982779392,0
200,1737286739808,2099,1794,1370,1311,2100,1857,1397,1394,1484,1500,1293,1465,100,5,0,0,0,4.761904716491699,0,0,0,0,0,0,0,65612.05334472656,128939.33996582031,192.3646240234375,100,0,335872,33210380288,8589930496,1982779392,0
200,1737286740008,2099,2100,1472,1499,1836,1987,1435,1446,1472,1500,1500,1461,100,5,0,0,0,4.761904716491699,0,0,0,0,0,0,0,65613.44995117188,128939.7421875,192.3646240234375,105.4393310546875,0,335872,33210380288,8589930496,1982779392,0
200,1737286740208,2100,1977,1404,1452,1996,1975,1472,1473,1428,1429,1377,1352,100,5,0,0,0,4.761904716491699,0,0,0,0,0,0,0,65614.9252319336,128940.18182373047,192.3646240234375,100.41841125488281,0,335872,33210380288,8589930496,1982779392,0
200,1737286740409,2100,2050,1221,1217,2100,1915,1414,1373,1381,1355,1071,1381,100,0,0,0,0,0,0,0,0,0,0,0,0,65616.26922607422,128940.56280517578,192.3646240234375,100,0,335872,33210380288,8589930496,1982779392,0
200,1737286740609,2100,2100,400,400,1916,1971,1444,1372,1340,1272,799,400,100,0,0,0,0,0,0,0,0,0,0,0,0,65617.6469116211,128940.98620605469,192.3646240234375,95.39749145507813,0,335872,33210380288,8589930496,1986650112,0
200,1737286740809,2100,2001,1459,1386,1798,1814,1325,1428,1049,1457,845,1442,100,0,0,0,0,4.761904716491699,0,0,5,0,0,0,0,65619.18591308594,128941.63513183594,192.3646240234375,100,0,335872,33210380288,8589930496,1980796928,0
200,1737286741009,2099,1773,400,400,1649,1848,1196,1415,1408,1320,400,400,100,0,0,0,0,4.761904716491699,0,0,5,0,0,0,0,65620.587890625,128942.2490234375,192.3646240234375,52.60960388183594,0,335872,33210380288,8589930496,1980796928,0
200,1737286741209,2100,1867,1391,1418,1743,1864,1471,1499,1500,1499,1324,1500,100,0,0,0,0,4.761904716491699,0,0,5,0,0,0,0,65622.048828125,128942.88049316406,192.3646240234375,100,0,335872,33210380288,8589930496,1996926976,0
200,1737286741409,2099,1741,1340,1030,2100,1890,1458,1407,1418,1344,1228,1384,100,0,0,0,0,4.761904716491699,0,0,5,0,0,0,0,65623.49914550781,128943.49530029297,192.3646240234375,100.41841125488281,0,335872,33210380288,8589930496,1985859584,0
200,1737286741610,2100,1622,1323,1235,400,865,1465,1425,1461,1450,1500,400,100,0,0,0,0,4.761904716491699,0,0,5,0,0,0,0,65624.9076538086,128944.1123046875,192.3646240234375,100.41841125488281,0,335872,33210380288,8589930496,1987473408,0
200,1737286741810,2100,2100,1433,1408,1840,544,1500,1428,1500,1499,1438,1439,100,0,0,0,0,4.761904716491699,0,0,5,0,0,0,0,65626.43701171875,128944.75360107422,192.3646240234375,99.58505249023438,0,335872,33210380288,8589930496,1993666560,0
200,1737286742010,2100,2013,1475,1467,2100,1922,1468,1499,1500,1285,666,1477,100,0,0,0,0,4.761904716491699,0,0,5,0,0,0,0,65627.8218383789,128945.15216064453,192.3646240234375,100.41841125488281,0,335872,33210380288,8589930496,1993666560,0
200,1737286742210,2100,2100,1474,1350,2100,1977,1477,1466,1483,1499,400,400,100,0,0,0,0,4.761904716491699,0,0,5,0,0,0,0,65629.3335571289,128945.62255859375,192.3646240234375,100.41841125488281,0,335872,33210380288,8589930496,1993666560,0
200,1737286742410,2100,1904,1463,1424,2099,1937,1482,1482,1427,1434,1334,1490,100,0,0,0,0,4.761904716491699,0,0,5,0,0,0,0,65631.0453491211,128946.22119140625,192.3646240234375,100.41841125488281,0,335872,33210380288,8589930496,1988280320,0
200,1737286742610,2100,2003,1223,1236,2100,1841,1326,1391,1371,1345,1156,1227,100,0,0,0,0,4.761904716491699,0,0,5,0,0,0,0,65632.69030761719,128946.7681274414,192.3646240234375,100.41841125488281,0,335872,33210380288,8589930496,1988280320,0
200,1737286742810,2100,1989,1405,1338,2049,1968,1343,1398,1439,1468,1267,1230,100,0,0,0,0,4.761904716491699,0,0,5,0,0,0,0,65634.28326416016,128947.30493164063,192.3646240234375,100.41841125488281,0,335872,33210380288,8589930496,1988280320,0
200,1737286743011,2100,2044,1386,1443,1979,2100,1276,1243,1215,1194,1254,1386,100,0.8510637879371643,0.4166666865348816,0.8298755884170532,0.8333333730697632,0.4184100329875946,0.8333333730697632,0.8298755884170532,0.4166666865348816,0.8298755884170532,0.8298755884170532,0,0,65635.6655883789,128947.69647216797,192.3646240234375,100.41841125488281,0,335872,33210380288,8589930496,1988280320,0
199,1737286743211,2099,555,1134,1285,950,1935,1417,1425,1343,1370,1263,1118,100,0,4.761904716491699,0,0,0,0,0,0,0,0,0,0,65637.10607910156,128948.12634277344,192.365234375,100,0,335872,33210380288,8589930496,1988280320,0
200,1737286743411,2100,2075,1475,1500,2100,400,1500,1500,1500,1499,790,1363,100,0,0,0,0,0,0,0,0,0,0,0,0,65638.4867553711,128948.51690673828,192.365234375,100,0,335872,33210380288,8589930496,1979965440,0
200,1737286743611,2100,1856,1397,1334,1761,1526,1239,1199,1274,1403,1432,1379,100,0,0,0,0,0,0,0,0,0,0,0,0,65639.845703125,128948.92767333984,192.365234375,100.41841125488281,0,335872,33210380288,8589930496,1979965440,0
200,1737286743811,2099,551,400,1071,400,400,400,400,400,400,1081,821,100,0,0,0,0,0,0,0,0,0,0,0,0,65641.24572753906,128949.54583740234,192.365234375,100.41841125488281,0,335872,33210380288,8589930496,1979965440,0
200,1737286744011,2100,2085,1476,1473,1930,1947,1388,1462,1384,1409,400,1438,100,0,0,4.761904716491699,0,0,0,0,0,0,0,4.761904716491699,0,65642.73211669922,128950.18688964844,192.365234375,100.41841125488281,0,335872,33210380288,8589930496,1996038144,0
200,1737286744212,2100,1852,400,400,1385,2100,400,1457,1424,1423,400,400,100,0,0,0,0,0,0,0,0,0,0,0,0,65644.18054199219,128950.80163574219,192.365234375,100,0,335872,33210380288,8589930496,1992151040,0
200,1737286744412,2100,544,1272,400,1810,400,1369,1306,400,1410,1394,400,100,0,0,0,0,0,0,0,0,0,0,0,0,65645.56341552734,128951.41613769531,192.365234375,100.84033203125,0,335872,33210380288,8589930496,1992073216,0
200,1737286744612,2100,1696,1499,1429,1748,1817,1398,1421,1403,1301,400,1421,100,5,0,0,4.761904716491699,0,0,0,0,0,0,0,0,65647.0806274414,128952.04150390625,192.365234375,95,0,335872,33210380288,8589930496,1981607936,0
200,1737286744812,2099,2100,1465,1410,2099,2011,1480,1423,400,1499,1381,1420,100,4.761904716491699,0,0,0,4.761904716491699,0,0,0,5,0,0,0,65648.49060058594,128952.45458984375,192.365234375,100,0,335872,33210380288,8589930496,1981607936,0
200,1737286745012,2100,1614,1338,1360,1741,2036,1499,1499,1499,1500,1250,1281,100,0,0,0,0,4.761904716491699,5,4.761904716491699,4.761904716491699,0,0,0,0,65650.01538085938,128952.93133544922,192.365234375,104.99999237060547,0,335872,33210380288,8589930496,1981607936,0
200,1737286745213,2100,1981,1206,1500,2099,1917,1500,1499,1500,1500,1499,1349,100,0,0,0,0,0,0,4.761904716491699,0,4.761904716491699,0,0,0,65651.71118164063,128953.5307006836,192.365234375,100.41841125488281,0,335872,33210380288,8589930496,1981607936,0
200,1737286745413,2100,2010,400,1500,1802,2043,1500,1500,1499,1499,1499,1497,100,0,0,0,0,0,0,0,0,0,0,0,0,65653.37133789063,128954.07922363281,192.365234375,100.41841125488281,0,335872,33210380288,8589930496,1979076608,0
199,1737286745613,2100,1649,400,1486,1778,1908,400,400,1173,1321,400,1353,100,0,0,0,0,0,0,0,0,0,0,0,0,65654.91619873047,128954.60284423828,192.365234375,100.41841125488281,0,335872,33210380288,8589930496,1979076608,0
200,1737286745813,2099,1876,1318,1429,2100,2024,1406,1499,1421,1499,1354,1299,100,0,0,0,0,0,0,0,0,0,0,0,0,65656.29705810547,128954.99267578125,192.365234375,100,0,335872,33210380288,8589930496,1979076608,0
200,1737286746013,2100,1885,1499,1478,2100,1879,1390,1500,1499,1412,400,1476,100,0,0,0,0,0,0,0,0,0,0,0,0,65657.75903320313,128955.4302368164,192.365234375,100,0,335872,33210380288,8589930496,1979076608,0
200,1737286746213,2100,2006,1478,1500,1885,1879,1370,1424,1465,1374,1477,1460,100,0,0,0,0,0,0,0,0,0,0,0,0,65659.10852050781,128955.80712890625,192.365234375,100.41841125488281,0,335872,33210380288,8589930496,1979076608,0
200,1737286746413,2099,2010,1401,1466,2005,2100,1379,1383,1431,1431,1408,1444,100,0,0,0,0,0,0,0,0,0,0,0,0,65660.4927368164,128956.232421875,192.365234375,100,0,335872,33210380288,8589930496,1971290112,0
200,1737286746614,2100,1863,1111,1161,1520,1704,1416,1288,1375,1407,1146,1156,100,0,0,0,0,0,0,0,0,0,0,0,0,65661.8759765625,128956.83917236328,192.365234375,50.209205627441406,0,335872,33210380288,8589930496,1972854784,0
200,1737286746814,2100,2035,400,400,958,1524,1273,1500,1403,1399,400,766,100,0,0,0,0,0,0,0,0,0,0,0,0,65663.36999511719,128957.48028564453,192.365234375,100,0,335872,33210380288,8589930496,1995563008,0
199,1737286747014,2100,1828,400,400,400,1802,1275,1364,1499,400,1369,400,100,0,0,0,0,0,0,0,0,0,0,0,0,65664.7865600586,128958.09338378906,192.365234375,100.41841125488281,0,335872,33210380288,8589930496,1988386816,0
200,1737286747214,2099,2027,1444,1217,1919,1683,1422,1346,1337,1437,400,1447,100,0,0.9900990128517151,0,0,1,0,0,0,0.9900990128517151,0.9900990128517151,0,0,65666.20013427734,128958.71295166016,192.365234375,100.41841125488281,0,335872,33210380288,8589930496,1992126464,0
200,1737286747414,2100,1842,400,1480,2100,2100,1499,1474,1482,1189,1387,1499,100,0,0,0,9.090909004211426,0,9.090909004211426,0,0,0,0,0,0,65667.69653320313,128959.32800292969,192.365234375,100.41841125488281,0,335872,33210380288,8589930496,1981362176,0
200,1737286747614,2100,1924,1461,1309,2100,1799,1500,1500,1499,1499,1265,1458,100,0,0,4.761904716491699,0,0,0,0,0,0,0,0,0,65669.09661865234,128959.7373046875,192.365234375,99.58505249023438,0,335872,33210380288,8589930496,1981362176,0
200,1737286747815,2100,547,1390,1396,1720,400,400,1499,1459,1499,1176,1072,100,4.761904716491699,4.761904716491699,0,0,0,0,4.761904716491699,4.761904716491699,0,0,0,0,65670.62951660156,128960.22375488281,192.365234375,100.41841125488281,0,335872,33210380288,8589930496,1981362176,0
200,1737286748015,2100,2100,1466,400,2100,2100,1500,1448,1416,1500,1255,1499,100,0,0,0,0,0,0,0,4.761904716491699,0,0,4.761904716491699,0,65672.32440185547,128960.81939697266,192.365234375,100.41841125488281,0,335872,33210380288,8589930496,1981362176,0
200,1737286748215,2100,1843,400,1448,1915,2099,1499,1420,1500,1500,1330,1406,100,4.761904716491699,0,0,0,5,0,0,0,4.761904716491699,0,0,0,65673.97595214844,128961.37371826172,192.365234375,99.58505249023438,0,335872,33210380288,8589930496,1981362176,0
200,1737286748415,2100,1941,1462,1458,1951,1915,1397,1383,1378,1401,1435,1500,100,0,0,4.761904716491699,0,4.761904716491699,0,0,0,0,0,0,0,65675.5317993164,128961.89428710938,192.365234375,100.84033203125,0,335872,33210380288,8589930496,1981071360,0
200,1737286748615,2059,2100,1324,1500,1827,2099,1499,1499,1471,1499,1374,1480,100,0,0,0,0,0,0,4.761904716491699,0,0,0,0,0,65676.92279052734,128962.29620361328,192.365234375,100.41841125488281,0,335872,33210380288,8589930496,1981071360,0
199,1737286748815,2100,1846,400,400,1122,2002,1369,1299,1226,1436,596,400,100,0,0,0,0,0,0,0,0,0,0,0,0,65678.36822509766,128962.72442626953,192.365234375,99.58505249023438,0,335872,33210380288,8589930496,1981071360,0
199,1737286749016,2100,2100,1499,1499,2058,2100,1500,1499,1500,1500,1037,1500,100,0,0,0,0,0,0,0,0,0,4.761904716491699,0,0,65679.72607421875,128963.1089477539,192.365234375,100.84033203125,0,335872,33210380288,8589930496,1981071360,0
200,1737286749216,2100,1948,400,400,400,1532,1337,1456,1420,1356,400,400,100,0,0,0,0,0,0,0,0,0,4.761904716491699,0,0,65681.09832763672,128963.52471923828,192.365234375,100,0,335872,33210380288,8589930496,1981071360,0
200,1737286749416,2099,1764,1415,1399,1307,1944,1282,1344,1336,1306,1419,1452,100,0,0,0,0,0,0,0,0,0,0,0,0,65682.48553466797,128964.1357421875,192.365234375,100.41841125488281,0,335872,33210380288,8589930496,1981071360,0
200,1737286749616,2100,1285,1228,923,1814,1423,400,1389,1333,1433,1406,1039,100,0,0,0,0,0,0,0,0,0,0,0,0,65683.98852539063,128964.7798461914,192.365234375,50.209205627441406,0,335872,33210380288,8589930496,1997328384,0
200,1737286749816,2100,1956,1462,1352,1991,1892,1499,1386,1452,1483,1349,1457,100,0,0,0,0,0,0,0,0,0,0,0,0,65685.40063476563,128965.39324951172,192.365234375,99.58505249023438,0,335872,33210380288,8589930496,1979985920,0
200,1737286750016,2100,2100,1381,1400,2004,2088,1282,1307,1425,1341,1382,1301,100,0,0,0,0,0,0,0,0,0,0,0,0,65686.822265625,128966.01739501953,192.365234375,100,0,335872,33210380288,8589930496,1996091392,0
200,1737286750216,2099,1624,400,400,1644,400,1462,1421,1467,1400,1103,908,100,0,0,0,0,0,0,0,0,0,0,0,0,65688.32159423828,128966.63995361328,192.365234375,100.84033203125,0,335872,33210380288,8589930496,1996091392,0
200,1737286750417,2100,1517,400,400,1948,1870,1427,1438,1413,1460,400,400,100,0,0,0,0,0,0,0,0,0,0,0,0,65689.70776367188,128967.0425415039,192.365234375,100,0,335872,33210380288,8589930496,1996091392,0
199,1737286750617,2099,1869,1310,400,2099,1706,1500,1500,1440,1500,1378,1433,100,0,0,0,0,0,0,0,0,0,0,0,0,65691.22790527344,128967.5200805664,192.365234375,100.41841125488281,0,335872,33210380288,8589930496,1996091392,0
200,1737286750817,2100,1982,1385,1387,2018,1989,1499,1403,1479,1500,1455,1483,100,0,0,0,0,0,0,0,0,0,0,0,0,65692.93072509766,128968.11840820313,192.365234375,100.41841125488281,0,335872,33210380288,8589930496,1996091392,0
200,1737286751017,2100,1931,1470,1475,1985,2019,1417,1472,1474,1452,400,1480,100,0,0,0,0,0,0,0,0,0,0,0,0,65694.57708740234,128968.6734008789,192.365234375,100.84033203125,0,335872,33210380288,8589930496,1996091392,0
200,1737286751217,2099,1901,1244,1283,2099,2100,1500,1500,1499,1470,1390,1454,100,0,0,0,0,0,0,0,0,0,0,0,0,65696.17657470703,128969.21588134766,192.365234375,100.41841125488281,0,335872,33210380288,8589930496,1996091392,0
200,1737286751417,2100,1513,1319,1375,1839,2099,1499,1404,1473,1460,1216,1294,100,0,0,0,0,0,0,0,0,0,0,0,0,65697.55187988281,128969.60534667969,192.365234375,100.41841125488281,0,335872,33210380288,8589930496,1990709248,0
200,1737286751618,2100,2047,400,400,1156,1892,1335,400,1352,1500,400,400,100,5,0,0,0,0,0,0,4.761904716491699,0,0,0,0,65698.98895263672,128970.0317993164,192.365234375,100,0,335872,33210380288,8589930496,1990709248,0
200,1737286751818,2099,1215,400,400,1209,1736,1465,400,1403,1390,1431,1393,100,0,0,0,0,4.761904716491699,0,0,0,0,0,0,0,65700.36584472656,128970.4291381836,192.365234375,100.41841125488281,0,335872,33210380288,8589930496,1990709248,0
200,1737286752018,2099,1928,1500,1454,2100,1945,1486,1499,1430,1485,1319,1375,100,0,0,0,4.761904716491699,0,4.761904716491699,0,0,5,0,0,0,65701.72930908203,128970.82177734375,192.365234375,100.84033203125,0,335872,33210380288,8589930496,1990709248,0
199,1737286752218,2099,2041,1476,1499,2099,1959,1448,1478,1479,1500,1417,1473,100,0,0,0,0,0,0,0,0,0,0,0,0,65703.12158203125,128971.43280029297,192.365234375,99.58505249023438,0,335872,33210380288,8589930496,1990709248,0
200,1737286752418,2099,1988,1499,1499,2100,2011,1497,1497,1497,1498,1500,1499,100,0,0,0,0,0,0,0,0,0,0,0,0,65704.62274169922,128972.07720947266,192.365234375,100,0,335872,33210380288,8589930496,1992298496,0
200,1737286752618,2100,1682,1484,1444,1114,400,400,1388,1381,400,1499,1358,100,0,0,0,0,0,0,0,0,0,0,0,0,65706.04870605469,128972.70153808594,192.365234375,50.31446838378906,0,335872,33210380288,8589930496,1969274880,0
199,1737286752819,2100,2050,1476,1499,1687,1887,1374,1412,1405,1417,1461,1464,100,0,0,0,0,0,0,0,0,0,0,0,0,65707.4541015625,128973.31396484375,192.365234375,50.31446838378906,0,335872,33210380288,8589930496,1993502720,0
199,1737286753019,2100,2048,1411,1383,1506,1971,1355,1407,1384,1461,1396,1427,100,0,0,0,0,0,0,0,0,0,0,0,0,65708.9619140625,128973.9580078125,192.365234375,52.71966552734375,0,335872,33210380288,8589930496,1993502720,0
200,1737286753219,2100,527,1447,1450,2100,1948,1214,1500,1499,1499,1344,400,100,0,0,0,0,0,0,0,0,0,0,0,0,65710.35333251953,128974.37048339844,192.3658447265625,99.58505249023438,0,335872,33210380288,8589930496,1993502720,0
200,1737286753419,2100,1310,1331,1415,2100,1840,1428,1433,1384,1474,1327,1319,100,0,0,0,0,0,0,0,0,0,0,0,0,65711.85021972656,128974.83276367188,192.3658447265625,100.41841125488281,0,335872,33210380288,8589930496,1993502720,0
199,1737286753619,2100,1987,1407,1441,2026,1968,1484,1499,1499,1404,1500,1500,100,0,0,0,0,0,0,0,0,0,0,0,0,65713.54779052734,128975.41766357422,192.3658447265625,100.41841125488281,0,335872,33210380288,8589930496,1993502720,0
200,1737286753819,2100,2032,1175,1203,1875,1940,1415,1275,1467,1499,1235,1260,100,0,0,0,0,4.761904716491699,0,0,0,0,0,0,0,65715.19055175781,128975.9711303711,192.3658447265625,100,0,335872,33210380288,8589930496,1993502720,0
200,1737286754019,2100,2100,1479,1412,2100,1958,1474,1442,1446,1362,1313,1448,100,0,0,0,0,4.761904716491699,0,0,0,0,0,0,0,65716.82873535156,128976.5433959961,192.3658447265625,100.41841125488281,0,335872,33210380288,8589930496,1993502720,0
200,1737286754220,2100,2038,1098,1414,2100,1894,1465,1427,985,1436,1499,1450,100,0,0,0,0,4.761904716491699,0,0,0,0,0,0,0,65718.21868896484,128976.9345703125,192.3658447265625,50.209205627441406,0,335872,33210380288,8589930496,1993502720,0
200,1737286754420,2100,1747,1475,400,400,1607,1500,1499,1458,1499,960,1326,100,0,0,0,0,4.761904716491699,0,0,0,0,0,0,0,65719.64672851563,128977.35522460938,192.3658447265625,100,0,335872,33210380288,8589930496,1993502720,0
199,1737286754620,2100,1981,1438,1394,2100,1924,400,1500,1448,1499,1314,400,100,0,0,0,0,4.761904716491699,0,0,0,0,0,0,0,65721.06536865234,128977.7689819336,192.3658447265625,100.41841125488281,0,335872,33210380288,8589930496,1993502720,0
199,1737286754820,2099,1904,1457,1319,2099,1520,1368,1336,1391,1500,1474,1444,100,0,0,0,0,4.761904716491699,0,0,0,0,0,0,0,65722.42980957031,128978.1498413086,192.3658447265625,100,0,335872,33210380288,8589930496,1993203712,0
200,1737286755020,2099,1994,1341,1390,1794,1810,1481,1499,1500,1470,1264,1358,100,0.8547009229660034,0.8264462351799011,0,0,0,0.8333333730697632,0.8333333730697632,1.6528924703598022,0.8333333730697632,1.6528924703598022,0.8333333730697632,0,65723.8257446289,128978.72918701172,192.3658447265625,95,0,335872,33210380288,8589930496,1993203712,0
200,1737286755220,2100,2012,1499,1500,2099,2100,1440,1400,400,1499,1499,1499,100,0.8547009229660034,0.8264462351799011,0,0,0,0.8333333730697632,0.8333333730697632,1.6528924703598022,0.8333333730697632,1.6528924703598022,0.8333333730697632,0,65725.32165527344,128979.37139892578,192.3658447265625,100.84033203125,0,335872,33210380288,8589930496,1993203712,0
200,1737286755420,2099,1466,1389,1363,1594,1891,1444,1468,1484,1469,1229,1478,100,0.8547009229660034,0.8264462351799011,0,0,0,0.8333333730697632,0.8333333730697632,1.6528924703598022,0.8333333730697632,1.6528924703598022,0.8333333730697632,0,65726.75457763672,128979.9857788086,192.3658447265625,50.209205627441406,0,335872,33210380288,8589930496,1971556352,0
200,1737286755621,2099,1577,400,400,400,1797,1369,1444,1453,1356,816,400,100,0.8547009229660034,0.8264462351799011,0,0,0,0.8333333730697632,0.8333333730697632,1.6528924703598022,0.8333333730697632,1.6528924703598022,0.8333333730697632,0,65728.15924072266,128980.60174560547,192.3658447265625,100,0,335872,33210380288,8589930496,1995296768,0
200,1737286755821,2100,2027,1364,1338,1972,1939,400,1042,846,926,1405,1366,100,0.8547009229660034,0.8264462351799011,0,0,0,0.8333333730697632,0.8333333730697632,1.6528924703598022,0.8333333730697632,1.6528924703598022,0.8333333730697632,0,65729.67492675781,128981.24572753906,192.3658447265625,104.99999237060547,0,335872,33210380288,8589930496,1990213632,0
200,1737286756021,2099,1981,1500,1500,2100,2100,1500,1457,1387,1394,1035,1473,100,0,0,0,0,4.761904716491699,0,0,0,0,0,0,0,65731.06958007813,128981.7041015625,192.3658447265625,95.39749145507813,0,335872,33210380288,8589930496,1990213632,0
200,1737286756221,2100,1548,1466,1452,1831,1598,1481,1473,1359,1478,400,1428,100,4.761904716491699,0,0,0,0,0,0,0,0,0,0,0,65732.5249633789,128982.14080810547,192.3658447265625,100.41841125488281,0,335872,33210380288,8589930496,1990213632,0
200,1737286756421,2100,1711,1332,400,1827,1786,1437,1270,1431,1474,1363,1444,100,0,0,0,4.761904716491699,0,0,0,0,5,0,0,0,65734.19171142578,128982.6987915039,192.3658447265625,100,0,335872,33210380288,8589930496,1990021120,0
200,1737286756621,2100,2100,1345,1379,2099,1870,1426,1430,1451,1476,1279,1314,100,0,0,0,4.761904716491699,0,0,0,0,5,0,0,0,65735.85925292969,128983.27935791016,192.3658447265625,100.41841125488281,0,335872,33210380288,8589930496,1990021120,0
200,1737286756822,2100,1734,1375,1461,2100,2002,1410,1394,1440,1439,1437,1477,100,0,0,0,4.761904716491699,0,0,0,0,5,0,0,0,65737.57592773438,128983.88555908203,192.3658447265625,50.209205627441406,0,335872,33210380288,8589930496,1990021120,0
200,1737286757022,2100,2100,1500,1500,1903,1959,1500,1424,400,1500,400,1500,100,0,0,0,4.761904716491699,0,0,0,0,5,0,0,0,65738.93359375,128984.27020263672,192.3658447265625,100.41841125488281,0,335872,33210380288,8589930496,1990021120,0
200,1737286757222,2100,2002,1418,1428,2100,2100,1435,1500,1480,1499,400,1500,100,0,0,0,4.761904716491699,0,0,0,0,5,0,0,0,65740.3482055664,128984.6810913086,192.3658447265625,100,0,335872,33210380288,8589930496,1990021120,0
200,1737286757422,2100,1879,1449,1410,1858,1870,1499,1461,1481,1483,1374,1473,100,0,0,0,4.761904716491699,0,0,0,0,5,0,0,0,65741.80578613281,128985.11145019531,192.3658447265625,100.41841125488281,0,335872,33210380288,8589930496,1990021120,0
200,1737286757622,2099,1775,1381,1424,1886,1742,1401,1499,1477,1474,1389,1228,100,0,0,0,4.761904716491699,0,0,0,0,5,0,0,0,65743.1441040039,128985.48541259766,192.3658447265625,104.5643081665039,0,335872,33210380288,8589930496,1990021120,0
200,1737286757822,2100,2048,1458,1499,1984,2100,1415,1288,1449,1470,1393,1396,100,0,0.7142857313156128,0,0,0.7142857313156128,0.7142857313156128,0.7142857313156128,0,0,0,1.408450722694397,0,65744.53436279297,128986.00061035156,192.3658447265625,94.60580444335938,0,335872,33210380288,8589930496,1990021120,0
200,1737286758023,2100,1937,1446,1500,1855,1943,1500,1499,1452,1443,1336,1499,100,0,0,0,0,0,0,0,0,0,0,0,0,65746.0111694336,128986.64178466797,192.3658447265625,100.84033203125,0,335872,33210380288,8589930496,1991827456,0
200,1737286758223,2099,486,1460,1354,400,1750,965,1161,1094,1206,1322,1413,100,0,0,0,0,0,0,0,0,0,0,0,0,65747.45166015625,128987.2583618164,192.3658447265625,105.4393310546875,0,335872,33210380288,8589930496,1972989952,0
200,1737286758423,2100,1644,1485,1394,1896,1911,1102,1176,1076,1240,400,1336,100,0,0,0,0,0,0,0,0,0,0,0,0,65748.85571289063,128987.87255859375,192.3658447265625,50.31446838378906,0,335872,33210380288,8589930496,1989189632,0
200,1737286758623,2099,1776,1279,1309,1530,1798,1328,1322,1300,1440,1136,1257,100,0,0,1.6666667461395264,1.6393442153930664,0,0,1.6393442153930664,0,1.6393442153930664,1.6666667461395264,0,0,65750.3843383789,128988.51696777344,192.3658447265625,47.79874038696289,0,335872,33210380288,8589930496,1989074944,0
200,1737286758823,2099,1863,1464,1499,2100,1961,1367,1356,1500,1499,1413,1500,100,0,0,4.761904716491699,0,0,0,0,4.761904716491699,0,0,0,0,65751.77117919922,128989.04125976563,192.3658447265625,100.41841125488281,0,335872,33210380288,8589930496,1989074944,0
200,1737286759023,2099,2100,1390,1451,2005,2060,1458,1455,1456,1465,1434,1367,100,0,0,4.761904716491699,0,0,0,0,4.761904716491699,0,0,0,0,65753.20111083984,128989.4584350586,192.3658447265625,99.58505249023438,0,335872,33210380288,8589930496,1989074944,0
200,1737286759224,2100,2009,1460,1476,1833,2100,1448,1459,1407,1467,400,1459,100,0,0,0,0,4.761904716491699,0,0,0,0,0,0,0,65754.79479980469,128989.97766113281,192.3658447265625,100,0,335872,33210380288,8589930496,1989074944,0
200,1737286759424,2100,1883,1481,1440,1782,2100,1500,1435,1413,1500,1411,1475,100,4.761904716491699,0,0,0,0,4.761904716491699,0,0,0,0,0,0,65756.4819946289,128990.56939697266,192.3658447265625,99.58505249023438,0,335872,33210380288,8589930496,1988878336,0
200,1737286759624,2100,1719,1412,1396,1880,2100,1476,1388,1412,1499,1433,1454,100,0,0,0,0,0,0,0,0,0,0,0,0,65758.18182373047,128991.15106201172,192.3658447265625,105.8823471069336,0,335872,33210380288,8589930496,1988878336,0
200,1737286759824,2100,1987,1465,1413,1936,2100,400,1339,1389,1443,1347,1439,100,0,0,0,0,5,0,0,0,4.761904716491699,0,0,0,65759.66796875,128991.62982177734,192.3658447265625,95,0,335872,33210380288,8589930496,1988878336,0
200,1737286760024,2100,1981,1467,1298,2100,1740,1419,1458,1499,1479,1431,1500,100,0,0,0,0,5,0,0,0,4.761904716491699,0,0,0,65761.05236816406,128992.02404785156,192.3658447265625,105.4393310546875,0,335872,33210380288,8589930496,1988878336,0
200,1737286760224,2100,1872,400,761,1797,1514,1399,400,1479,1499,400,555,100,0,0,0,0,0,0,0,0,0,0,0,0,65762.5131225586,128992.45239257813,192.3658447265625,100.41841125488281,0,335872,33210380288,8589930496,1988878336,0
200,1737286760425,2100,1927,1500,1281,2100,1955,1463,1471,1315,1375,1499,1447,100,0,0,0,0,0,0,0,0,0,0,0,0,65763.87213134766,128992.83874511719,192.3658447265625,100.41841125488281,0,335872,33210380288,8589930496,1988878336,0
200,1737286760625,2100,1845,1455,1420,1987,2100,1459,1445,1479,1439,1077,1475,100,0,0,0,0,0,0,0,0,0,0,0,0,65765.24975585938,128993.24597167969,192.3658447265625,50,0,335872,33210380288,8589930496,1988878336,0
200,1737286760825,2100,2100,1467,1398,1842,2034,1499,1500,1464,1479,1374,1486,100,0,0,0,0,0,0,0,0,0,0,0,0,65766.67016601563,128993.8662109375,192.3658447265625,50,0,335872,33210380288,8589930496,1992749056,0
200,1737286761025,2099,2053,1483,1475,2057,2100,1471,1473,1478,1429,400,1449,100,0,1.6393442153930664,0,0,0,1.6666667461395264,0,0,0,1.6666667461395264,1.6393442153930664,0,65768.17846679688,128994.50659179688,192.3658447265625,101.26582336425781,0,335872,33210380288,8589930496,1973911552,0
199,1737286761225,2100,1983,1434,1468,951,1665,1270,1284,1308,1387,1445,1499,100,0,5,0,0,0,0,0,0,0,0,0,0,65769.58624267578,128995.12487792969,192.3658447265625,100,0,335872,33210380288,8589930496,1973911552,0
200,1737286761425,2099,2099,1440,1469,2069,1927,1478,1431,1471,1449,1339,1307,100,0,5,0,0,0,0,0,0,0,0,0,0,65771.08093261719,128995.76068115234,192.3658447265625,100.41841125488281,0,335872,33210380288,8589930496,1998196736,0
200,1737286761626,2100,2100,616,400,1603,1351,1348,1435,1464,1406,400,400,100,5,0,0,4.761904716491699,0,0,0,0,0,0,0,0,65772.51782226563,128996.38751220703,192.3658447265625,100.41841125488281,0,335872,33210380288,8589930496,1987432448,0
200,1737286761826,2100,1888,1233,1443,2100,2100,1361,1458,1500,1499,1380,1362,100,0,0,0,0,0,0,0,0,0,0,0,0,65773.90362548828,128996.8012084961,192.3658447265625,100.41841125488281,0,335872,33210380288,8589930496,1987424256,0
200,1737286762026,2100,2100,1499,1480,2100,1935,1479,1447,1433,1367,1460,1478,100,0,0,0,0,0,0,0,0,0,0,0,0,65775.38751220703,128997.24621582031,192.3658447265625,100,0,335872,33210380288,8589930496,1987424256,0
200,1737286762226,2100,1758,1499,1440,2100,1725,1478,1475,1499,1478,1380,1499,100,0,0,0,0,4.761904716491699,0,0,5,0,0,4.761904716491699,0,65777.0689086914,128997.8286743164,192.3658447265625,100,0,335872,33210380288,8589930496,1987424256,0
200,1737286762426,2099,2099,1473,1364,1951,2002,1329,1363,1378,1380,1322,1468,100,0,0,0,0,4.761904716491699,0,0,5,0,0,4.761904716491699,0,65778.72741699219,128998.3989868164,192.3658447265625,100.84033203125,0,335872,33210380288,8589930496,1987260416,0
200,1737286762627,2099,2045,1182,1136,1768,2100,1275,1297,1345,1307,1356,1209,100,0,0,4.761904716491699,0,0,0,0,0,0,0,0,0,65780.4546508789,128999.01361083984,192.3658447265625,100.41841125488281,0,335872,33210380288,8589930496,1987260416,0
200,1737286762827,2100,1913,1301,1209,1934,1640,1451,1406,1445,1396,1126,1255,100,0,0,4.761904716491699,0,0,0,0,0,0,0,0,0,65781.80853271484,128999.3916015625,192.3658447265625,100,0,335872,33210380288,8589930496,1987260416,0
200,1737286763027,2100,1987,400,1499,1887,1884,1500,1500,1499,1499,400,1499,100,5,0,0,0,0,4.761904716491699,0,0,4.761904716491699,0,0,0,65783.19421386719,128999.78533935547,192.3658447265625,100.41841125488281,0,335872,33210380288,8589930496,1987260416,0
200,1737286763227,2100,2039,1487,1448,2051,2100,1499,1488,1465,1500,1339,1434,100,5,0,0,0,0,4.761904716491699,0,0,4.761904716491699,0,0,0,65784.67895507813,129000.23034667969,192.3658447265625,99.58505249023438,0,335872,33210380288,8589930496,1987260416,0
200,1737286763427,2100,2039,1500,1475,1863,2100,1500,1442,1500,1477,400,1460,100,0,0,0,0,0,0,0,0,4.761904716491699,0,0,0,65786.00329589844,129000.5962524414,192.3658447265625,100.84033203125,0,335872,33210380288,8589930496,1987260416,0
200,1737286763627,2100,2100,1353,1406,1862,1981,1333,1316,1288,1306,400,1371,100,0,0,0,0,0,0,0,0,0,0,0,0,65787.38940429688,129001.09075927734,192.3658447265625,100,0,335872,33210380288,8589930496,1987260416,0
200,1737286763828,2100,2100,1279,1420,1578,1753,1409,400,1315,1415,942,1238,100,5,0,0,0,0,0,0,0,0,0,0,0,65788.92932128906,129001.7495727539,192.3658447265625,100.41841125488281,0,335872,33210380288,8589930496,1995259904,0
200,1737286764028,2100,2100,1276,1289,1927,1969,1318,1427,1376,1437,575,1326,100,5,0,0,0,0,0,0,0,0,0,0,0,65790.3452758789,129002.3648071289,192.3658447265625,100.41841125488281,0,335872,33210380288,8589930496,1976422400,0
200,1737286764228,2100,2100,1396,1395,1944,2100,1499,1484,1398,1499,1351,400,100,0,0,0,0,0,4.761904716491699,0,0,0,0,0,0,65791.78967285156,129002.99487304688,192.3658447265625,100,0,335872,33210380288,8589930496,1992749056,0
200,1737286764428,2100,1723,1482,1422,1973,2099,1378,1392,1400,1429,1459,1479,100,0,4.761904716491699,0,0,0,0,0,0,0,0,0,0,65793.27178955078,129003.62280273438,192.3658447265625,100.41841125488281,0,335872,33210380288,8589930496,1981685760,0
200,1737286764628,2100,1994,1478,1432,2016,2100,1500,1499,1499,1500,1215,1477,100,0,4.761904716491699,0,0,0,0,0,0,0,0,0,0,65794.65704345703,129004.17864990234,192.3658447265625,100.41841125488281,0,335872,33210380288,8589930496,1981685760,0
200,1737286764828,2099,1566,1448,1291,1707,1876,1468,1372,1469,1466,1443,1390,100,0,0,0,0,0,0,0,0,0,0,0,0,65796.0849609375,129004.59576416016,192.3658447265625,100.84033203125,0,335872,33210380288,8589930496,1981685760,0
200,1737286765029,2099,2025,400,1412,2100,400,400,929,1134,1164,400,1369,100,0,0,0,9.090909004211426,0,0,0,0,0,0,0,0,65797.6357421875,129005.09228515625,192.3658447265625,100,0,335872,33210380288,8589930496,1981685760,0
200,1737286765229,2100,1736,400,400,1641,1923,1372,1457,1499,1285,852,927,100,0,0,0,0,0,0,0,0,0,0,0,0,65799.3305053711,129005.68908691406,192.3658447265625,100.84033203125,0,335872,33210380288,8589930496,1981685760,0
200,1737286765429,2100,1979,1478,1474,1880,1990,1499,1500,1477,1482,1354,400,100,0,0,0,0,4.761904716491699,0,0,0,0,0,0,0,65801.0078125,129006.24926757813,192.3658447265625,100.41841125488281,0,335872,33210380288,8589930496,1981894656,0
200,1737286765629,2100,2008,1358,1427,1712,1842,1499,1471,1479,1478,1332,1409,100,0,4.761904716491699,0,0,0,0,0,0,0,0,0,0,65802.6001586914,129006.80114746094,192.36590576171875,99.58505249023438,0,335872,33210380288,8589930496,1981894656,0
200,1737286765829,2100,1643,406,400,1709,1980,731,1500,942,1227,400,400,100,0,4.761904716491699,0,0,0,0,0,0,0,0,0,0,65803.96545410156,129007.18389892578,192.36590576171875,100.84033203125,0,335872,33210380288,8589930496,1981894656,0
200,1737286766030,2100,1893,1067,1126,1828,1241,1162,1449,1430,1447,1193,1263,100,0,4.761904716491699,0,0,0,0,0,0,0,0,0,0,65805.38092041016,129007.59851074219,192.36590576171875,50,0,335872,33210380288,8589930496,1981894656,0
200,1737286766230,2100,2100,1446,1447,1961,1804,1394,1429,1499,1461,1336,1378,100,0,4.761904716491699,0,0,0,0,0,0,0,0,0,0,65806.79052734375,129008.01306152344,192.36590576171875,50,0,335872,33210380288,8589930496,1981894656,0
200,1737286766430,2099,1948,1500,1464,1801,1969,1500,1417,1457,400,1500,1441,100,0,0,0,0,0,0,0,0,0,0,4.761904716491699,0,65808.1410522461,129008.39373779297,192.36590576171875,100.41841125488281,0,335872,33210380288,8589930496,1981894656,0
200,1737286766630,2100,1761,1412,1383,1677,1739,1500,1449,1500,1464,1412,1413,100,0,0,0,0,0,0,0,0,0,0,0,0,65809.5355834961,129008.92218017578,192.36590576171875,100.41841125488281,0,335872,33210380288,8589930496,1998151680,0
200,1737286766830,2100,1979,1499,1499,2100,2100,1437,1373,1402,1499,1398,1500,100,0,0,0,0,0,0,0,0,0,0,0,0,65811.04315185547,129009.56475830078,192.36590576171875,105.4393310546875,0,335872,33210380288,8589930496,1981407232,0
200,1737286767030,2099,2052,1449,1499,1714,1598,1422,1500,1474,1435,1319,400,100,0,0,0,0,4.761904716491699,0,4.761904716491699,0,0,0,0,0,65812.42785644531,129010.17205810547,192.36590576171875,100,0,335872,33210380288,8589930496,1981407232,0
200,1737286767231,2100,1889,400,400,1912,400,1320,400,1429,1499,1313,400,100,0,0,0,0,0,0,0,0,0,0,0,0,65813.93621826172,129010.82037353516,192.36590576171875,95.39749145507813,0,335872,33210380288,8589930496,1997635584,0
199,1737286767431,2099,2100,400,400,2100,2100,1397,1479,1500,1500,400,1411,100,0,0,0,0,0,0,0,0,0,0,0,0,65815.36785888672,129011.44689941406,192.36590576171875,100,0,335872,33210380288,8589930496,1997635584,0
199,1737286767631,2100,1997,400,400,1624,1941,1209,400,400,400,823,400,100,0,0,0,0,0,0,0,0,0,0,0,0,65816.72827148438,129011.97717285156,192.36590576171875,100.41841125488281,0,335872,33210380288,8589930496,1997635584,0
200,1737286767831,2100,689,400,400,1588,1925,1309,1253,1253,1378,1477,1189,100,0,0,0,0,0,0,0,0,0,4.761904716491699,0,0,65818.14739990234,129012.39428710938,192.36590576171875,100.41841125488281,0,335872,33210380288,8589930496,1997635584,0
200,1737286768031,2100,1948,1500,1375,1951,1466,1449,1454,1436,1457,1455,400,100,0,0,0,0,0,0,0,0,0,4.761904716491699,0,0,65819.7080078125,129012.89233398438,192.36590576171875,50,0,335872,33210380288,8589930496,1997635584,0
200,1737286768231,2100,1873,1468,1473,2100,2010,1417,1485,1428,1471,1394,1420,100,0,0,0,0,0,0,0,0,0,4.761904716491699,0,0,65821.39379882813,129013.49298095703,192.36590576171875,50,0,335872,33210380288,8589930496,1997635584,0
200,1737286768431,2100,2099,997,400,400,1433,543,1334,1468,1397,1065,1075,100,0,0,0,0,0,0,0,0,0,4.761904716491699,0,0,65823.06604003906,129014.05645751953,192.36590576171875,50.209205627441406,0,335872,33210380288,8589930496,1997635584,0
200,1737286768632,2100,2063,1344,1365,1644,2100,1255,1256,1151,1225,1265,400,100,0,0,0,0,0,0,0,0,0,4.761904716491699,0,0,65824.66491699219,129014.60925292969,192.36590576171875,50.209205627441406,0,335872,33210380288,8589930496,1997635584,0
200,1737286768832,2099,2100,1435,1325,1800,1644,1306,1104,1191,1436,1383,1434,100,1.0204081535339355,1,0,1.9801980257034302,1,1,0,0,1,0.9900990128517151,0,0,65826.02606201172,129014.99719238281,192.36590576171875,100.41841125488281,0,335872,33210380288,8589930496,1997635584,0
200,1737286769032,2100,1988,1500,1499,2100,2099,1481,1499,1499,1500,400,1088,100,4.761904716491699,0,0,0,4.761904716491699,0,0,4.761904716491699,0,0,0,0,65827.42449951172,129015.40075683594,192.36590576171875,100,0,335872,33210380288,8589930496,1997635584,0
200,1737286769232,2100,1943,1473,1481,2008,2099,1397,400,400,1398,1407,1469,100,4.761904716491699,0,0,0,4.761904716491699,0,0,4.761904716491699,0,0,0,0,65828.8916015625,129015.83782958984,192.36590576171875,100,0,335872,33210380288,8589930496,1997635584,0
200,1737286769432,2099,2001,1435,1457,1569,1878,1396,1289,1395,1420,1447,1500,100,0,4.761904716491699,0,0,0,0,0,0,0,0,0,0,65830.21905517578,129016.20788574219,192.36590576171875,99.58505249023438,0,335872,33210380288,8589930496,1997635584,0
200,1737286769633,2100,1992,1399,400,2100,1904,1255,1210,1049,1316,1346,1467,100,0,0,0,0,0,0,0,0,0,0,0,0,65831.65338134766,129016.7202758789,192.36590576171875,100.84033203125,0,335872,33210380288,8589930496,1997627392,0
199,1737286769833,2100,493,1379,400,1973,1711,1063,1130,1396,1087,1485,1391,100,0,0,0,0,0,0,0,0,0,0,0,0,65833.13549804688,129017.35607910156,192.36590576171875,105.4393310546875,0,335872,33210380288,8589930496,1968025600,0
200,1737286770033,2100,2034,1460,1373,1903,1949,1116,1305,1355,1314,1500,1365,100,0,0,0,0,0,0,0,0,0,0,0,0,65834.51574707031,129017.9603881836,192.36590576171875,100,0,335872,33210380288,8589930496,1984233472,0
200,1737286770233,2100,1905,1398,1303,1785,1508,1287,1264,1293,1300,1500,1418,100,0,0,0,0,0,0,0,0,0,0,0,0,65836.04467773438,129018.60955810547,192.36590576171875,50.10437774658203,0,335872,33210380288,8589930496,1992491008,0
200,1737286770433,2100,2100,1473,1499,2099,2099,1334,1499,1452,1420,1500,400,100,0,0,0,0,0,0,0,0,0,0,0,0,65837.44848632813,129019.23040771484,192.36590576171875,95,0,335872,33210380288,8589930496,1989500928,0
200,1737286770633,2100,2100,1481,1425,2100,1964,1443,1464,1480,1408,400,1429,100,0,0,0,0,0,0,0,0,0,0,0,0,65838.88055419922,129019.85388183594,192.36590576171875,100,0,335872,33210380288,8589930496,1993302016,0
200,1737286770833,2100,1953,1242,400,1984,1973,1446,1298,1356,1390,1377,1222,100,0,0,0,0,0,0,0,0,0,0,0,0,65840.34637451172,129020.42102050781,192.36590576171875,50.209205627441406,0,335872,33210380288,8589930496,1986125824,0
200,1737286771034,2100,1840,1194,1000,1861,1859,1440,1499,1435,1458,988,969,100,0,0,0,0,0,0,0,0,0,0,0,0,65841.76165771484,129020.833984375,192.36590576171875,100.41841125488281,0,335872,33210380288,8589930496,1986125824,0
200,1737286771234,2100,2100,1437,1414,1835,2099,1500,1500,1450,1499,1391,1445,100,0,0,0,0,0,0,0,0,0,0,0,0,65843.3408203125,129021.34252929688,192.36590576171875,100,0,335872,33210380288,8589930496,1986125824,0
199,1737286771434,2100,2100,1411,1499,2099,2100,1377,400,1457,1475,1475,1479,100,0,0,0,0,0,0,0,0,0,0,0,0,65845.01208496094,129021.9267578125,192.36590576171875,100,0,335872,33210380288,8589930496,1986187264,0
199,1737286771634,2099,2100,1499,1333,1994,1973,1436,1472,1469,1474,1465,1470,100,0.6410256624221802,0,0.625,1.2422360181808472,1.2422360181808472,0,1.2422360181808472,0.625,1.2422360181808472,0,0.625,0,65846.69696044922,129022.5009765625,192.36590576171875,100.84033203125,0,335872,33210380288,8589930496,1986187264,0
200,1737286771834,2100,1944,1341,1500,1953,1965,1499,1500,1500,1499,1499,1474,100,0,0,0,0,0,0,0,0,0,0,0,0,65848.19207763672,129022.98474121094,192.36590576171875,100.41841125488281,0,335872,33210380288,8589930496,1986187264,0
200,1737286772034,2100,1862,1287,1472,1998,2100,1460,1377,1476,1483,1263,1425,100,0,0,0,0,0,0,0,0,0,4.761904716491699,4.761904716491699,0,65849.57067871094,129023.38079833984,192.36590576171875,100,0,335872,33210380288,8589930496,1986187264,0
200,1737286772235,2100,514,1136,1135,1907,1487,1429,1462,1288,1409,1107,1394,100,0,5,0,0,0,0,0,0,0,0,0,0,65851.03063964844,129023.8158569336,192.36590576171875,100.41841125488281,0,335872,33210380288,8589930496,1986187264,0
200,1737286772435,2100,2100,1362,400,1853,2100,1500,1500,400,1499,1357,1418,100,5,0,0,0,0,4.761904716491699,0,0,0,4.761904716491699,0,0,65852.37799072266,129024.19750976563,192.36590576171875,100.41841125488281,0,335872,33210380288,8589930496,1978114048,0
200,1737286772635,2100,1730,400,400,1905,1932,1284,1212,1304,400,400,400,100,5,0,0,0,0,4.761904716491699,0,0,0,4.761904716491699,0,0,65853.76733398438,129024.66735839844,192.36590576171875,100.41841125488281,0,335872,33210380288,8589930496,1978445824,0
200,1737286772835,2100,2100,1428,1363,1887,2099,1499,1404,1457,1485,400,1396,100,5,0,0,0,0,4.761904716491699,0,0,0,4.761904716491699,0,0,65855.15740966797,129025.27758789063,192.36590576171875,52.8301887512207,0,335872,33210380288,8589930496,1985671168,0
200,1737286773035,2100,488,1300,1163,1015,1748,1202,1039,1500,1156,1339,1185,100,5,0,0,0,0,4.761904716491699,0,0,0,4.761904716491699,0,0,65856.67999267578,129025.92108154297,192.36590576171875,100.41841125488281,0,335872,33210380288,8589930496,1983463424,0
200,1737286773235,2100,1893,1399,400,400,1943,1279,1467,1074,1461,1128,1310,100,0,0,0,1.25,1.25,0,1.2345678806304932,0,0,0,0,0,65858.0830078125,129026.54089355469,192.36590576171875,100.41841125488281,0,335872,33210380288,8589930496,1983463424,0
200,1737286773436,2100,1966,1459,1376,1800,1884,1468,1470,1433,1499,1499,1447,100,0,0,0,1.25,1.25,0,1.2345678806304932,0,0,0,0,0,65859.54162597656,129027.177734375,192.36590576171875,100.41841125488281,0,335872,33210380288,8589930496,1999683584,0
200,1737286773636,2100,1947,1373,1416,1780,2099,1499,1500,1500,1500,1371,1367,100,0,0,0,0,0,0,0,0,0,0,0,0,65860.98028564453,129027.736328125,192.36590576171875,100.41841125488281,0,335872,33210380288,8589930496,1989218304,0
199,1737286773836,2100,1258,1403,1212,2100,1435,1014,806,1015,974,400,1408,100,0,0,0,0,0,0,0,0,0,0,0,0,65862.3890991211,129028.14770507813,192.36590576171875,100.41841125488281,0,335872,33210380288,8589930496,1989218304,0
200,1737286774036,2100,2027,1472,1468,1956,2099,1442,1442,1482,1473,1326,1475,100,0,0,0,4.761904716491699,0,0,0,0,0,0,0,0,65863.95825195313,129028.65502929688,192.36590576171875,99.58505249023438,0,335872,33210380288,8589930496,1989218304,0
200,1737286774236,2100,518,400,400,1746,1208,1468,1456,1499,1395,1440,1334,100,0,0,0,0,0,0,0,4.761904716491699,0,0,0,0,65865.63995361328,129029.24676513672,192.36590576171875,100.84033203125,0,335872,33210380288,8589930496,1989218304,0
200,1737286774437,2100,2045,1450,1437,1876,2100,1405,1453,1316,1447,1231,1442,100,0,0,0,0,0,0,0,4.761904716491699,0,0,0,0,65867.31079101563,129029.81231689453,192.36590576171875,100.41841125488281,0,335872,33210380288,8589930496,1989058560,0
200,1737286774637,2099,2058,1379,1248,400,400,1327,1307,1353,400,1027,1499,100,0,0,0,0,0,0,0,4.761904716491699,0,0,0,0,65868.81030273438,129030.30090332031,192.36590576171875,50.209205627441406,0,335872,33210380288,8589930496,1989058560,0
199,1737286774837,2100,1932,863,400,1811,1933,1441,1277,1499,1500,752,1323,100,0,0,0,0,0,0,0,4.761904716491699,0,0,0,0,65870.2060546875,129030.7035522461,192.36590576171875,100,0,335872,33210380288,8589930496,1989058560,0
200,1737286775037,2100,1979,1291,874,1924,1907,1499,1500,1500,1481,1370,1402,100,0,0,0,0,0,0,0,4.761904716491699,0,0,0,0,65871.65588378906,129031.12908935547,192.36590576171875,100.41841125488281,0,335872,33210380288,8589930496,1989058560,0
200,1737286775237,2100,1941,1434,1479,1905,1750,1484,1473,1448,1478,1440,1500,100,0,0,0,0,0,0,0,4.761904716491699,0,0,0,0,65873.0228881836,129031.51794433594,192.36590576171875,100,0,335872,33210380288,8589930496,1989058560,0
200,1737286775437,2100,1915,1377,1398,1703,1883,1442,1480,1441,1475,1420,1387,100,0,0,0,0,0,0,0,4.761904716491699,0,0,0,0,65874.38543701172,129031.94952392578,192.36590576171875,100,0,335872,33210380288,8589930496,1986068480,0
200,1737286775637,2099,1887,1499,1406,1945,2086,1500,1464,1500,1474,1315,1500,100,0,0,0,0,0,0,0,4.761904716491699,0,0,0,0,65875.78399658203,129032.56567382813,192.3665771484375,50,0,335872,33210380288,8589930496,1986068480,0
200,1737286775837,2099,1989,1500,1401,1968,1650,1262,1278,1250,1308,1474,1468,100,0,0,0,0,0,0,0,4.761904716491699,0,0,0,0,65877.32623291016,129033.22119140625,192.3665771484375,100.41841125488281,0,335872,33210380288,8589930496,1979039744,0
200,1737286776038,2099,2046,1413,1310,1763,2100,1440,1440,1366,1434,1341,1414,100,1.1363636255264282,1.1049723625183105,1.1049723625183105,0,1.1049723625183105,0.5586591958999634,0.5555555820465088,0.5586591958999634,1.1049723625183105,0.5555555820465088,0.5555555820465088,0,65878.72467041016,129033.8344116211,192.3665771484375,95.39749145507813,0,335872,33210380288,8589930496,1979039744,0
200,1737286776238,2100,2100,1455,1393,1982,1935,1365,1358,1355,1368,1431,1468,100,0,0,0,0,0,0,0,0,0,0,0,0,65880.17810058594,129034.46142578125,192.3665771484375,105.4393310546875,0,335872,33210380288,8589930496,1995137024,0
200,1737286776438,2099,2100,1445,1500,2100,2100,1382,400,1407,1419,1499,400,100,0,0,0,0,0,0,0,0,0,0,0,0,65881.63745117188,129035.05828857422,192.3665771484375,100.41841125488281,0,335872,33210380288,8589930496,1984073728,0
200,1737286776638,2100,2100,1473,1478,2099,1976,908,1418,1474,1478,1499,1475,100,0,0,0,0,0,0,0,0,0,0,0,0,65883.03155517578,129035.46002197266,192.3665771484375,100.41841125488281,0,335872,33210380288,8589930496,1984073728,0
200,1737286776838,2100,1898,1265,1346,1957,2024,1483,1484,1494,1459,400,1301,100,0,0,0,0,0,0,0,0,0,0,0,0,65884.5767211914,129035.95123291016,192.3665771484375,100.84033203125,0,335872,33210380288,8589930496,1984073728,0
200,1737286777038,2100,1951,400,666,1840,400,1324,1443,1384,1406,400,400,100,0,0,0,4.761904716491699,0,4.761904716491699,0,0,0,0,0,0,65886.27075195313,129036.5425415039,192.3665771484375,100,0,335872,33210380288,8589930496,1984073728,0
200,1737286777239,2100,2055,1448,1290,2100,1784,1440,1349,1348,1487,400,1394,100,0,0,0,4.761904716491699,0,4.761904716491699,0,0,0,0,0,0,65887.93377685547,129037.09478759766,192.3665771484375,100.84033203125,0,335872,33210380288,8589930496,1984073728,0
200,1737286777439,2100,2100,1475,400,2100,1929,1500,400,1438,1500,1360,1482,100,0,0,0,4.761904716491699,0,4.761904716491699,0,0,0,0,0,0,65889.51159667969,129037.62762451172,192.3665771484375,50,0,335872,33210380288,8589930496,1984053248,0
200,1737286777639,2100,1968,1447,1499,2100,2100,1491,1495,1499,1451,1464,1500,100,0,0,0,4.761904716491699,0,4.761904716491699,0,0,0,0,0,0,65890.90203857422,129038.02209472656,192.3665771484375,100.84033203125,0,335872,33210380288,8589930496,1984053248,0
200,1737286777839,2100,1823,1468,1322,2100,1764,1499,1389,1478,1500,1355,1392,100,0,0,0,4.761904716491699,0,4.761904716491699,0,0,0,0,0,0,65892.35266113281,129038.44799804688,192.3665771484375,99.58505249023438,0,335872,33210380288,8589930496,1984053248,0
200,1737286778039,2099,2006,1410,400,2005,2100,1451,1409,400,1406,1261,1035,100,0,0,0,4.761904716491699,0,4.761904716491699,0,0,0,0,0,0,65893.72619628906,129038.8383178711,192.3665771484375,100.41841125488281,0,335872,33210380288,8589930496,1984053248,0
200,1737286778240,2099,2025,1280,1449,719,2100,1379,1314,400,400,1064,400,100,0,0,0,4.761904716491699,0,4.761904716491699,0,0,0,0,0,0,65895.11199951172,129039.24438476563,192.3665771484375,100.84033203125,0,335872,33210380288,8589930496,1984053248,0
200,1737286778440,2100,1870,1432,1437,1958,1928,1346,1353,1315,1324,1417,400,100,0,0,0,4.761904716491699,0,4.761904716491699,0,0,0,0,0,0,65896.51440429688,129039.86120605469,192.3665771484375,100.84033203125,0,335872,33210380288,8589930496,1984053248,0
200,1737286778640,2099,1793,400,1345,1348,1410,1012,1007,1010,1063,400,1354,100,0,0,0.7142857313156128,1.4285714626312256,0.7142857313156128,0.7142857313156128,0.7142857313156128,0,0,0,0.7142857313156128,0,65898.04150390625,129040.50817871094,192.3665771484375,100,0,335872,33210380288,8589930496,1984876544,0
200,1737286778840,2099,1870,1382,1375,2099,1851,1455,1371,1481,1458,1319,1411,100,4.761904716491699,0,0,0,0,0,0,4.761904716491699,0,0,0,0,65899.44470214844,129041.11987304688,192.3665771484375,99.58505249023438,0,335872,33210380288,8589930496,1973813248,0
200,1737286779040,2100,1912,1399,1303,2066,2100,1499,1499,1500,1437,1227,1363,100,0,0,0,0,0,0,4.761904716491699,0,4.761904716491699,0,4.761904716491699,0,65900.8916015625,129041.74896240234,192.3665771484375,104.99999237060547,0,335872,33210380288,8589930496,1998192640,0
200,1737286779241,2099,1585,1500,1500,1873,1749,1089,400,1105,400,400,1331,100,0,0,0,0,0,0,4.761904716491699,0,4.761904716491699,0,4.761904716491699,0,65902.37823486328,129042.38208007813,192.3665771484375,100,0,335872,33210380288,8589930496,1998192640,0
200,1737286779441,2100,1888,1500,1499,1879,1934,1500,1500,1457,1500,1499,1469,100,0,0,0,0,0,0,0,0,4.761904716491699,0,0,0,65903.75799560547,129042.78607177734,192.3665771484375,95.39749145507813,0,335872,33210380288,8589930496,1998192640,0
199,1737286779641,2099,1978,1486,1448,2002,1671,1478,1499,1499,1499,1405,1480,100,0,0,4.761904716491699,0,0,0,0,0,0,0,0,0,65905.26318359375,129043.25854492188,192.3665771484375,100.41841125488281,0,335872,33210380288,8589930496,1998192640,0
200,1737286779841,2099,2023,1485,1422,1999,1933,1423,1368,1435,1446,1465,1500,100,0,0,4.761904716491699,0,0,0,0,0,0,0,0,0,65906.95849609375,129043.83197021484,192.3665771484375,100,0,335872,33210380288,8589930496,1998192640,0
200,1737286780041,2100,1832,1500,1144,1443,1840,1500,1499,1500,1499,1249,1373,100,0,0,4.761904716491699,0,0,0,0,0,0,0,0,0,65908.60217285156,129044.39819335938,192.3665771484375,52.71966552734375,0,335872,33210380288,8589930496,1998192640,0
200,1737286780241,2100,644,1189,1016,1444,400,1280,400,400,1458,1189,400,100,0,0,4.761904716491699,0,0,0,0,0,0,0,0,0,65910.2465209961,129044.9692993164,192.3665771484375,100.84033203125,0,335872,33210380288,8589930496,1998192640,0
200,1737286780442,2100,1822,1397,1447,1677,1870,1457,1431,1395,1446,1345,400,100,0,0,4.761904716491699,0,0,0,0,0,0,0,0,0,65911.60772705078,129045.35131835938,192.3665771484375,100.84033203125,0,335872,33210380288,8589930496,1998192640,0
200,1737286780642,2100,1921,1433,1479,1840,1845,1500,1499,1500,1500,1499,1495,100,0,0,0,0,0,0,0,0,0,0,0,0,65913.0464477539,129045.77410888672,192.3665771484375,100,0,335872,33210380288,8589930496,1998192640,0
200,1737286780842,2100,1978,1417,1437,2100,2100,1500,1336,1389,1500,1387,1400,100,0,0,0,0,0,0,0,0,0,0,0,0,65914.47155761719,129046.18518066406,192.3665771484375,100,0,335872,33210380288,8589930496,1998192640,0
200,1737286781042,2099,1839,1356,1400,1968,2069,1406,1404,1500,1470,1293,1409,100,0,0,0,0,0,0,0,0,0,0,0,0,65915.81628417969,129046.56451416016,192.3665771484375,100,0,335872,33210380288,8589930496,1998192640,0
200,1737286781242,2100,2055,1357,1361,1737,1861,1407,1463,1421,1433,1199,1255,100,4.761904716491699,4.761904716491699,0,5,0,0,5,4.761904716491699,0,0,0,0,65917.21264648438,129047.12396240234,192.3665771484375,95.39749145507813,0,335872,33210380288,8589930496,1998192640,0
200,1737286781443,2100,535,400,683,1950,1458,1352,1458,1155,400,754,400,100,0,0,0,0,0,0,0,0,0,0,0,0,65918.71417236328,129047.7689819336,192.3665771484375,100.41841125488281,0,335872,33210380288,8589930496,1998192640,0
200,1737286781643,2100,526,400,400,1871,1885,1361,1356,1435,1173,1161,400,100,0,0,0,0,0,0,0,0,0,0,0,0,65920.142578125,129048.38647460938,192.3665771484375,100.41841125488281,0,335872,33210380288,8589930496,1967992832,0
200,1737286781843,2100,2100,400,1337,2100,2100,1390,1500,400,1499,1402,1470,100,0,0,0,0,0,0,0,0,0,0,0,0,65921.5580444336,129049.001953125,192.3665771484375,50.209205627441406,0,335872,33210380288,8589930496,1992503296,0
200,1737286782043,2100,586,1464,1499,1801,2100,1313,1363,400,1398,1420,1500,100,0,0,0,0,0,0,0,0,0,0,0,0,65923.07733154297,129049.65057373047,192.3665771484375,100,0,335872,33210380288,8589930496,1992503296,0
200,1737286782243,2100,2008,1442,400,1528,1872,1164,1500,1500,1500,1389,1490,100,0,0,0,0,2.4691357612609863,0,1.2345678806304932,0,0,0,0,0,65924.4515991211,129050.12176513672,192.3665771484375,100,0,335872,33210380288,8589930496,1992503296,0
200,1737286782443,2100,1967,1252,1472,1713,2100,1357,1422,1399,1458,400,1295,100,0,0,0,0,2.4691357612609863,0,1.2345678806304932,0,0,0,0,0,65925.88427734375,129050.54364013672,192.3665771484375,99.58505249023438,0,335872,33210380288,8589930496,1992503296,0
200,1737286782644,2100,2034,1399,1166,1614,1311,1430,1357,1355,1377,898,1289,100,0,0,0,0,0,0,0,0,5,0,0,0,65927.54498291016,129051.09692382813,192.3665771484375,100.84033203125,0,335872,33210380288,8589930496,1992503296,0
199,1737286782844,2100,1978,1500,1478,1997,2100,1488,1393,1436,1499,1500,1289,100,0,0,0,0,0,0,0,0,0,0,0,0,65929.20098876953,129051.67370605469,192.3665771484375,100.41841125488281,0,335872,33210380288,8589930496,1992499200,0
200,1737286783044,2100,2043,1403,1426,1852,1924,1302,1387,1385,1389,1022,1450,100,0,0,0,0,0,0,0,0,0,0,0,0,65930.92687988281,129052.2797241211,192.3665771484375,100.41841125488281,0,335872,33210380288,8589930496,1992499200,0
200,1737286783244,2100,1942,1472,1500,2100,1967,1421,1410,1426,1404,1461,1473,100,0,0,0,0,0,0,0,0,0,0,0,0,65932.33129882813,129052.6967163086,192.3665771484375,50.10437774658203,0,335872,33210380288,8589930496,1992499200,0
200,1737286783444,2100,1980,1450,1453,1913,1905,1500,1473,1468,1475,1383,1471,100,0,0,0,0,0,0,0,0,0,0,0,0,65933.72998046875,129053.1015625,192.3665771484375,100,0,335872,33210380288,8589930496,1992499200,0
200,1737286783644,2100,2100,1390,1263,1675,1984,1453,1405,1451,1462,1356,1390,100,0,0,0,0,0,0,0,0,0,0,0,0,65935.21838378906,129053.54736328125,192.3665771484375,100.84033203125,0,335872,33210380288,8589930496,1992499200,0
200,1737286783845,2100,2047,1349,920,1830,2100,1416,1276,1297,1445,1241,1331,100,0,0,0,0,0,0,0,0,0,0,0,0,65936.54510498047,129053.91778564453,192.3665771484375,100.41841125488281,0,335872,33210380288,8589930496,1992499200,0
199,1737286784045,2100,1014,953,400,1181,400,1421,1323,1444,1440,684,918,100,1.6949152946472168,0,0,0.8333333730697632,0,0.8333333730697632,0,0.8333333730697632,0,0.8333333730697632,0,0,65937.93005371094,129054.3862915039,192.3665771484375,105.4393310546875,0,335872,33210380288,8589930496,1992499200,0
200,1737286784245,2100,2016,1443,1444,1819,1937,1450,1446,1352,1375,1463,1436,100,1.6949152946472168,0,0,0.8333333730697632,0,0.8333333730697632,0,0.8333333730697632,0,0.8333333730697632,0,0,65939.38836669922,129055.0210571289,192.3665771484375,95,0,335872,33210380288,8589930496,1992499200,0
200,1737286784445,2100,2010,1414,1448,2100,1791,1268,1155,1500,1500,1419,1436,100,1.6949152946472168,0,0,0.8333333730697632,0,0.8333333730697632,0,0.8333333730697632,0,0.8333333730697632,0,0,65940.8540649414,129055.64440917969,192.3665771484375,50.209205627441406,0,335872,33210380288,8589930496,1965289472,0
200,1737286784645,2100,1989,1470,1499,1808,1977,1500,1499,1403,1424,1500,1447,100,1.6949152946472168,0,0,0.8333333730697632,0,0.8333333730697632,0,0.8333333730697632,0,0.8333333730697632,0,0,65942.25189208984,129056.25408935547,192.3665771484375,99.58505249023438,0,335872,33210380288,8589930496,1989664768,0
200,1737286784845,2099,2100,400,1499,2008,2100,1499,1500,1448,1499,1500,1499,100,1.6949152946472168,0,0,0.8333333730697632,0,0.8333333730697632,0,0.8333333730697632,0,0.8333333730697632,0,0,65943.79052734375,129056.90539550781,192.3665771484375,99.58505249023438,0,335872,33210380288,8589930496,1997922304,0
200,1737286785045,2100,2048,400,1330,1746,1962,1332,1322,1173,1191,1443,1449,100,0,0,0,0,0,0,0,0,0,0,0,0,65945.1831665039,129057.48272705078,192.3665771484375,100.84033203125,0,335872,33210380288,8589930496,1997922304,0
200,1737286785246,2099,2049,1490,1337,1916,2019,1394,1365,1330,1364,1474,1474,100,0,0,0,0,0,0,0,0,0,0,0,0,65946.57934570313,129057.88995361328,192.3665771484375,99.58505249023438,0,335872,33210380288,8589930496,1997922304,0
199,1737286785446,2100,2044,1420,400,400,1809,1008,1076,1157,1049,1436,1370,100,0,0,0,0,0,0,0,0,0,0,0,0,65948.1157836914,129058.376953125,192.3665771484375,100.84033203125,0,335872,33210380288,8589930496,1997922304,0
200,1737286785646,2100,2099,1422,1446,1876,1904,1499,1500,1434,400,1431,1383,100,0,0,0,4.761904716491699,0,0,0,0,0,0,4.761904716491699,0,65949.81121826172,129058.97235107422,192.3665771484375,100.84033203125,0,335872,33210380288,8589930496,1997922304,0
200,1737286785846,2100,1984,1455,1500,1952,2099,1401,1325,1465,1462,1499,1474,100,0,4.761904716491699,0,0,5,0,0,0,0,0,0,0,65951.45654296875,129059.52655029297,192.3665771484375,99.1735610961914,0,335872,33210380288,8589930496,1997922304,0
200,1737286786046,2100,1894,1477,1499,2100,2011,1414,1474,1404,1483,1405,1423,100,0,0,0,0,0,0,0,0,0,0,0,0,65953.06188964844,129060.0785522461,192.3665771484375,100.41841125488281,0,335872,33210380288,8589930496,1997922304,0
200,1737286786246,2100,2050,1421,1421,1896,2100,1378,1364,1354,1393,1398,1415,100,0,0,0,0,0,0,0,0,0,0,0,0,65954.43994140625,129060.47088623047,192.3665771484375,100.41841125488281,0,335872,33210380288,8589930496,1997922304,0
200,1737286786447,2099,2100,1427,1414,2100,1822,1451,1499,1500,1472,1449,1374,100,0,0,0,0,0,0,0,0,0,0,0,0,65955.88189697266,129060.89270019531,192.3665771484375,100.41841125488281,0,335872,33210380288,8589930496,1997922304,0
200,1737286786647,2100,2099,1382,1444,1744,1720,1488,1500,1500,1500,1341,400,100,0,0,0,0,0,0,0,0,0,4.761904716491699,0,0,65957.30377197266,129061.310546875,192.3665771484375,100,0,335872,33210380288,8589930496,1997922304,0
200,1737286786847,2100,1894,1463,1411,1893,2100,1466,1137,1500,1484,1335,1445,100,0,0,0,0,0,0,0,0,0,0,0,0,65958.6572265625,129061.69189453125,192.3665771484375,100.41841125488281,0,335872,33210380288,8589930496,1997922304,0
200,1737286787047,2100,1986,1451,1481,1994,2100,1405,1496,1482,1480,400,1404,100,0,0,0,0,0,0,0,0,0,0,0,0,65960.05206298828,129062.24249267578,192.3665771484375,105.4393310546875,0,335872,33210380288,8589930496,1997922304,0
200,1737286787247,2100,1971,1477,1461,2099,2100,1458,1499,1499,1478,1438,1480,100,0,0,0,0,0,0,0,0,0,0,0,0,65961.58374023438,129062.88806152344,192.3665771484375,100.41841125488281,0,335872,33210380288,8589930496,1976991744,0
200,1737286787447,2100,2011,1312,1327,1851,2100,1416,1396,1401,1470,1381,1307,100,0,0,0,0,4.761904716491699,0,4.761904716491699,0,0,0,0,0,65962.9849243164,129063.50201416016,192.3665771484375,101.26582336425781,0,335872,33210380288,8589930496,1977208832,0
200,1737286787647,2100,2100,1446,1456,2021,1921,1420,1393,1474,1479,1359,1441,100,0,0,0,0,4.761904716491699,0,4.761904716491699,0,0,0,0,0,65964.47723388672,129064.15032958984,192.3665771484375,100,0,335872,33210380288,8589930496,1993207808,0
200,1737286787848,2100,2100,1500,1408,2099,2100,400,1304,1499,1500,1387,1499,100,0,0,0,0,0,0,0,0,0,0,0,0,65965.9253540039,129064.76953125,192.3665771484375,100.41841125488281,0,335872,33210380288,8589930496,1984835584,0
200,1737286788048,2100,1904,400,1414,1769,2099,1500,1500,1500,1466,1296,1402,100,0,0,0,0,0,0,0,0,0,0,0,0,65967.31042480469,129065.27490234375,192.3665771484375,95.39749145507813,0,335872,33210380288,8589930496,1984835584,0
200,1737286788248,2099,1946,1429,1412,2030,2100,1479,1460,1465,1500,1339,1355,100,5,0,0,4.761904716491699,0,0,0,0,4.761904716491699,0,0,0,65968.7357788086,129065.69201660156,192.36724853515625,101.26582336425781,0,335872,33210380288,8589930496,1984835584,0
200,1737286788448,2100,1998,1459,1487,1980,2100,1500,1499,1499,1431,1499,1500,100,5,0,0,4.761904716491699,0,0,0,0,4.761904716491699,0,0,0,65970.32977294922,129066.21813964844,192.36724853515625,100,0,335872,33210380288,8589930496,1984569344,0
200,1737286788648,2100,1729,1405,1390,2099,2100,1382,1372,1336,1375,1310,1321,100,0,0,0,0,0,0,0,0,0,0,0,0,65972.01647949219,129066.81774902344,192.36724853515625,100.84033203125,0,335872,33210380288,8589930496,1984569344,0
200,1737286788849,2100,1919,1292,1317,1648,1878,828,1313,1429,1446,400,1376,100,5,0,0,0,0,0,4.761904716491699,4.761904716491699,0,0,0,0,65973.7060546875,129067.39318847656,192.36724853515625,100,0,335872,33210380288,8589930496,1984569344,0
200,1737286789049,2100,2100,1468,400,2100,2100,1500,1499,1500,1500,1334,1458,100,0,0,0,0,0,4.761904716491699,0,0,0,0,0,0,65975.21105957031,129067.8851928711,192.36724853515625,100.84033203125,0,335872,33210380288,8589930496,1984569344,0
200,1737286789249,2100,2054,1500,1404,1965,1737,1500,1479,1483,1478,1353,1433,100,0,0,4.761904716491699,0,0,4.761904716491699,0,0,0,0,0,0,65976.5884399414,129068.27642822266,192.36724853515625,99.58505249023438,0,335872,33210380288,8589930496,1984569344,0
200,1737286789449,2100,1673,1411,1448,1597,1695,1499,1480,1455,1477,1342,1500,100,0,4.761904716491699,0,0,0,0,0,0,0,0,0,0,65978.0238647461,129068.69927978516,192.36724853515625,100.41841125488281,0,335872,33210380288,8589930496,1984569344,0
200,1737286789649,2100,1906,1348,1421,1575,1976,1500,1471,1439,1479,1242,1334,100,0,4.761904716491699,0,0,0,0,0,0,0,0,0,0,65979.40338134766,129069.09881591797,192.36724853515625,100,0,335872,33210380288,8589930496,1984569344,0
200,1737286789850,2100,2010,1390,1348,2100,1868,1433,400,1432,1442,1181,1340,100,0,0,0,0,5,0,0,0,0,0,0,0,65980.76837158203,129069.48669433594,192.36724853515625,100.41841125488281,0,335872,33210380288,8589930496,1984569344,0
199,1737286790050,2100,462,1320,1275,1790,400,1458,1398,1420,1407,1295,1074,100,0,0,0,0,5,0,0,0,0,0,0,0,65982.22485351563,129070.09899902344,192.36724853515625,52.8301887512207,0,335872,33210380288,8589930496,1992568832,0
199,1737286790250,2100,664,1409,400,1075,400,1320,1393,1268,1311,400,1362,100,0,0,0,0,5,0,0,0,0,0,0,0,65983.693359375,129070.72442626953,192.36724853515625,99.58505249023438,0,335872,33210380288,8589930496,1974628352,0
200,1737286790450,2099,2100,1499,1468,1992,1863,1499,400,1499,1449,1439,1377,100,0,0,0,0,5,0,0,0,0,0,0,0,65985.07147216797,129071.32666015625,192.36724853515625,100.84033203125,0,335872,33210380288,8589930496,1990746112,0
200,1737286790650,2099,2007,1255,1260,1805,2100,1405,1499,1474,1480,1302,1301,100,0,0,0,0,5,0,0,0,0,0,0,0,65986.60809326172,129071.9780883789,192.36724853515625,100.41841125488281,0,335872,33210380288,8589930496,1990033408,0
200,1737286790850,2100,501,1306,1097,400,1632,400,400,400,400,1235,1141,100,0,0,0,0,5,0,0,0,0,0,0,0,65988.00231933594,129072.58996582031,192.36724853515625,100.41841125488281,0,335872,33210380288,8589930496,1990033408,0
200,1737286791050,2100,2100,1471,1462,1978,1942,1407,1461,1464,1481,1385,1399,100,0,0,0,0,0,0,4.761904716491699,0,0,0,0,0,65989.37329101563,129073.06939697266,192.36724853515625,95,0,335872,33210380288,8589930496,1990033408,0
200,1737286791251,2100,1945,1499,1499,400,1153,1440,1356,1499,1435,1069,400,100,0,4.761904716491699,0,0,0,0,0,0,4.761904716491699,0,0,0,65990.80053710938,129073.48797607422,192.36724853515625,100.41841125488281,0,335872,33210380288,8589930496,1990033408,0
200,1737286791451,2099,578,400,400,400,1280,1289,1283,1388,1438,907,1331,100,0,0,0,0,0,4.761904716491699,0,0,0,0,0,0,65992.43963623047,129074.03485107422,192.36724853515625,100,0,335872,33210380288,8589930496,1989857280,0
199,1737286791651,2100,1820,1500,1500,1942,1988,1499,1487,1473,1450,1327,1485,100,4.761904716491699,0,0,0,4.761904716491699,0,0,4.761904716491699,0,4.761904716491699,0,0,65994.10485839844,129074.62017822266,192.36724853515625,100.41841125488281,0,335872,33210380288,8589930496,1989857280,0
199,1737286791851,2100,1969,1462,1299,1986,1986,1416,1448,1414,1471,1276,1356,100,0,0,0,0,0,0,0,0,0,0,0,0,65995.82055664063,129075.2162475586,192.36724853515625,104.99999237060547,0,335872,33210380288,8589930496,1989857280,0
200,1737286792051,2100,2015,1416,1500,2100,1971,1476,1441,1458,1449,1499,1468,100,0,0,0,0,0,0,0,0,0,0,0,0,65997.29663085938,129075.6909790039,192.36724853515625,100,0,335872,33210380288,8589930496,1989857280,0
200,1737286792251,2100,520,1463,1407,718,1681,1214,1257,1164,1177,400,400,100,0,0,0,0,0,0,0,4.761904716491699,0,0,0,0,65998.66931152344,129076.08374023438,192.36724853515625,100.41841125488281,0,335872,33210380288,8589930496,1989857280,0
200,1737286792452,2100,2019,1274,1046,400,1960,1500,1434,1445,1435,1356,1132,100,0,0,0,4.761904716491699,0,0,4.761904716491699,0,0,0,0,0,66000.08544921875,129076.4994506836,192.36724853515625,100,0,335872,33210380288,8589930496,1989857280,0
200,1737286792652,2100,1880,400,1475,2099,2100,1500,1500,1345,1424,1376,400,100,0,0,0,0,0,0,0,0,0,0,0,0,66001.49536132813,129076.9135131836,192.36724853515625,100,0,335872,33210380288,8589930496,1989857280,0
200,1737286792852,2100,2023,1463,1026,2100,1906,1500,1499,1483,1500,400,1472,100,4.761904716491699,0,0,0,0,0,0,0,4.761904716491699,0,0,0,66002.84942626953,129077.29418945313,192.36724853515625,100.84033203125,0,335872,33210380288,8589930496,1989857280,0
200,1737286793052,2100,536,400,400,1523,1237,1437,1445,1477,1500,1389,400,100,0,0,0,0,0,0,0,0,0,0,0,0,66004.33587646484,129077.88677978516,192.36724853515625,100.41841125488281,0,335872,33210380288,8589930496,1991663616,0
200,1737286793252,2099,2100,1336,1444,1961,1931,1499,1430,1398,1499,1287,1248,100,0,0,0,0,0,0,0,0,0,0,0,0,66005.76849365234,129078.50689697266,192.36724853515625,100.41841125488281,0,335872,33210380288,8589930496,1973125120,0
200,1737286793453,2099,2032,1500,1450,1784,1921,1372,1369,1316,1444,1036,1456,100,0,0,0,0,0,0,0,0,0,0,0,0,66007.16345214844,129079.119140625,192.36724853515625,104.99999237060547,0,335872,33210380288,8589930496,1997537280,0
200,1737286793653,2099,828,1283,1484,400,1796,1415,1384,1447,1371,400,1272,100,0,0,0,0,0,0,0,0,0,0,0,0,66008.69207763672,129079.77124023438,192.36724853515625,47.69874572753906,0,335872,33210380288,8589930496,1989763072,0
199,1737286793853,2100,2100,1458,1409,1952,1818,1437,1407,1464,1474,1469,1445,100,0,0,0,0,0,0,0,0,0,0,0,0,66010.09716796875,129080.38946533203,192.36724853515625,100,0,335872,33210380288,8589930496,1989763072,0
200,1737286794053,2100,1851,1226,1500,1710,1546,1496,1393,1240,1426,1239,1398,100,0,0,0,0,0,0,0,0,0,0,0,0,66011.57861328125,129081.02532958984,192.36724853515625,100,0,335872,33210380288,8589930496,1991458816,0
200,1737286794253,2100,1645,1377,1419,1966,1683,1175,1419,1248,1331,1454,1409,100,0,0,0,0,0,0,0,0,0,0,0,0,66012.98828125,129081.50500488281,192.36724853515625,50,0,335872,33210380288,8589930496,1991458816,0
200,1737286794453,2100,2017,1437,1437,1942,1953,1484,1444,1353,1440,1333,1490,100,0,0,0,0,0,0,0,0,0,0,0,0,66014.44396972656,129081.94494628906,192.36724853515625,50,0,335872,33210380288,8589930496,1988169728,0
200,1737286794654,2100,2100,1382,1374,1881,1872,1413,1421,1432,1353,400,1389,100,0.8547009229660034,0.8264462351799011,1.6528924703598022,0.8333333730697632,0.8333333730697632,1.6528924703598022,0.8333333730697632,0.8333333730697632,0,0.8333333730697632,0.8333333730697632,0,66016.09753417969,129082.49798583984,192.36724853515625,100.41841125488281,0,335872,33210380288,8589930496,1988169728,0
200,1737286794854,2100,1816,1359,1340,1959,1949,1230,1219,1237,1220,1395,1333,100,0,4.761904716491699,0,0,0,0,0,0,0,0,0,0,66017.74621582031,129083.0712890625,192.36724853515625,100.84033203125,0,335872,33210380288,8589930496,1988169728,0
200,1737286795054,2100,2100,1499,1477,2100,2100,1139,1499,1400,400,1499,1499,100,0,0,0,0,0,0,0,0,0,0,0,0,66019.48455810547,129083.68878173828,192.36724853515625,100,0,335872,33210380288,8589930496,1988169728,0
200,1737286795254,2100,1576,1408,1381,1794,2100,1499,1461,1500,1455,400,1473,100,0,0,0,0,0,0,0,0,0,0,0,0,66020.85089111328,129084.0814819336,192.36724853515625,100.84033203125,0,335872,33210380288,8589930496,1988169728,0
200,1737286795454,2100,2074,1475,1387,2100,2100,1500,1500,1472,1458,1469,1499,100,0,0,0,0,0,0,0,0,0,0,0,0,66022.24725341797,129084.48760986328,192.36724853515625,99.58505249023438,0,335872,33210380288,8589930496,1980018688,0
200,1737286795654,2100,1835,1376,1414,1944,1951,1381,1301,1232,1268,1353,1393,100,0,0,0,0,0,0,0,0,0,0,0,0,66023.70825195313,129084.923828125,192.36724853515625,50.209205627441406,0,335872,33210380288,8589930496,1980018688,0
200,1737286795855,2099,2100,1394,1322,1989,1837,1414,1237,1381,1375,1351,1406,100,0,0,0,0,0,0,0,0,0,0,0,0,66025.0386352539,129085.2933959961,192.36724853515625,50.209205627441406,0,335872,33210380288,8589930496,1980018688,0
200,1737286796055,2100,552,1046,1298,1985,400,1422,400,1417,1439,1200,1356,100,0,0,0,0,0,0,0,0,4.761904716491699,0,4.761904716491699,0,66026.4302368164,129085.8344116211,192.36724853515625,105.8823471069336,0,335872,33210380288,8589930496,1980018688,0
200,1737286796255,2100,1916,1499,400,1906,2099,1500,1500,1500,1500,1447,1463,100,0,0,0,0,0,0,0,0,4.761904716491699,0,0,0,66027.84783935547,129086.45306396484,192.36724853515625,95,0,335872,33210380288,8589930496,1996091392,0
200,1737286796455,2099,1251,1032,1475,1622,1870,1371,1170,1266,1259,983,1140,100,0,0,0,0,0,0,0,0,4.761904716491699,0,0,0,66029.34924316406,129087.09106445313,192.36724853515625,100.41841125488281,0,335872,33210380288,8589930496,1979047936,0
200,1737286796655,2100,1940,1455,1446,1798,1947,1499,1500,1499,1499,1430,1406,100,0,0,0,0,0,0,0,0,0,0,0,0,66030.75958251953,129087.71203613281,192.36724853515625,104.99999237060547,0,335872,33210380288,8589930496,1979047936,0
200,1737286796855,2100,1986,1478,1422,1968,2100,1393,1312,1397,1404,400,1421,100,0,0,0,0,0,0,0,0,0,0,0,0,66032.26690673828,129088.36041259766,192.36724853515625,100,0,335872,33210380288,8589930496,1995165696,0
200,1737286797056,2100,2047,1326,1406,1908,2100,1429,1370,1395,1447,1354,400,100,0,0,0,0,0,0,0,0,0,0,0,0,66033.65734863281,129088.83709716797,192.36724853515625,95.7983169555664,0,335872,33210380288,8589930496,1995165696,0
200,1737286797256,2100,2100,400,1499,2100,1897,1500,1500,1500,1499,1335,1474,100,0,0,0,0,0,0,0,0,0,0,0,0,66035.10443115234,129089.27038574219,192.36724853515625,100.84033203125,0,335872,33210380288,8589930496,1995165696,0
200,1737286797456,2100,1589,400,400,400,1020,1391,400,1308,400,400,400,100,0,0,0,0,0,0,0,0,0,0,0,0,66036.75329589844,129089.81994628906,192.36724853515625,100,0,335872,33210380288,8589930496,1994866688,0
200,1737286797656,2100,1618,1500,1500,1872,1747,1499,1499,1499,1318,1419,1500,100,0,4.761904716491699,4.761904716491699,4.761904716491699,0,0,0,0,0,4.761904716491699,0,0,66038.4146118164,129090.39880371094,192.36724853515625,100.41841125488281,0,335872,33210380288,8589930496,1994866688,0
200,1737286797856,2100,500,1476,1271,1102,1883,1361,1377,1324,1304,1181,1442,100,0,0,0,0,4.761904716491699,0,0,0,0,0,0,0,66040.14587402344,129091.01251220703,192.36724853515625,100,0,335872,33210380288,8589930496,1994866688,0
200,1737286798057,2099,1832,1287,1499,1652,400,400,400,400,400,400,1390,100,0,0,0,0,0,0,0,0,0,0,0,0,66041.50219726563,129091.39874267578,192.36724853515625,100.41841125488281,0,335872,33210380288,8589930496,1994866688,0
199,1737286798257,2100,1781,1458,1452,1706,2100,1500,1500,1500,1500,1411,1380,100,5,0,0,0,4.761904716491699,0,5,0,0,0,0,0,66042.90869140625,129091.80541992188,192.367919921875,100.41841125488281,0,335872,33210380288,8589930496,1994866688,0
200,1737286798457,2100,658,400,400,400,400,1340,1319,1380,1499,400,400,100,5,0,0,0,4.761904716491699,0,5,0,0,0,0,0,66044.37561035156,129092.24291992188,192.367919921875,99.58505249023438,0,335872,33210380288,8589930496,1986596864,0
200,1737286798657,2100,1952,1417,1481,2100,2100,1500,1330,1420,1485,1377,1408,100,5,0,0,0,4.761904716491699,0,5,0,0,0,0,0,66045.71179199219,129092.61065673828,192.367919921875,50.209205627441406,0,335872,33210380288,8589930496,1986596864,0
200,1737286798857,2100,2100,1499,1500,1793,1954,1433,1328,1474,1474,535,1423,100,5,0,0,0,4.761904716491699,0,5,0,0,0,0,0,66047.10089111328,129093.14147949219,192.367919921875,100.41841125488281,0,335872,33210380288,8589930496,1986596864,0
200,1737286799057,2099,2100,1444,1363,1728,1899,1330,1468,1459,1465,1291,1313,100,5,0,0,0,4.761904716491699,0,5,0,0,0,0,0,66048.54516601563,129093.77227783203,192.367919921875,100.41841125488281,0,335872,33210380288,8589930496,1994412032,0
200,1737286799258,2100,2018,1500,1432,1991,2100,1470,1499,1500,1499,1036,1459,100,5,0,0,0,4.761904716491699,0,5,0,0,0,0,0,66050.05407714844,129094.40893554688,192.367919921875,104.99999237060547,0,335872,33210380288,8589930496,1982750720,0
200,1737286799458,2100,1897,1462,1422,1849,2100,1500,1500,1500,400,1399,1420,100,5,0,0,0,4.761904716491699,0,5,0,0,0,0,0,66051.44274902344,129095.01452636719,192.367919921875,95.7983169555664,0,335872,33210380288,8589930496,1982709760,0
200,1737286799658,2100,2100,1500,1499,2100,2099,1500,1500,1499,1499,1471,1254,100,0,0.7092198133468628,0.7142857313156128,0.7142857313156128,0,0,0.7092198133468628,1.4184396266937256,0.7142857313156128,0,0.7142857313156128,0,66052.9595336914,129095.66333007813,192.367919921875,100.84033203125,0,335872,33210380288,8589930496,1998966784,0
200,1737286799858,2100,1940,1305,1279,1797,1751,1426,1459,1474,1475,828,1298,100,0,0,0,0,0,4.761904716491699,0,0,0,0,0,0,66054.36029052734,129096.1509399414,192.367919921875,100.41841125488281,0,335872,33210380288,8589930496,1991192576,0
200,1737286800058,2100,2041,1500,1474,2000,2100,1362,1400,1471,1480,1300,1421,100,0,0,0,0,0,4.761904716491699,0,0,0,0,0,0,66055.81188964844,129096.58337402344,192.367919921875,99.58505249023438,0,335872,33210380288,8589930496,1991192576,0
200,1737286800258,2100,1690,1397,1332,1940,1919,1451,1442,1268,1361,400,400,100,0,0,0,0,0,4.761904716491699,0,0,0,0,0,0,66057.47747802734,129097.14038085938,192.367919921875,50.209205627441406,0,335872,33210380288,8589930496,1991192576,0
199,1737286800459,2100,517,1296,1255,2100,400,400,1220,1379,1369,987,400,100,0,0,0,0,0,4.761904716491699,0,0,0,0,0,0,66059.13732910156,129097.71862792969,192.367919921875,100,0,335872,33210380288,8589930496,1991053312,0
200,1737286800659,2099,1990,1393,1404,1680,1873,1329,1291,1156,1221,1021,1416,100,1.2658227682113647,0,0,0,1.25,1.2345678806304932,0,0,1.25,0,0,0,66060.86962890625,129098.3286743164,192.367919921875,100,0,335872,33210380288,8589930496,1991053312,0
200,1737286800859,2100,1880,1346,400,1861,2099,1057,1500,1499,1500,1404,1444,100,0,0,0,0,0,0,4.761904716491699,0,0,0,5,0,66062.2466430664,129098.72888183594,192.367919921875,100.41841125488281,0,335872,33210380288,8589930496,1991053312,0
199,1737286801059,2099,1892,1404,1478,2038,2100,1485,400,1479,1480,1460,1470,100,0,0,0,0,0,0,0,0,0,0,0,0,66063.65362548828,129099.14050292969,192.367919921875,99.58505249023438,0,335872,33210380288,8589930496,1991053312,0
200,1737286801259,2084,2019,1442,1463,1802,2099,1500,1444,1347,1356,400,1430,100,0,0,0,0,0,0,0,0,0,0,0,0,66065.13348388672,129099.58337402344,192.367919921875,100,0,335872,33210380288,8589930496,1991053312,0
200,1737286801459,2100,1102,1351,1342,1849,1768,1421,1460,1438,1469,1243,400,100,0,0,4.761904716491699,4.761904716491699,0,0,0,0,0,0,0,0,66066.4555053711,129099.94744873047,192.367919921875,100.84033203125,0,335872,33210380288,8589930496,1986269184,0
200,1737286801660,2100,1778,1477,1419,2100,1884,1406,1380,1370,1407,1298,1392,100,0,0,0,4.761904716491699,0,0,5,4.761904716491699,4.761904716491699,0,0,0,66067.84826660156,129100.46185302734,192.367919921875,100,0,335872,33210380288,8589930496,1986269184,0
200,1737286801860,2100,2038,1452,1425,1948,1879,1393,1397,1403,1463,1328,1460,100,0,0,0,4.761904716491699,0,0,5,4.761904716491699,4.761904716491699,0,0,0,66069.2778930664,129101.08282470703,192.367919921875,100.41841125488281,0,335872,33210380288,8589930496,1993986048,0
200,1737286802060,2099,2100,1439,1479,1721,2100,1433,1500,1500,1500,1459,1429,100,0,0,0,0,0,0,0,0,0,0,0,0,66070.80401611328,129101.73327636719,192.367919921875,105.8823471069336,0,335872,33210380288,8589930496,1979334656,0
200,1737286802260,2099,522,1443,400,2100,1990,1482,1499,400,1471,1325,1427,100,0,0,0,0,0,0,0,0,0,0,0,0,66072.20440673828,129102.3501586914,192.367919921875,100.41841125488281,0,335872,33210380288,8589930496,1979334656,0
200,1737286802460,2100,1954,1483,1279,2100,2099,1480,1403,1442,1477,1449,1408,100,5,0,0,0,0,5,0,0,0,4.761904716491699,0,0,66073.7211303711,129102.99938964844,192.367919921875,100.41841125488281,0,335872,33210380288,8589930496,1995341824,0
199,1737286802660,2100,466,400,1123,1550,1794,1335,1222,1499,1326,1027,1032,100,0,0,0,0,4.761904716491699,0,0,0,0,0,0,0,66075.1226196289,129103.51342773438,192.367919921875,95,0,335872,33210380288,8589930496,1986371584,0
200,1737286802860,2100,2100,1212,1186,1955,1624,1439,400,1417,1417,1171,1367,100,0,0,0,0,4.761904716491699,0,0,0,0,0,0,0,66076.54571533203,129103.92419433594,192.367919921875,100.41841125488281,0,335872,33210380288,8589930496,1986371584,0
200,1737286803061,2100,1184,1273,1240,400,1374,1500,1332,1400,1446,1211,1302,100,0,0,0,0,0,0,0,0,0,0,0,0,66078.17645263672,129104.46875,192.367919921875,100,0,335872,33210380288,8589930496,1986371584,0
199,1737286803261,2100,2100,1465,1453,2100,2100,1499,1459,400,1497,1499,400,100,0,0,0,0,0,0,0,0,0,0,0,0,66079.84692382813,129105.0478515625,192.367919921875,100.41841125488281,0,335872,33210380288,8589930496,1986371584,0
199,1737286803461,2100,1994,1477,1475,2033,2099,1500,1442,400,1500,1385,1437,100,0,0,0,0,0,0,0,0,0,0,0,0,66081.56811523438,129105.64190673828,192.367919921875,100,0,335872,33210380288,8589930496,1986252800,0
200,1737286803661,2100,2015,1330,1426,1794,2100,1454,1460,1498,1471,1336,1500,100,0,0,4.761904716491699,0,0,0,0,0,0,0,0,0,66083.01202392578,129106.08489990234,192.367919921875,100.84033203125,0,335872,33210380288,8589930496,1986252800,0
200,1737286803861,2100,1969,1500,1499,1899,2100,1500,1427,1454,1467,1499,1356,100,0,0,0,0,0,0,0,0,0,0,0,0,66084.40344238281,129106.48461914063,192.367919921875,104.99999237060547,0,335872,33210380288,8589930496,1986252800,0
200,1737286804061,2100,1935,1310,1499,2031,2100,1465,1478,1473,1409,1277,1388,100,0,0,0,0,0,0,0,0,0,0,0,0,66085.89288330078,129106.9291381836,192.367919921875,100.41841125488281,0,335872,33210380288,8589930496,1986252800,0
200,1737286804261,2100,2036,1149,1458,1834,400,1260,1433,1274,1253,1432,780,100,0,0,0,4.761904716491699,0,0,0,0,0,0,0,0,66087.22875976563,129107.30090332031,192.367919921875,100,0,335872,33210380288,8589930496,1986252800,0
200,1737286804462,2099,2024,1093,1473,1907,1964,1400,1418,1380,1345,1124,1198,100,5,4.761904716491699,0,0,0,0,0,0,4.761904716491699,0,0,0,66088.61853027344,129107.77056884766,192.367919921875,100.84033203125,0,335872,33210380288,8589930496,1986252800,0
200,1737286804662,2100,1810,862,796,1817,400,400,1397,1289,1436,400,400,100,0,0,0,0,0,0,4.761904716491699,0,0,0,0,0,66090.02117919922,129108.38311767578,192.367919921875,100.41841125488281,0,335872,33210380288,8589930496,1994252288,0
199,1737286804862,2099,2015,1339,1458,1954,1821,1359,1316,1495,1448,1280,1325,100,0,0,0,0,0,0,4.761904716491699,0,0,0,0,0,66091.5415649414,129109.02526855469,192.367919921875,100.41841125488281,0,335872,33210380288,8589930496,1976012800,0
200,1737286805062,2099,2015,1399,1429,1763,1670,1259,1334,1294,1281,1201,1392,100,0,0,0,0,0,0,4.761904716491699,0,0,0,0,0,66092.94274902344,129109.64038085938,192.367919921875,50,0,335872,33210380288,8589930496,1976012800,0
200,1737286805262,2100,1458,1250,1248,1485,1791,1301,1403,1244,1395,1442,1266,100,0,0,0,0,0,0,4.761904716491699,0,0,0,0,0,66094.44110107422,129110.28137207031,192.367919921875,100.41841125488281,0,335872,33210380288,8589930496,1992163328,0
200,1737286805462,2099,2045,1499,1453,1309,2100,1443,1499,1500,1478,400,1441,100,0,0,0,0,0,0,4.761904716491699,0,0,0,0,0,66095.86737060547,129110.84649658203,192.367919921875,100,0,335872,33210380288,8589930496,1981997056,0
200,1737286805662,2100,2100,1434,1445,1812,2008,1469,1427,1391,1344,1426,400,100,0,0,0,0,0,0,4.761904716491699,0,0,0,0,0,66097.27667236328,129111.25415039063,192.367919921875,100,0,335872,33210380288,8589930496,1981997056,0
199,1737286805863,2100,2056,1436,1396,2100,1928,1449,1349,1394,1472,1461,1466,100,0,0,0.9900990128517151,1,1,1,0,1,0.9900990128517151,1,0.9900990128517151,0,66098.83880615234,129111.75402832031,192.367919921875,100.84033203125,0,335872,33210380288,8589930496,1981997056,0
199,1737286806063,2100,2099,1410,400,2043,1948,1499,1499,1427,1500,1365,1384,100,0,0,0,0,0,0,0,0,0,0,0,0,66100.53228759766,129112.35162353516,192.367919921875,100.41841125488281,0,335872,33210380288,8589930496,1981997056,0
200,1737286806263,2100,2041,400,400,630,1839,1413,1500,1424,1412,400,400,100,0,0,0,0,0,0,0,0,0,0,0,0,66102.21142578125,129112.91638183594,192.367919921875,100,0,335872,33210380288,8589930496,1981997056,0
200,1737286806463,2100,2100,1499,1470,1838,2100,1399,772,400,1399,1499,1485,100,0,0,0,0,0,0,0,0,0,0,0,0,66103.74523925781,129113.42303466797,192.367919921875,50.209205627441406,0,335872,33210380288,8589930496,1981886464,0
200,1737286806663,2100,2099,1471,1473,1885,2100,1318,1440,1382,1294,1424,1432,100,0,0,0,0,0,0,0,0,0,0,0,0,66105.14825439453,129113.82696533203,192.367919921875,100,0,335872,33210380288,8589930496,1981886464,0
200,1737286806863,2100,1964,1427,1346,1752,2100,1416,1500,1430,1458,1216,1429,100,0,0,0,0,0,0,0,0,0,0,0,0,66106.59875488281,129114.25048828125,192.367919921875,100.41841125488281,0,335872,33210380288,8589930496,1981886464,0
200,1737286807063,2099,2100,1391,1377,2100,1950,1470,1417,1402,1399,1332,1378,100,0,0,0,0,0,0,0,0,0,0,0,0,66107.96112060547,129114.64727783203,192.367919921875,100.41841125488281,0,335872,33210380288,8589930496,1981886464,0
200,1737286807264,2099,2034,400,1155,1929,1281,400,1499,1445,400,819,400,100,0,0,0,0,0,0,0,0,0,0,0,0,66109.33508300781,129115.04278564453,192.367919921875,100,0,335872,33210380288,8589930496,1981886464,0
200,1737286807464,2100,1847,1402,1367,1948,1943,1376,1447,1431,1441,400,400,100,0,0,0,0,0,0,0,0,0,0,0,0,66110.73205566406,129115.65490722656,192.367919921875,100,0,335872,33210380288,8589930496,1989885952,0
200,1737286807664,2100,1935,1435,1466,2041,1829,1477,1476,1461,1500,1472,1436,100,0,0,0,0,0,0,0,0,0,0,0,0,66112.26849365234,129116.30395507813,192.367919921875,47.69874572753906,0,335872,33210380288,8589930496,1981100032,0
200,1737286807864,2100,634,400,1037,895,1737,1029,400,400,400,400,400,100,0,0,0,0,0,0,0,0,0,0,0,0,66113.65771484375,129116.91290283203,192.367919921875,52.71966552734375,0,335872,33210380288,8589930496,1981100032,0
200,1737286808064,2100,2045,1449,1499,1951,1918,1393,1348,1372,1406,1455,1432,100,0,0,0,0,0,0,0,0,0,0,0,0,66115.13958740234,129117.55871582031,192.367919921875,50.10437774658203,0,335872,33210380288,8589930496,1997127680,0
200,1737286808265,2100,2023,1499,1500,2099,2100,1500,1414,1423,1437,1447,1499,100,0,0,0,0,0,0,0,0,0,0,0,0,66116.59405517578,129118.17785644531,192.367919921875,100,0,335872,33210380288,8589930496,1997127680,0
200,1737286808465,2100,2028,1443,1435,1799,1850,1402,1365,1434,1421,1219,1409,100,0,0,0,0,0,0,0,0,0,0,0,0,66117.9736328125,129118.59460449219,192.367919921875,100,0,335872,33210380288,8589930496,1997127680,0
162,1737286808702,2099,557,1008,400,1645,1921,1499,1499,1442,1499,1025,1141,100,0,0,0,0,0,0,0,0,0,0,0,0,66119.77416992188,129119.15557861328,192.367919921875,52.873565673828125,0,335872,33210380288,8589930496,1997127680,0
200,1737286808865,2099,1990,1500,1440,1987,2014,1442,1409,1472,1478,400,1459,100,0,0,0,0,0,0,0,0,0,0,0,0,66121.15930175781,129119.63293457031,192.367919921875,39.08045959472656,0,335872,33210380288,8589930496,1997127680,0
200,1737286809065,2100,2100,1440,400,1937,1784,1441,1408,1147,1401,1147,1409,100,0,0,0,0,0,0,0,0,0,0,0,0,66122.8119506836,129120.19891357422,192.367919921875,55.299537658691406,0,335872,33210380288,8589930496,1997127680,0
200,1737286809266,2099,1885,1239,1386,2100,1690,1353,1391,1459,1469,1202,1238,100,0,0,0,0,0,0,0,0,0,0,0,0,66124.50866699219,129120.80187988281,192.367919921875,100,0,335872,33210380288,8589930496,1997127680,0
199,1737286809466,2100,596,400,1466,1764,1738,952,1279,1102,1106,1441,1414,100,0,0,0,0,0,0,0,0,0,0,0,0,66125.86730957031,129121.1796875,192.367919921875,100.41841125488281,0,335872,33210380288,8589930496,1997127680,0
200,1737286809666,2099,2100,1427,1334,1857,1855,1499,1499,1499,1423,400,1363,100,0,0,0,0,0,0,0,0,0,0,0,0,66127.26336669922,129121.58166503906,192.367919921875,100.41841125488281,0,335872,33210380288,8589930496,1997127680,0
200,1737286809866,2100,1561,1213,400,1887,1873,1324,1237,1259,1323,400,1236,100,0,0,0,0,0,0,0,0,0,0,0,0,66128.72467041016,129122.01824951172,192.367919921875,100.41841125488281,0,335872,33210380288,8589930496,1997127680,0
200,1737286810066,2100,1816,1500,1500,1993,2100,1484,1499,1449,1458,1427,1500,100,0,0,0,0,0,0,0,0,0,0,0,0,66130.06298828125,129122.39001464844,192.367919921875,100.84033203125,0,335872,33210380288,8589930496,1997127680,0
200,1737286810266,2100,1992,1433,1167,1033,1707,1457,1417,1467,1393,1321,1403,100,0,0,0,0,0,0,0,0,0,0,0,0,66131.4536743164,129122.91497802734,192.367919921875,99.58505249023438,0,335872,33210380288,8589930496,1997127680,0
200,1737286810467,2100,2029,1165,858,1991,1655,1475,1499,1454,1499,956,400,100,0,0,4.761904716491699,5,0,0,0,0,0,4.761904716491699,0,0,66132.99865722656,129123.59448242188,192.367919921875,105.4393310546875,0,335872,33210380288,8589930496,1998934016,0
200,1737286810667,2100,510,400,1374,400,1760,1146,1046,911,1097,1278,1372,100,0,0,0,0,4.761904716491699,4.761904716491699,0,4.761904716491699,0,5,0,0,66134.41998291016,129124.2075805664,192.368408203125,95.39749145507813,0,335872,33210380288,8589930496,1969631232,0
200,1737286810867,2100,1704,1407,1079,1930,1929,1434,1253,1350,1446,400,1417,100,0,0,0,0,4.761904716491699,5,0,0,0,0,0,0,66135.8325805664,129124.82531738281,192.368408203125,100.41841125488281,0,335872,33210380288,8589930496,1993875456,0
199,1737286811067,2100,1979,1436,1456,2099,1952,1500,1462,1483,1488,400,1499,100,0,0,4.761904716491699,0,0,0,0,0,4.761904716491699,0,0,0,66137.34307861328,129125.47003173828,192.368408203125,100.41841125488281,0,335872,33210380288,8589930496,1993875456,0
200,1737286811267,2100,1888,1435,1500,400,1862,400,400,400,1477,1500,1499,100,0,0,0,0,0,0,0,0,0,0,0,0,66138.70977783203,129125.98175048828,192.368408203125,99.58505249023438,0,335872,33210380288,8589930496,1993875456,0
200,1737286811467,2100,2013,764,400,400,1753,1442,1499,400,1450,400,892,100,0,0,0,0,0,0,4.761904716491699,0,0,0,0,0,66140.14538574219,129126.40899658203,192.368408203125,100,0,335872,33210380288,8589930496,1994342400,0
200,1737286811668,2100,2055,1500,1433,1746,1907,1276,1260,1189,1312,1499,1430,100,4.761904716491699,0,0,4.761904716491699,0,0,0,0,0,0,0,0,66141.7202758789,129126.91967773438,192.368408203125,100.84033203125,0,335872,33210380288,8589930496,1994342400,0
200,1737286811868,2100,1908,1499,1357,2099,1832,1499,1499,1276,1500,1349,1444,100,0,0,0,0,0,0,4.761904716491699,0,0,0,0,0,66143.39770507813,129127.51159667969,192.368408203125,100,0,335872,33210380288,8589930496,1994342400,0
199,1737286812068,2100,1985,1417,1483,1955,1860,1481,1453,1500,1500,1500,1477,100,0,0,0,0,0,0,0,0,0,0,0,0,66145.08624267578,129128.09112548828,192.368408203125,100,0,335872,33210380288,8589930496,1994342400,0
200,1737286812268,2100,2009,1399,1472,1839,1863,1500,1500,1482,1479,1364,1435,100,0,0,0,0,0,0,0,0,0,0,0,0,66146.58032226563,129128.57971191406,192.368408203125,100.84033203125,0,335872,33210380288,8589930496,1994342400,0
200,1737286812468,2100,1965,1451,1425,1885,2100,1466,1464,1470,1500,1235,1436,100,0,0,0,0,0,0,0,0,0,0,0,0,66147.95581054688,129128.97180175781,192.368408203125,100,0,335872,33210380288,8589930496,1994342400,0
200,1737286812669,2100,1660,1323,1354,1877,1557,1460,1500,1430,1425,909,1195,100,0,4.761904716491699,0,0,4.761904716491699,0,0,0,0,0,0,0,66149.41571044922,129129.40887451172,192.368408203125,100,0,335872,33210380288,8589930496,1994342400,0
199,1737286812869,2100,1879,1252,1293,1886,1948,1230,1292,1389,1279,1411,1428,100,0,4.761904716491699,0,0,4.761904716491699,0,0,0,0,0,0,0,66150.76837158203,129129.794921875,192.368408203125,100.41841125488281,0,335872,33210380288,8589930496,1994342400,0
200,1737286813069,2099,2022,400,400,400,1614,1499,1500,1398,1499,1459,400,100,0,0,0,0,0,0,0,0,4.761904716491699,0,0,0,66152.13171386719,129130.18084716797,192.368408203125,100.41841125488281,0,335872,33210380288,8589930496,1994342400,0
200,1737286813269,2100,1965,1434,1411,2100,2099,1482,1500,1500,400,1445,1437,100,0,0,0,4.761904716491699,0,4.761904716491699,0,0,0,0,0,0,66153.5640258789,129130.80657958984,192.368408203125,105.4393310546875,0,335872,33210380288,8589930496,1994342400,0
200,1737286813469,2100,1940,1455,1449,2099,2019,1438,1423,1457,1463,1435,1469,100,0,0,0,0,0,0,0,0,0,0,0,0,66155.05090332031,129131.43939208984,192.368408203125,94.60580444335938,0,335872,33210380288,8589930496,1966235648,0
162,1737286813707,2100,1539,1432,1500,1863,1722,1244,925,1059,968,1419,1385,100,0,0,0,0,0,0,0,0,0,0,0,0,66156.69506835938,129132.15747070313,192.368408203125,120.50209045410156,0,335872,33210380288,8589930496,1990647808,0
200,1737286813870,2099,1940,1475,1402,1855,1979,1407,1375,1411,1397,400,1500,100,0,0,0,0,0,0,0,0,0,0,0,0,66157.96295166016,129132.70227050781,192.368408203125,67.60563659667969,0,335872,33210380288,8589930496,1998905344,0
200,1737286814070,2100,2100,1391,1490,1828,400,1420,1499,1499,1365,400,1428,100,0,0,0,0,0,0,0,0,0,0,0,0,66159.36572265625,129133.31506347656,192.368408203125,55.42725372314453,0,335872,33210380288,8589930496,1998905344,0
200,1737286814270,2100,2043,1367,400,1865,1927,1499,1500,1500,1477,400,1373,100,0,0,0,0,0,0,0,0,0,0,0,0,66160.74597167969,129133.76947021484,192.368408203125,100,0,335872,33210380288,8589930496,1998905344,0
200,1737286814470,2099,1958,1415,1436,2100,1875,1449,1461,1450,1500,1277,400,100,1.3333333730697632,1.298701286315918,1.298701286315918,0,1.3157894611358643,1.298701286315918,1.298701286315918,0,1.298701286315918,0,1.3157894611358643,0,66162.1939086914,129134.20861816406,192.368408203125,100,0,335872,33210380288,8589930496,1998905344,0
200,1737286814670,2100,2100,1500,1500,2042,1821,1499,1499,1499,1499,764,1439,100,1.3333333730697632,1.298701286315918,1.298701286315918,0,1.3157894611358643,1.298701286315918,1.298701286315918,0,1.298701286315918,0,1.3157894611358643,0,66163.8423461914,129134.75537109375,192.368408203125,100,0,335872,33210380288,8589930496,1998905344,0
200,1737286814870,2100,2010,1228,1246,1938,2039,1461,1306,1408,1454,1095,1374,100,0,0,0,0,0,0,0,0,0,0,0,0,66165.50366210938,129135.33581542969,192.368408203125,100,0,335872,33210380288,8589930496,1998905344,0
200,1737286815071,2100,562,979,1379,1777,1612,1422,1455,1442,1448,1367,1134,100,0,5,0,0,0,0,0,0,0,0,4.761904716491699,0,66167.2392578125,129135.9506225586,192.368408203125,100.41841125488281,0,335872,33210380288,8589930496,1998905344,0
200,1737286815271,2100,470,400,400,1959,1480,400,1313,1318,1402,821,400,100,0,0,0,0,0,0,0,0,0,0,0,0,66168.6196899414,129136.36114501953,192.368408203125,100,0,335872,33210380288,8589930496,1998905344,0
200,1737286815471,2100,1598,1460,1475,1985,1077,1456,1432,1399,1417,1344,1500,100,0,0,4.761904716491699,4.761904716491699,0,0,0,0,0,0,0,0,66170.00231933594,129136.75622558594,192.368408203125,100.84033203125,0,335872,33210380288,8589930496,1998905344,0
200,1737286815671,2099,1742,1455,1429,1772,2100,1415,1452,1464,1478,1413,1453,100,0,0,0,4.761904716491699,4.761904716491699,0,0,0,4.761904716491699,0,0,0,66171.48510742188,129137.19940185547,192.368408203125,99.58505249023438,0,335872,33210380288,8589930496,1998905344,0
200,1737286815871,2100,2024,1360,1354,1632,1991,1473,1499,1436,1500,1298,1295,100,0,0,0,4.761904716491699,4.761904716491699,0,0,0,4.761904716491699,0,0,0,66172.8256225586,129137.5757446289,192.368408203125,100.41841125488281,0,335872,33210380288,8589930496,1998905344,0
200,1737286816071,2100,1959,1403,1437,1975,2079,1336,1296,1331,1348,1395,1436,100,5,0,0,0,0,0,0,0,0,0,0,0,66174.20489501953,129137.99560546875,192.368408203125,104.99999237060547,0,335872,33210380288,8589930496,1998905344,0
200,1737286816272,2099,2099,1434,1472,2001,1963,1352,1449,1355,1375,1416,1464,100,5,0,0,0,0,0,0,0,0,0,0,0,66175.69549560547,129138.63562011719,192.368408203125,50.209205627441406,0,335872,33210380288,8589930496,1998905344,0
199,1737286816472,2100,2100,1335,400,1712,806,1500,1499,1292,1484,400,1468,100,5,0,0,0,0,0,0,0,0,0,0,0,66177.12274169922,129139.2534790039,192.368408203125,100.41841125488281,0,335872,33210380288,8589930496,1969901568,0
200,1737286816672,2100,2024,1436,1464,1897,1747,1346,1286,1199,1175,1307,1287,100,5,0,0,0,0,0,0,0,0,0,0,0,66178.53186035156,129139.87475585938,192.368408203125,95.39749145507813,0,335872,33210380288,8589930496,1994309632,0
200,1737286816872,2100,1853,959,400,1656,1875,1299,1146,1310,1409,400,400,100,5,0,0,0,0,0,0,0,0,0,0,0,66180.04595947266,129140.51574707031,192.368408203125,52.71966552734375,0,335872,33210380288,8589930496,1994309632,0
200,1737286817072,2099,1588,400,400,1471,1873,400,1324,1408,400,1329,400,100,5,0,0,0,0,0,0,0,0,0,0,0,66181.4375,129141.1275024414,192.368408203125,95.39749145507813,0,335872,33210380288,8589930496,1994309632,0
200,1737286817272,2099,1818,1500,1474,2100,1965,1432,1500,1456,1500,400,1500,100,5,0,0,0,0,0,0,0,0,0,0,0,66182.8316040039,129141.57067871094,192.368408203125,100,0,335872,33210380288,8589930496,1994309632,0
199,1737286817472,2100,2032,1454,1429,1634,1113,1177,1254,1226,1142,1500,400,100,5,0,0,0,0,0,0,0,0,0,0,0,66184.27624511719,129142.0053100586,192.368408203125,100,0,335872,33210380288,8589930496,1994309632,0
200,1737286817673,2100,1844,1065,985,400,1641,400,1333,1413,1283,904,1378,100,5,0,0,0,0,0,0,0,0,0,0,0,66185.93493652344,129142.55969238281,192.368408203125,100.41841125488281,0,335872,33210380288,8589930496,1994309632,0
200,1737286817873,2099,1584,1455,400,1726,1910,1367,400,1170,400,400,400,100,5,0,0,0,0,0,0,0,0,0,0,0,66187.58477783203,129143.14178466797,192.368408203125,100,0,335872,33210380288,8589930496,1994309632,0
199,1737286818073,2100,2100,1500,1500,2099,2100,1432,1500,741,1417,1500,1500,100,5,0,0,0,0,0,0,0,0,0,0,0,66189.33184814453,129143.76586914063,192.368408203125,100.41841125488281,0,335872,33210380288,8589930496,1994309632,0
200,1737286818273,2100,2100,1413,1431,2100,2100,1443,1401,400,1500,818,1403,100,5,0,0,0,0,0,0,0,0,0,0,0,66190.71020507813,129144.17401123047,192.368408203125,100,0,335872,33210380288,8589930496,1994309632,0
200,1737286818473,2100,1691,1325,1333,1949,2040,1499,1499,1500,1500,1415,1347,100,5,0,0,0,0,0,0,0,0,0,0,0,66192.08630371094,129144.56610107422,192.368408203125,100,0,335872,33210380288,8589930496,1994309632,0
200,1737286818673,2100,1996,1499,1448,1466,1792,1415,1404,1449,1381,1312,1342,100,5,0,0,0,0,0,0,0,0,0,0,0,66193.54815673828,129145.00244140625,192.368408203125,100.41841125488281,0,335872,33210380288,8589930496,1994309632,0
200,1737286818874,2100,2010,745,400,1403,1739,1439,1254,1455,956,400,400,100,5,0,0,0,0,0,0,0,0,0,0,0,66194.9232788086,129145.39599609375,192.368408203125,100,0,335872,33210380288,8589930496,1994309632,0
200,1737286819074,2099,1986,1500,1500,1905,1992,1379,1419,1409,1413,1499,1500,100,5,0,0,0,0,0,0,0,0,0,0,0,66196.2857055664,129145.7777709961,192.368408203125,100.41841125488281,0,335872,33210380288,8589930496,1994309632,0
200,1737286819274,2099,1641,1462,1457,1935,1831,1477,1475,1499,1471,1455,1458,100,5,0,0,0,0,0,0,0,0,0,0,0,66197.8208618164,129146.42864990234,192.368408203125,104.99999237060547,0,335872,33210380288,8589930496,1976668160,0
199,1737286819474,2099,2014,1391,1446,1879,1946,1458,1468,1500,1500,1497,1241,100,0.8522727489471436,0.2793295979499817,0.27855151891708374,0.5571030378341675,0.5555555820465088,0.8333333730697632,0.5571030378341675,0.8333333730697632,0.5571030378341675,0.5540165901184082,0.5555555820465088,0,66199.20794677734,129147.03625488281,192.368408203125,95,0,335872,33210380288,8589930496,1969074176,0
200,1737286819674,2100,2017,1181,1224,1685,1719,1468,1424,1499,1461,1173,1201,100,0,0,0,0,0,0,0,0,0,0,0,0,66200.66912841797,129147.6753540039,192.368408203125,104.99999237060547,0,335872,33210380288,8589930496,2001678336,0
200,1737286819875,2100,2021,1415,1319,400,1219,1291,400,1411,1119,400,1405,100,0,0,4.761904716491699,0,0,4.761904716491699,0,0,0,0,0,0,66202.14715576172,129148.30883789063,192.368408203125,100.41841125488281,0,335872,33210380288,8589930496,1999585280,0
199,1737286820075,2099,1801,1429,1386,1953,1747,1198,1130,1075,1453,1454,1418,100,0,0,4.761904716491699,0,0,4.761904716491699,0,0,0,0,0,0,66203.53698730469,129148.91790771484,192.368408203125,95.39749145507813,0,335872,33210380288,8589930496,1999585280,0
200,1737286820275,2099,2042,1499,1458,1962,1884,1410,1338,1324,1407,1362,1453,100,0,0,0,0,4.761904716491699,0,0,0,0,0,0,0,66205.06188964844,129149.5654296875,192.368408203125,105.4393310546875,0,335872,33210380288,8589930496,1999585280,0
199,1737286820475,2100,2100,1499,1499,2100,2100,1499,1360,1394,1500,1368,400,100,0,0,0,0,4.761904716491699,0,0,0,0,0,0,0,66206.43548583984,129150.001953125,192.368408203125,50.209205627441406,0,335872,33210380288,8589930496,1997418496,0
200,1737286820675,2099,2006,1401,1426,1998,1815,1473,1398,1401,1477,1312,1392,100,0,0,0,0,4.761904716491699,0,0,0,0,0,0,0,66207.91717529297,129150.45568847656,192.36956787109375,100,0,335872,33210380288,8589930496,1997418496,0
200,1737286820875,2099,1960,1479,1434,2100,2099,1444,1325,1483,1477,1420,1499,100,0,0,0,0,4.761904716491699,0,0,0,0,0,0,0,66209.59558105469,129151.02508544922,192.36956787109375,100,0,335872,33210380288,8589930496,1997418496,0
200,1737286821075,2100,1883,1467,1468,1576,1594,1188,1251,1384,1291,1499,1389,100,0,0,0,0,4.761904716491699,0,0,0,0,0,0,0,66211.27746582031,129151.6040649414,192.36956787109375,50.209205627441406,0,335872,33210380288,8589930496,1997418496,0
200,1737286821275,2100,1915,1354,1412,1950,2100,1403,1374,1356,1382,400,1463,100,0,0,0,0,4.761904716491699,0,0,0,0,0,0,0,66212.9321899414,129152.17614746094,192.36956787109375,50.209205627441406,0,335872,33210380288,8589930496,1989185536,0
200,1737286821476,2100,2051,400,1324,1707,1836,1500,400,1411,1452,1331,996,100,0,0,4.761904716491699,0,4.761904716491699,0,0,0,4.761904716491699,0,0,0,66214.31182861328,129152.56799316406,192.36956787109375,100.41841125488281,0,335872,33210380288,8589930496,1989185536,0
200,1737286821676,2100,1909,1420,1500,2100,1975,1499,1376,1439,1499,1500,400,100,0,0,0,0,0,0,0,0,0,0,0,0,66215.73406982422,129152.978515625,192.36956787109375,100.84033203125,0,335872,33210380288,8589930496,1989185536,0
200,1737286821876,2099,1835,1471,1363,1888,2099,1499,1388,400,1433,1402,400,100,0,0,0,0,0,0,0,0,0,0,0,0,66217.14520263672,129153.3882446289,192.36956787109375,100,0,335872,33210380288,8589930496,1989185536,0
200,1737286822076,2100,2100,1469,1096,2100,1485,1342,1381,400,1397,846,1484,100,0,0,0,0,0,0,0,0,0,0,0,0,66218.51135253906,129153.77307128906,192.36956787109375,100,0,335872,33210380288,8589930496,1989177344,0
200,1737286822276,2099,2100,1461,400,2100,1958,1430,1420,1457,1470,1412,1480,100,0,0,0,0,4.761904716491699,4.761904716491699,0,0,0,0,0,0,66219.90734863281,129154.35400390625,192.36956787109375,100.41841125488281,0,335872,33210380288,8589930496,1989177344,0
200,1737286822476,2100,1854,1472,1483,1935,1956,1471,1402,1405,1400,1344,1443,100,0,0,0,0,4.761904716491699,4.761904716491699,0,0,0,0,0,0,66221.36828613281,129154.98944091797,192.36956787109375,50.31446838378906,0,335872,33210380288,8589930496,1996992512,0
200,1737286822677,2099,1727,400,400,1549,1325,1198,1250,1226,1192,400,400,100,0,0,0,0,4.761904716491699,4.761904716491699,0,0,0,0,0,0,66222.85028076172,129155.62384033203,192.36956787109375,100.41841125488281,0,335872,33210380288,8589930496,1979052032,0
200,1737286822877,2100,523,1417,400,1736,400,1328,809,400,926,1187,1419,100,0,0,0,0,0,0,1.25,1.25,0,0,1.2345678806304932,0,66224.24609375,129156.2289428711,192.36956787109375,100.41841125488281,0,335872,33210380288,8589930496,1995096064,0
200,1737286823077,2100,1811,1438,1334,2100,1806,1499,1435,1482,1500,1488,1433,100,0,0,0,4.761904716491699,0,0,0,0,0,0,0,0,66225.77136230469,129156.87860107422,192.36956787109375,100,0,335872,33210380288,8589930496,1995096064,0
200,1737286823277,2100,2006,1446,1500,2100,1791,1456,1459,1413,1414,1500,1499,100,0,0,0,0,0,0,0,0,0,0,0,0,66227.15185546875,129157.31182861328,192.36956787109375,100.41841125488281,0,335872,33210380288,8589930496,1995096064,0
200,1737286823477,2100,1786,400,1473,2100,1834,400,1455,1297,1434,1441,400,100,0,0,0,0,0,0,0,0,0,0,0,0,66228.62921142578,129157.76263427734,192.36956787109375,100,0,335872,33210380288,8589930496,1995096064,0
200,1737286823678,2100,1881,400,400,400,1712,1450,1388,1291,1442,904,400,100,0,0,0,0,0,0,0,0,0,4.761904716491699,0,0,66230.31903076172,129158.33557128906,192.36956787109375,100,0,335872,33210380288,8589930496,1995096064,0
200,1737286823878,2100,1822,1218,1155,400,400,400,400,1196,1233,1432,1402,100,0,0,0,0,0,0,0,0,0,4.761904716491699,0,0,66231.96893310547,129158.8974609375,192.36956787109375,100.84033203125,0,335872,33210380288,8589930496,1995096064,0
200,1737286824078,2100,500,400,400,1908,1813,1314,1177,400,1288,400,400,100,5,0,0,0,0,4.761904716491699,0,4.761904716491699,5,0,0,0,66233.6480102539,129159.48657226563,192.36956787109375,100,0,335872,33210380288,8589930496,1995096064,0
200,1737286824278,2100,2009,1452,1468,1943,1866,1499,1474,1483,1500,400,1419,100,0,0,0,4.761904716491699,0,0,0,0,0,0,0,0,66235.00872802734,129159.86950683594,192.36956787109375,100.41841125488281,0,335872,33210380288,8589930496,1995096064,0
200,1737286824478,2100,2100,1430,1464,1994,2002,1500,1499,1500,1499,1432,1384,100,5,0,4.761904716491699,0,4.761904716491699,0,0,0,0,0,0,0,66236.43450927734,129160.28527832031,192.36956787109375,100,0,335872,33210380288,8589930496,1987919872,0
200,1737286824678,2100,1661,1267,1351,2100,1667,400,1442,1472,1439,1179,1295,100,0,0,0,0,0,0,0,0,4.761904716491699,0,0,0,66237.8589477539,129160.70434570313,192.36956787109375,100.41841125488281,0,335872,33210380288,8589930496,1987919872,0
200,1737286824879,2100,1626,400,822,1885,1941,1458,1396,400,1431,400,400,100,0,0,0,5,0,0,0,0,0,0,0,0,66239.22045898438,129161.0785522461,192.36956787109375,100,0,335872,33210380288,8589930496,1987919872,0
200,1737286825079,2099,2029,1499,400,400,1201,1379,400,1416,1457,1109,1217,100,0,0,0,5,0,0,0,0,0,0,0,0,66240.59973144531,129161.6470336914,192.36956787109375,100.84033203125,0,335872,33210380288,8589930496,1987919872,0
200,1737286825279,2100,1833,1458,1464,2099,2031,1499,1499,400,1500,400,1447,100,0,0,0,0,0,0,0,0,0,0,4.761904716491699,0,66242.06457519531,129162.28143310547,192.36956787109375,99.58505249023438,0,335872,33210380288,8589930496,1996079104,0
200,1737286825479,2100,2024,400,892,400,1939,1094,1002,1172,1116,400,666,100,0,0,0,0,0,0,0,0,0,0,4.761904716491699,0,66243.53729248047,129162.90643310547,192.36956787109375,100.41841125488281,0,335872,33210380288,8589930496,1973653504,0
200,1737286825679,2100,1601,1479,1472,1822,1997,1297,1453,1441,1473,1467,1499,100,0,0,0,0,0,0,0,0,0,0,4.761904716491699,0,66244.92919921875,129163.51281738281,192.36956787109375,50,0,335872,33210380288,8589930496,1989746688,0
200,1737286825879,2100,2100,1403,1445,2100,2014,1451,1482,1449,1452,1406,1468,100,0,0,0,0,0,0,0,0,0,0,4.761904716491699,0,66246.47424316406,129164.16772460938,192.36956787109375,100.41841125488281,0,335872,33210380288,8589930496,1998004224,0
200,1737286826080,2100,687,1182,1078,1598,1916,1445,1450,1453,1324,1149,906,100,0,0,0,0,0,0,0,0,0,0,4.761904716491699,0,66247.85412597656,129164.61981201172,192.36956787109375,100.41841125488281,0,335872,33210380288,8589930496,1998004224,0
200,1737286826280,2100,890,1254,400,400,1786,1466,1395,1369,400,1150,1303,100,1.0204081535339355,0,0,0,1,0,0.9900990128517151,0,0,0,0,0,66249.30358886719,129165.05139160156,192.36956787109375,100.41841125488281,0,335872,33210380288,8589930496,1998004224,0
200,1737286826480,2100,2100,1445,1478,2100,2100,1499,1499,1412,1435,1500,1500,100,0,0,0,0,0,0,0,0,0,0,0,0,66250.98510742188,129165.62103271484,192.36956787109375,100.41841125488281,0,335872,33210380288,8589930496,1998004224,0
200,1737286826680,2100,2100,1416,1500,1838,1930,1499,1499,1425,1430,1418,1421,100,0,0,0,0,0,4.761904716491699,0,0,0,0,0,0,66252.65478515625,129166.19317626953,192.36956787109375,100,0,335872,33210380288,8589930496,1998004224,0
200,1737286826880,2100,1958,1418,1373,2100,2002,1389,1387,1361,1405,1335,1422,100,0,0,0,0,0,4.761904716491699,0,0,0,0,0,0,66254.35900878906,129166.80389404297,192.36956787109375,100,0,335872,33210380288,8589930496,1998004224,0
200,1737286827080,2100,2044,1426,1375,1962,1945,1362,1370,1361,1455,1459,1390,100,0,0,0,0,0,4.761904716491699,0,0,0,0,0,0,66255.70849609375,129167.18054199219,192.36956787109375,50.31446838378906,0,335872,33210380288,8589930496,1998004224,0
200,1737286827281,2100,2041,400,400,2100,1977,1395,1285,1340,1361,400,1033,100,0,0,0,0,0,4.761904716491699,0,0,0,0,0,0,66257.10247802734,129167.58184814453,192.36956787109375,100,0,335872,33210380288,8589930496,1998004224,0
200,1737286827481,2100,1712,1216,1126,1810,1930,1329,1304,1191,1168,400,1467,100,1.2820513248443604,1.2345678806304932,1.25,1.25,1.25,0,0,1.25,1.25,0,1.2345678806304932,0,66258.55212402344,129168.0101928711,192.36956787109375,100,0,335872,33210380288,8589930496,1995313152,0
200,1737286827681,2100,1971,1449,1327,2100,2100,1500,1465,1460,1382,1500,1444,100,0,4.761904716491699,0,0,0,0,0,0,0,0,0,0,66259.90325927734,129168.38763427734,192.36956787109375,100.41841125488281,0,335872,33210380288,8589930496,1995313152,0
200,1737286827881,2100,1932,1499,1334,1310,1899,1501,1364,1436,904,400,1499,100,0,0,0,0,0,0,4.761904716491699,0,0,0,0,0,66261.28564453125,129168.92358398438,192.36956787109375,100,0,335872,33210380288,8589930496,1995313152,0
200,1737286828081,2099,1743,1500,1458,1627,1928,1291,1422,1383,1417,1472,1472,100,0,0,0,0,0,0,4.761904716491699,0,0,0,0,0,66262.74853515625,129169.55755615234,192.36956787109375,100,0,335872,33210380288,8589930496,1995313152,0
200,1737286828282,2100,551,1331,1280,1479,1605,1415,1470,1441,1432,1108,1418,100,0,0,0,0,0,0,0,4.761904716491699,4.761904716491699,0,0,0,66264.21838378906,129170.1860961914,192.36956787109375,100.41841125488281,0,335872,33210380288,8589930496,1978568704,0
200,1737286828482,2100,2042,1418,1476,2100,2099,1455,1500,1499,1500,400,1499,100,0,0,0,0,0,0,0,0,0,0,0,0,66265.62701416016,129170.80670166016,192.36956787109375,100.84033203125,0,335872,33210380288,8589930496,1994747904,0
200,1737286828682,2100,1857,400,1447,1714,1591,1338,1434,1332,1225,1443,1338,100,0,0,0,0,0,0,0,0,0,0,0,0,66267.1392211914,129171.4418334961,192.36956787109375,105.4393310546875,0,335872,33210380288,8589930496,1984880640,0
200,1737286828882,2100,1935,1456,400,2100,2001,1410,1407,1359,1386,1382,1385,100,0,0,0,4.761904716491699,5,0,0,0,0,0,0,0,66268.52978515625,129171.93664550781,192.36956787109375,95.39749145507813,0,335872,33210380288,8589930496,1984880640,0
200,1737286829082,2100,2100,1465,1459,1957,1937,1389,1342,1411,1441,1464,1412,100,0,0,0,0,0,0,0,0,0,0,0,0,66269.9652709961,129172.36151123047,192.36956787109375,100,0,335872,33210380288,8589930496,1984880640,0
200,1737286829283,2100,1935,1359,1499,1981,1422,1419,1366,1380,1394,1499,1499,100,0,0,0,0,0,5,0,0,0,0,0,0,66271.60827636719,129172.90405273438,192.36956787109375,100.41841125488281,0,335872,33210380288,8589930496,1984622592,0
200,1737286829483,2100,2100,1314,1482,1987,2100,1499,1480,1401,1409,1481,1499,100,0,0,0,0,0,0,0,0,0,0,0,0,66273.26788330078,129173.47827148438,192.36956787109375,100.41841125488281,0,335872,33210380288,8589930496,1984622592,0
200,1737286829683,2100,1902,400,400,400,1589,1346,1319,1140,1239,400,400,100,0,0,0,0,0,0,0,0,0,0,0,0,66274.99841308594,129174.08489990234,192.36956787109375,100.41841125488281,0,335872,33210380288,8589930496,1984622592,0
200,1737286829883,2100,1982,1443,1374,1958,1882,1464,1442,1500,1482,1353,1472,100,0,0,0,0,0,0,0,0,0,0,0,0,66276.40087890625,129174.5034790039,192.36956787109375,99.58505249023438,0,335872,33210380288,8589930496,1984622592,0
200,1737286830083,2100,1807,1432,1499,1856,2005,1277,1372,1387,1294,1426,1420,100,0,0,0,0,0,0,0,0,0,0,0,0,66277.7837524414,129174.90112304688,192.36956787109375,100.41841125488281,0,335872,33210380288,8589930496,1984622592,0
200,1737286830283,2100,1921,815,1284,400,1446,1445,1463,1436,1400,1254,1313,100,0,0,0,0,0,0,0,0,0,0,0,0,66279.26989746094,129175.3447265625,192.36956787109375,100.41841125488281,0,335872,33210380288,8589930496,1984622592,0
200,1737286830484,2099,1513,400,400,1315,1935,1500,400,1457,1453,1222,400,100,0,0,0,0,0,0,0,0,0,0,0,0,66280.59216308594,129175.71081542969,192.36956787109375,100.41841125488281,0,335872,33210380288,8589930496,1984622592,0
200,1737286830684,2100,954,1448,1420,2100,2053,1412,1499,1500,1500,1366,1362,100,0,0,0,0,0,0,0,0,4.761904716491699,4.761904716491699,0,0,66281.98193359375,129176.19750976563,192.36956787109375,105.8823471069336,0,335872,33210380288,8589930496,1984622592,0
200,1737286830884,2100,2100,1463,1464,2100,2100,1356,1431,400,1500,400,1456,100,0,0,0,0,0,0,0,4.761904716491699,0,0,0,0,66283.41387939453,129176.81958007813,192.36956787109375,95,0,335872,33210380288,8589930496,2000879616,0
199,1737286831084,2100,2099,1473,1486,2100,2100,1499,1499,1499,1499,1363,1474,100,0,0,0,0,0,0,5,0,0,0,0,0,66284.8994140625,129177.44744873047,192.36956787109375,105.4393310546875,0,335872,33210380288,8589930496,1983836160,0
200,1737286831284,2100,1996,1320,1337,2100,1974,1495,1480,1470,1419,1411,1338,100,5,0,0,0,0,0,0,0,0,0,0,0,66286.31799316406,129178.06921386719,192.36956787109375,100,0,335872,33210380288,8589930496,1983836160,0
200,1737286831484,2100,2047,1301,1424,1049,1999,1420,1421,1438,1464,1407,1435,100,0,0,0,0,0,0,0,0,0,0,4.761904716491699,0,66287.84533691406,129178.71826171875,192.36956787109375,95.39749145507813,0,335872,33210380288,8589930496,1999888384,0
200,1737286831685,2100,1933,1409,1400,1862,1907,1331,1440,1442,1320,1109,1426,100,0,0,0,4.761904716491699,0,0,0,0,0,0,0,0,66289.23541259766,129179.25793457031,192.36956787109375,104.99999237060547,0,335872,33210380288,8589930496,1989423104,0
200,1737286831885,2100,1760,1343,1227,400,400,400,1425,1442,1229,1378,1385,100,0,0,0,0,0,0,0,4.761904716491699,4.761904716491699,0,0,0,66290.65930175781,129179.67053222656,192.36956787109375,100.84033203125,0,335872,33210380288,8589930496,1989423104,0
200,1737286832085,2100,1953,1410,1470,2100,1948,1425,1499,1339,1499,1392,1478,100,0,0,0,0,4.761904716491699,0,4.761904716491699,0,0,0,4.761904716491699,0,66292.24493408203,129180.17712402344,192.36956787109375,100,0,335872,33210380288,8589930496,1989423104,0
199,1737286832285,2099,1796,1282,1251,1985,1775,1500,1452,1499,1439,1374,1087,100,4.761904716491699,0,0,0,4.761904716491699,0,0,0,0,0,0,0,66293.93475341797,129180.7719116211,192.36956787109375,100,0,335872,33210380288,8589930496,1989373952,0
200,1737286832485,2100,1912,1468,1439,1890,2100,1467,1432,1480,1500,1370,1481,100,4.761904716491699,0,0,0,4.761904716491699,0,0,0,0,0,0,0,66295.62072753906,129181.34240722656,192.36956787109375,100.41841125488281,0,335872,33210380288,8589930496,1989373952,0
200,1737286832686,2100,1619,1420,1466,400,400,1146,1185,1287,1144,1454,1458,100,4.761904716491699,0,0,0,4.761904716491699,0,0,0,0,0,0,0,66297.13952636719,129181.83721923828,192.36956787109375,50.209205627441406,0,335872,33210380288,8589930496,1989373952,0
200,1737286832886,2100,2100,1342,1432,1909,1957,1454,1355,1426,1356,1359,1500,100,4.761904716491699,0,0,0,4.761904716491699,0,0,0,0,0,0,0,66298.51684570313,129182.22674560547,192.36956787109375,50.209205627441406,0,335872,33210380288,8589930496,1989373952,0
200,1737286833086,2100,1887,1410,1369,2100,1917,1456,1500,1458,1500,1384,1432,100,0,0,0,0,0,0,4.761904716491699,0,0,0,0,0,66299.9736328125,129182.65478515625,192.36956787109375,100,0,335872,33210380288,8589930496,1989373952,0
200,1737286833286,2100,1587,400,1059,1902,1873,1352,1393,1499,1299,1340,400,100,0,0,0,0,0,0,4.761904716491699,0,0,0,0,0,66301.33325195313,129183.04321289063,192.37017822265625,100,0,335872,33210380288,8589930496,1989373952,0
200,1737286833486,2099,1765,1403,1500,1747,1953,1499,1456,1469,1499,1445,1388,100,0,0,0,0,0,0,4.761904716491699,0,0,0,0,0,66302.7001953125,129183.43896484375,192.37017822265625,50.10437774658203,0,335872,33210380288,8589930496,1989373952,0
200,1737286833686,2100,1946,1439,1425,1844,2032,1499,1410,1407,1500,1369,1343,100,1.6666667461395264,1.6666667461395264,0,1.6666667461395264,0,0,0,0,0,1.6666667461395264,0,0,66304.0991821289,129184.05633544922,192.37017822265625,50.10437774658203,0,335872,33210380288,8589930496,1993244672,0
200,1737286833886,2100,1933,1418,1386,1970,2100,1371,1369,1434,1451,1297,1335,100,1.6666667461395264,1.6666667461395264,0,1.6666667461395264,0,0,0,0,0,1.6666667461395264,0,0,66305.61981201172,129184.70123291016,192.37017822265625,95.39749145507813,0,335872,33210380288,8589930496,1979731968,0
199,1737286834087,2100,1964,1464,1499,1850,1976,1297,1363,1370,1403,400,1443,100,1.6666667461395264,1.6666667461395264,0,1.6666667461395264,0,0,0,0,0,1.6666667461395264,0,0,66307.00500488281,129185.30737304688,192.37017822265625,52.499996185302734,0,335872,33210380288,8589930496,1979731968,0
199,1737286834287,2100,2045,1383,1413,1771,1811,400,925,400,914,1440,1430,100,1.6666667461395264,1.6666667461395264,0,1.6666667461395264,0,0,0,0,0,1.6666667461395264,0,0,66308.48626708984,129185.94744873047,192.37017822265625,100.41841125488281,0,335872,33210380288,8589930496,1995862016,0
177,1737286834510,2100,2013,400,400,1866,400,1362,1344,1389,1494,915,400,100,1.6666667461395264,1.6666667461395264,0,1.6666667461395264,0,0,0,0,0,1.6666667461395264,0,0,66310.08428955078,129186.63354492188,192.37017822265625,99.24812316894531,0,335872,33210380288,8589930496,1985097728,0
200,1737286834687,2100,2100,1415,1448,2099,2100,1376,1323,1356,1349,400,1425,100,1.6666667461395264,1.6666667461395264,0,1.6666667461395264,0,0,0,0,0,1.6666667461395264,0,0,66311.3013305664,129186.98602294922,192.37017822265625,76.69172668457031,0,335872,33210380288,8589930496,1985097728,0
200,1737286834887,2099,1909,1393,1429,2023,1995,1482,1500,1476,1420,1290,1253,100,1.6666667461395264,1.6666667461395264,0,1.6666667461395264,0,0,0,0,0,1.6666667461395264,0,0,66312.76336669922,129187.43170166016,192.37017822265625,53.09734344482422,0,335872,33210380288,8589930496,1985097728,0
200,1737286835087,2100,2014,1414,1475,2099,1997,1378,1347,1345,1374,1218,1445,100,1.6666667461395264,1.6666667461395264,0,1.6666667461395264,0,0,0,0,0,1.6666667461395264,0,0,66314.43939208984,129188.0064086914,192.37017822265625,53.09734344482422,0,335872,33210380288,8589930496,1985097728,0
200,1737286835288,2100,488,945,400,1958,1310,1500,1400,1446,400,1124,400,100,0,0,0,0,4.761904716491699,0,0,0,0,0,0,0,66316.10235595703,129188.57977294922,192.37017822265625,100,0,335872,33210380288,8589930496,1985097728,0
199,1737286835488,2100,1648,1243,1148,1922,1885,1360,1265,1310,1346,1225,1274,100,0,0,0,0,4.761904716491699,0,0,0,0,0,0,0,66317.8042602539,129189.18829345703,192.37017822265625,100.84033203125,0,335872,33210380288,8589930496,1985069056,0
200,1737286835688,2100,543,400,400,1698,1875,1240,1088,1250,400,400,400,100,0,0,0,0,0,0,0,0,4.761904716491699,0,0,0,66319.14831542969,129189.56762695313,192.37017822265625,100.41841125488281,0,335872,33210380288,8589930496,1985069056,0
200,1737286835888,2100,1956,1388,1402,1802,2100,1499,1383,1500,1462,1363,1354,100,0,0,0,4.761904716491699,0,0,4.761904716491699,0,0,0,0,0,66320.54516601563,129189.96899414063,192.37017822265625,100,0,335872,33210380288,8589930496,1985069056,0
200,1737286836088,2100,1898,1500,1500,2100,2099,1500,1499,1500,1499,990,1500,100,0,0,0,4.761904716491699,0,0,4.761904716491699,0,0,0,0,0,66322.01141357422,129190.40606689453,192.37017822265625,99.58505249023438,0,335872,33210380288,8589930496,1985069056,0
200,1737286836288,2100,1911,1234,1141,1815,1888,1499,1468,1397,1447,1275,1268,100,0,0,0,4.761904716491699,0,0,4.761904716491699,0,0,0,0,0,66323.32775878906,129190.76885986328,192.37017822265625,50.10437774658203,0,335872,33210380288,8589930496,1985069056,0
200,1737286836489,2100,1874,1473,1404,2100,2099,1500,1500,1499,1499,1440,1453,100,0,0,0,4.761904716491699,0,0,4.761904716491699,0,0,0,0,0,66324.72454833984,129191.27856445313,192.37017822265625,104.99999237060547,0,335872,33210380288,8589930496,1985069056,0
200,1737286836689,2100,521,1393,400,400,1946,815,620,400,400,1350,1352,100,0,0,0,4.761904716491699,0,0,4.761904716491699,0,0,0,0,0,66326.22912597656,129191.92504882813,192.37017822265625,100,0,335872,33210380288,8589930496,2001326080,0
200,1737286836889,2100,1885,400,400,1886,1551,400,400,1185,400,400,400,100,1.2820513248443604,0,0,0,0,1.25,0,0,0,0,1.2345678806304932,0,66327.64306640625,129192.53601074219,192.37017822265625,95.7983169555664,0,335872,33210380288,8589930496,1983983616,0
199,1737286837089,2100,1959,1499,1500,1970,1906,1471,1500,1412,1500,1435,1447,100,0,0,0,5,0,0,0,0,0,0,4.761904716491699,0,66329.06018066406,129193.15661621094,192.37017822265625,104.99999237060547,0,335872,33210380288,8589930496,1999978496,0
200,1737286837289,2100,1922,1116,976,1941,1560,1405,1499,1465,1461,1075,806,100,0,0,0,0,0,0,0,0,0,0,0,0,66330.57550048828,129193.8021850586,192.37017822265625,100.41841125488281,0,335872,33210380288,8589930496,1999978496,0
200,1737286837489,2100,582,1014,947,1839,1832,1304,1330,1419,1437,400,1017,100,0,4.761904716491699,4.761904716491699,0,0,0,0,0,0,0,0,0,66331.9448852539,129194.34490966797,192.37017822265625,100,0,335872,33210380288,8589930496,1999978496,0
200,1737286837690,2100,2056,1424,1442,2099,1923,1439,1322,1440,1462,1352,1413,100,0,4.761904716491699,4.761904716491699,0,0,0,0,0,0,0,0,0,66333.34747314453,129194.75366210938,192.37017822265625,100.41841125488281,0,335872,33210380288,8589930496,1999978496,0
200,1737286837890,2100,2005,1297,1499,2100,2099,1499,1429,1445,1500,400,1433,100,0,4.761904716491699,4.761904716491699,0,0,0,0,0,0,0,0,0,66334.91204833984,129195.25646972656,192.37017822265625,50.10437774658203,0,335872,33210380288,8589930496,1999978496,0
200,1737286838090,2100,2002,1499,1471,1931,1958,1484,1500,1460,1499,400,1384,100,0,4.761904716491699,4.761904716491699,0,0,0,0,0,0,0,0,0,66336.5933227539,129195.85217285156,192.37017822265625,100.41841125488281,0,335872,33210380288,8589930496,1999978496,0
200,1737286838290,2100,1895,1402,1499,1371,1893,1499,1500,1499,1500,1468,1448,100,0,4.761904716491699,4.761904716491699,0,0,0,0,0,0,0,0,0,66338.25671386719,129196.41345214844,192.37017822265625,104.5643081665039,0,335872,33210380288,8589930496,1999978496,0
200,1737286838490,2100,2050,1374,1390,946,1688,1468,1381,1457,1429,1316,1326,100,0,4.761904716491699,4.761904716491699,0,0,0,0,0,0,0,0,0,66339.80938720703,129196.94213867188,192.37017822265625,100.84033203125,0,335872,33210380288,8589930496,1999978496,0
200,1737286838691,2100,1447,400,400,1620,1689,1240,1125,1137,1175,400,400,100,0,4.761904716491699,4.761904716491699,0,0,0,0,0,0,0,0,0,66341.181640625,129197.3314819336,192.37017822265625,100,0,335872,33210380288,8589930496,1999978496,0
200,1737286838891,2100,1964,1500,1133,1738,1732,1434,1369,1415,1414,1052,1500,100,0.7299270033836365,0.7142857313156128,0,0.7142857313156128,1.4184396266937256,1.4184396266937256,1.4184396266937256,1.4184396266937256,1.4285714626312256,0.7142857313156128,0.7142857313156128,0,66342.6127319336,129197.75762939453,192.37017822265625,100,0,335872,33210380288,8589930496,1999978496,0
200,1737286839091,2099,1916,1086,400,400,1630,1188,1340,1268,1331,1043,1279,100,0,0,0,0,0,0,0,0,0,0,0,0,66344.0087890625,129198.16430664063,192.37017822265625,99.58505249023438,0,335872,33210380288,8589930496,1999978496,0
200,1737286839291,2100,1900,1484,1499,2100,2099,1396,1398,1395,1432,1470,1432,100,0,0,0,0,0,0,0,0,0,0,0,0,66345.37744140625,129198.55584716797,192.37017822265625,100.84033203125,0,335872,33210380288,8589930496,1999978496,0
200,1737286839491,2100,1745,1410,1440,2100,1907,1348,1416,1314,1299,1500,1450,100,0,0,4.761904716491699,0,0,0,0,0,0,0,0,0,66346.76885986328,129199.10766601563,192.37017822265625,95.39749145507813,0,335872,33210380288,8589930496,1999978496,0
200,1737286839692,2100,2025,1324,1279,1188,1102,1270,1396,1467,400,1404,1499,100,0,0,0,0,0,0,0,0,0,0,0,0,66348.28131103516,129199.74993896484,192.37017822265625,100,0,335872,33210380288,8589930496,1970376704,0
200,1737286839892,2099,2052,1436,1457,1918,2099,1277,1149,1238,1198,400,1430,100,0,0,0,0,0,0,0,0,0,0,0,0,66349.67834472656,129200.36499023438,192.37017822265625,100.41841125488281,0,335872,33210380288,8589930496,1978302464,0
200,1737286840092,2100,1970,1440,1481,1463,1782,1392,1420,1396,1431,1351,1452,100,0,0,0,0,4.761904716491699,0,0,0,0,0,0,0,66351.16668701172,129201.00268554688,192.37017822265625,105.4393310546875,0,335872,33210380288,8589930496,1994817536,0
200,1737286840292,2100,1995,400,1485,1997,2100,1499,1461,1499,1499,400,1471,100,0,0,0,0,4.761904716491699,0,0,0,0,0,0,0,66352.58526611328,129201.61700439453,192.37017822265625,47.59916305541992,0,335872,33210380288,8589930496,1994809344,0
200,1737286840492,2100,1969,1453,1458,2100,2100,1499,1500,1499,1499,1358,1431,100,0,0,0,0,4.761904716491699,0,0,0,0,0,0,0,66353.9672241211,129202.13397216797,192.37017822265625,100.84033203125,0,335872,33210380288,8589930496,1994809344,0
200,1737286840692,2100,2050,1267,1428,2100,2007,1399,1248,1344,1442,1342,1437,100,0,0,0,0,4.761904716491699,0,0,0,0,0,0,0,66355.3931274414,129202.55084228516,192.37017822265625,100,0,335872,33210380288,8589930496,1994809344,0
200,1737286840893,2100,462,1059,1199,400,2100,1387,1375,1421,1443,1232,1333,100,0,0,0,0,4.761904716491699,0,0,0,0,0,0,0,66356.98052978516,129203.0678100586,192.37017822265625,100.41841125488281,0,335872,33210380288,8589930496,1994809344,0
199,1737286841093,2100,681,1207,1289,1930,1913,1218,922,400,400,1162,1350,100,0,0,0,0,4.761904716491699,0,0,0,0,0,0,0,66358.64459228516,129203.65362548828,192.37017822265625,100.41841125488281,0,335872,33210380288,8589930496,1994809344,0
200,1737286841293,2100,2099,1355,1476,1750,2020,1197,1500,1500,1500,1460,400,100,0,0,0,0,4.761904716491699,0,0,0,0,0,0,0,66360.35345458984,129204.23895263672,192.37017822265625,100,0,335872,33210380288,8589930496,1994809344,0
200,1737286841493,2100,1873,1291,1224,1639,1915,1477,1343,1306,1440,1429,1474,100,0,0,0,0,4.761904716491699,0,0,0,0,0,0,0,66361.86749267578,129204.740234375,192.37017822265625,100,0,335872,33210380288,8589930496,1994801152,0
200,1737286841693,2100,2100,1500,1488,2099,2099,1277,1500,1389,1499,1471,1479,100,0,0,0,0,4.761904716491699,0,0,0,0,0,0,0,66363.24774169922,129205.13348388672,192.37017822265625,50,0,335872,33210380288,8589930496,1994801152,0
200,1737286841893,2100,1989,1500,1461,2006,1982,1435,1428,1354,1433,1500,1465,100,0,0,0,0,4.761904716491699,0,0,0,0,0,0,0,66364.66357421875,129205.55151367188,192.37017822265625,100.41841125488281,0,335872,33210380288,8589930496,1994801152,0
200,1737286842093,2100,1985,1292,1454,1905,2005,1462,1468,1350,1466,400,1436,100,0,0,0,0,4.761904716491699,0,0,0,0,0,0,0,66366.08038330078,129205.9691772461,192.37017822265625,100.41841125488281,0,335872,33210380288,8589930496,1994801152,0
200,1737286842294,2099,1823,1238,1500,1955,1808,1448,1443,1499,1463,1354,1207,100,0,0,0,0,4.761904716491699,0,0,0,0,0,0,0,66367.42681884766,129206.34887695313,192.37017822265625,100,0,335872,33210380288,8589930496,1994801152,0
200,1737286842494,2100,2100,1491,1494,2100,2099,1454,1475,1500,1500,873,1500,100,0,0,0,0,4.761904716491699,0,0,0,0,0,0,0,66368.87896728516,129206.92468261719,192.37017822265625,105.8823471069336,0,335872,33210380288,8589930496,1994801152,0
200,1737286842694,2100,2100,1388,1381,1616,1720,1382,1330,1391,1398,400,1343,100,0,0,0,0,4.761904716491699,0,0,0,0,0,0,0,66370.35339355469,129207.55560302734,192.37017822265625,94.60580444335938,0,335872,33210380288,8589930496,1966096384,0
199,1737286842894,2099,2100,1476,1500,2100,2100,1499,1499,1499,1500,1469,1499,100,0,0,0,0,4.761904716491699,0,0,0,0,0,0,0,66371.7466430664,129208.16906738281,192.37017822265625,99.58505249023438,0,335872,33210380288,8589930496,1990426624,0
200,1737286843094,2100,2000,1407,1415,1837,2099,1483,1475,1464,1453,1405,1403,100,0,0,0,0,4.761904716491699,0,0,0,0,0,0,0,66373.27258300781,129208.8169555664,192.37017822265625,50.209205627441406,0,335872,33210380288,8589930496,1998684160,0
200,1737286843295,2100,491,400,400,935,1884,1428,1471,1403,1467,400,862,100,0,0,0,0,4.761904716491699,0,0,0,0,0,0,0,66374.6683959961,129209.42919921875,192.37078857421875,100,0,335872,33210380288,8589930496,1998684160,0
200,1737286843495,2100,2022,1459,1420,1864,1935,1378,1387,1424,1358,1377,1406,100,0,0,0,0,4.761904716491699,0,0,0,0,0,0,0,66376.13494873047,129210.0668334961,192.37078857421875,104.99999237060547,0,335872,33210380288,8589930496,1998684160,0
200,1737286843695,2099,1958,1468,1237,1852,1805,1265,400,400,400,400,1358,100,0,0,0,0,4.761904716491699,0,0,0,0,0,0,0,66377.56774902344,129210.5590209961,192.37078857421875,47.79874038696289,0,335872,33210380288,8589930496,1987620864,0
200,1737286843895,2099,1983,1477,1400,1758,2100,1500,1452,1499,1500,1417,1500,100,0,0,0,0,4.761904716491699,0,0,0,0,0,0,0,66379.01068115234,129210.98571777344,192.37078857421875,100,0,335872,33210380288,8589930496,1987620864,0
200,1737286844095,2099,2100,1485,400,1991,2099,1500,1500,1499,1499,1499,1463,100,0,0,0,0,4.761904716491699,0,0,0,0,0,0,0,66380.67156982422,129211.5400390625,192.37078857421875,100,0,335872,33210380288,8589930496,1987620864,0
200,1737286844295,2100,1713,400,1472,1531,1224,1464,1471,1435,1398,1292,1274,100,0,0,0,0,4.761904716491699,0,0,0,0,0,0,0,66382.32861328125,129212.11462402344,192.37078857421875,105.4393310546875,0,335872,33210380288,8589930496,1987620864,0
200,1737286844496,2100,1761,1443,1279,1859,1967,1376,1436,1408,1388,1142,1499,100,0,0,0,0,4.761904716491699,0,0,0,0,0,0,0,66384.07019042969,129212.72094726563,192.37078857421875,100.41841125488281,0,335872,33210380288,8589930496,1979301888,0
200,1737286844696,2099,2100,1357,1421,1836,1176,1272,997,1162,1446,1389,1191,100,0,0,0,0,4.761904716491699,0,0,0,0,0,0,0,66385.41845703125,129213.10681152344,192.37078857421875,100,0,335872,33210380288,8589930496,1979301888,0
200,1737286844896,2100,1695,1500,1291,1929,1854,1329,1316,1428,1392,1263,1413,100,1.0204081535339355,0.6012023687362671,0.4000000059604645,0.800000011920929,0.800000011920929,0.6012023687362671,0.6000000238418579,0.6000000238418579,0.6012023687362671,0.4008015990257263,0.4000000059604645,0,66386.81671142578,129213.5087890625,192.37078857421875,100,0,335872,33210380288,8589930496,1979301888,0
200,1737286845096,2099,1844,1479,1500,2100,2099,1434,1406,1399,1479,400,1499,100,0,0,0,0,0,0,0,0,0,0,0,0,66388.26165771484,129213.93249511719,192.37078857421875,100.41841125488281,0,335872,33210380288,8589930496,1979301888,0
200,1737286845296,2100,2100,1431,1436,2009,1981,1424,1458,1463,1486,1403,1479,100,0,0,0,0,0,0,0,0,0,0,0,0,66389.61322021484,129214.31036376953,192.37078857421875,95,0,335872,33210380288,8589930496,1971040256,0
200,1737286845496,2100,2100,1427,1421,1805,1930,1416,1424,1470,1470,1207,1306,100,0,0,0,0,0,0,0,0,4.761904716491699,0,0,0,66391.01013183594,129214.86572265625,192.37078857421875,105.4393310546875,0,335872,33210380288,8589930496,1971040256,0
200,1737286845697,2099,510,1113,400,1605,2099,400,400,1426,1457,1000,400,100,0,0,0,0,0,0,0,0,0,0,0,0,66392.42651367188,129215.4849243164,192.37078857421875,95.39749145507813,0,335872,33210380288,8589930496,1995370496,0
200,1737286845897,2099,2050,1440,1468,1917,1946,1309,1258,1329,1268,1318,1454,100,0,0,0,0,0,0,0,0,0,0,0,0,66393.95782470703,129216.13464355469,192.37078857421875,105.4393310546875,0,335872,33210380288,8589930496,1993576448,0
200,1737286846097,2100,1823,1443,1433,1997,2100,1500,1499,1499,1500,1440,1454,100,0,0,4.761904716491699,0,4.761904716491699,0,4.761904716491699,0,0,0,4.761904716491699,0,66395.349609375,129216.73754882813,192.37078857421875,95,0,335872,33210380288,8589930496,1993576448,0
200,1737286846297,2100,2100,1455,400,2100,400,1500,1499,400,1438,400,1428,100,0,0,4.761904716491699,0,4.761904716491699,0,4.761904716491699,0,0,0,4.761904716491699,0,66396.84643554688,129217.38153076172,192.37078857421875,99.58505249023438,0,335872,33210380288,8589930496,1993703424,0
200,1737286846497,2100,1797,1256,1375,1665,400,1424,1458,1451,1500,1367,1178,100,0,0,4.761904716491699,0,4.761904716491699,0,4.761904716491699,0,0,0,4.761904716491699,0,66398.27966308594,129217.85168457031,192.37078857421875,50.209205627441406,0,335872,33210380288,8589930496,1984135168,0
200,1737286846698,2100,1998,400,400,1554,693,1500,1320,1428,1407,980,400,100,0,0,4.761904716491699,0,4.761904716491699,0,4.761904716491699,0,0,0,4.761904716491699,0,66399.73559570313,129218.28991699219,192.37078857421875,100.41841125488281,0,335872,33210380288,8589930496,1984135168,0
200,1737286846898,2100,668,1363,1100,400,400,1433,1400,1334,1375,1029,1401,100,0,0,0,0,0,0,0,2.4691357612609863,0,1.2345678806304932,0,0,66401.4052734375,129218.84747314453,192.37078857421875,100.41841125488281,0,335872,33210380288,8589930496,1984135168,0
200,1737286847098,2100,2003,1451,1500,2100,1932,1244,1500,1415,1325,400,1339,100,0,0,0,4.761904716491699,0,0,0,0,0,0,0,0,66403.07299804688,129219.4228515625,192.37078857421875,100,0,335872,33210380288,8589930496,1984135168,0
200,1737286847298,2100,2100,1441,1381,2100,1871,1490,1499,1416,1491,1424,1361,100,0,0,0,4.761904716491699,0,0,0,0,0,0,0,0,66404.78625488281,129220.02117919922,192.37078857421875,100,0,335872,33210380288,8589930496,1984135168,0
200,1737286847498,2100,1699,1456,1475,1499,1414,1479,1499,1462,1500,1479,1427,100,4.761904716491699,0,0,0,0,0,0,0,0,0,4.761904716491699,0,66406.1527709961,129220.40643310547,192.37078857421875,105.4393310546875,0,335872,33210380288,8589930496,1977540608,0
200,1737286847698,2100,2015,400,579,1926,1730,1416,400,1381,1438,400,400,100,0,0,0,0,0,4.761904716491699,0,0,0,0,0,0,66407.5765991211,129220.82348632813,192.37078857421875,100.41841125488281,0,335872,33210380288,8589930496,1977540608,0
200,1737286847899,2100,2011,400,1268,2100,400,1499,1500,1423,1500,400,1235,100,0,0,0,0,0,0,4.761904716491699,0,5,0,0,0,66409.0033569336,129221.24133300781,192.37078857421875,100.41841125488281,0,335872,33210380288,8589930496,1977540608,0
199,1737286848099,2099,2055,1458,1453,1965,1871,1382,1399,1398,1371,400,400,100,0,0,0,0,0,0,4.761904716491699,0,5,0,0,0,66410.34393310547,129221.61169433594,192.37078857421875,100.41841125488281,0,335872,33210380288,8589930496,1977540608,0
200,1737286848299,2100,2013,1459,1450,1932,1848,1423,1427,1335,1345,1227,1191,100,0,0,0,0,0,0,4.761904716491699,0,5,0,0,0,66411.75610351563,129222.19909667969,192.37078857421875,50,0,335872,33210380288,8589930496,1977581568,0
200,1737286848499,2100,2029,1369,1426,1681,1563,1432,1407,1294,1416,1368,1380,100,0,0,0,0,0,0,4.761904716491699,0,5,0,0,0,66413.19403076172,129222.82427978516,192.37078857421875,100.41841125488281,0,335872,33210380288,8589930496,1993580544,0
200,1737286848699,2100,1872,1453,1403,2037,1809,1450,1499,1482,1480,1424,1499,100,0,0,0,0,0,0,4.761904716491699,0,5,0,0,0,66414.69305419922,129223.45861816406,192.37078857421875,100,0,335872,33210380288,8589930496,1982517248,0
200,1737286848899,2100,523,1388,400,1402,662,1413,1372,1449,1373,1500,1469,100,0,0,0,0,0,0,4.761904716491699,0,5,0,0,0,66416.09100341797,129224.07141113281,192.37078857421875,100.41841125488281,0,335872,33210380288,8589930496,1982517248,0
200,1737286849100,2100,1697,400,1096,1682,400,1499,1478,1436,1469,1094,1079,100,0,0,0,0,0,0,4.761904716491699,0,5,0,0,0,66417.61279296875,129224.7201538086,192.37078857421875,100,0,335872,33210380288,8589930496,1998766080,0
200,1737286849300,2100,1756,1427,1499,1892,1499,1256,1499,1267,1253,400,1394,100,0,0,0,0,0,0,4.761904716491699,0,5,0,0,0,66419.01385498047,129225.15155029297,192.37078857421875,100.41841125488281,0,335872,33210380288,8589930496,1998766080,0
200,1737286849500,2100,1983,1304,1410,1975,1926,1407,1425,1408,1438,1469,1500,100,0,0,0,0,0,0,4.761904716491699,0,5,0,0,0,66420.49200439453,129225.60876464844,192.37078857421875,99.58505249023438,0,335872,33210380288,8589930496,1992486912,0
200,1737286849700,2099,1949,1337,1438,1971,2099,1407,400,1368,1394,1422,1473,100,0,0,0,0,0,0,4.761904716491699,0,5,0,0,0,66422.18310546875,129226.18487548828,192.37078857421875,100.41841125488281,0,335872,33210380288,8589930496,1992486912,0
200,1737286849900,2100,2100,1499,1427,1883,2005,1426,1388,1407,1404,1461,1441,100,0,0,0,0,0,0,4.761904716491699,0,5,0,0,0,66423.84942626953,129226.75317382813,192.37078857421875,100.41841125488281,0,335872,33210380288,8589930496,1992486912,0
200,1737286850101,2100,513,754,400,1497,1430,1462,1500,400,1464,400,400,100,0,0,0,0,0,0,4.761904716491699,0,5,0,0,0,66425.52435302734,129227.33703613281,192.37078857421875,100.84033203125,0,335872,33210380288,8589930496,1992486912,0
200,1737286850301,2100,2100,1417,1316,1959,1901,1446,1354,1454,1447,1459,1300,100,0,0,0,0,0,0,4.761904716491699,0,5,0,0,0,66426.88671875,129227.7192993164,192.37078857421875,100.84033203125,0,335872,33210380288,8589930496,1984368640,0
200,1737286850501,2100,1859,1500,1477,1960,1947,1415,1386,1400,1414,1499,400,100,0,0,0,0,0,0,4.761904716491699,0,5,0,0,0,66428.31280517578,129228.13757324219,192.37078857421875,50.209205627441406,0,335872,33210380288,8589930496,1984368640,0
200,1737286850701,2100,1707,1367,1361,2100,1809,1460,1340,1346,1420,1370,1451,100,0,0,0,0,0,0,4.761904716491699,0,5,0,0,0,66429.73413085938,129228.5537109375,192.37078857421875,100.41841125488281,0,335872,33210380288,8589930496,1984368640,0
200,1737286850901,2100,2100,1472,1425,1997,1802,1489,1481,1478,1439,1459,1462,100,0,0,0,0,0,0,4.761904716491699,0,5,0,0,0,66431.107421875,129228.93872070313,192.37078857421875,100.41841125488281,0,335872,33210380288,8589930496,1984368640,0
199,1737286851102,2100,2059,1500,1426,1945,1903,1265,1287,1243,1361,1458,1500,100,0,0,0,0,0,0,0,0,0,0,5,0,66432.50994873047,129229.53491210938,192.37078857421875,100.41841125488281,0,335872,33210380288,8589930496,1984368640,0
200,1737286851302,2100,1574,400,400,1910,1807,1460,1282,1321,1444,400,853,100,0,0,0,0,0,0,0,0,0,0,0,0,66433.98181152344,129230.16864013672,192.37078857421875,100,0,335872,33210380288,8589930496,2000437248,0
200,1737286851502,2100,2100,1444,400,2018,2005,1499,1499,1368,1423,1499,1459,100,0,0,0,0,0,0,0,0,0,0,0,0,66435.45166015625,129230.79486083984,192.37078857421875,95.7983169555664,0,335872,33210380288,8589930496,1985785856,0
200,1737286851702,2100,1762,1454,1486,1860,1906,1434,1348,1282,1438,1103,706,100,0,0,0,0,0,0,0,0,0,0,0,0,66436.84576416016,129231.40490722656,192.37078857421875,100,0,335872,33210380288,8589930496,1985785856,0
200,1737286851902,2100,2099,1500,1400,1766,400,1499,1233,1500,1385,1327,1153,100,0,0,0,0,0,0,0,0,0,0,0,0,66438.36206054688,129232.03289794922,192.37078857421875,50.209205627441406,0,335872,33210380288,8589930496,1993760768,0
200,1737286852102,2100,2002,1419,1387,1974,2100,1429,1451,1421,1471,1500,1500,100,0,0,0,0,0,0,0,0,0,0,0,0,66439.75775146484,129232.47296142578,192.37078857421875,104.5643081665039,0,335872,33210380288,8589930496,1993760768,0
200,1737286852302,2100,461,768,1399,2013,400,1263,1080,1070,1156,1353,1309,100,0,0,0,0,0,0,0,0,0,0,0,0,66441.24212646484,129232.92443847656,192.37078857421875,100.41841125488281,0,335872,33210380288,8589930496,1993760768,0
200,1737286852503,2100,1999,1229,1269,2099,1947,1360,1372,1362,1371,1197,1272,100,0,0,0,0,0,0,0,0,0,0,0,0,66442.92749023438,129233.49938964844,192.37078857421875,100.41841125488281,0,335872,33210380288,8589930496,1989873664,0
200,1737286852703,2100,2100,1480,1470,1913,2018,1266,1499,1500,1499,589,1476,100,0,0,0,0,0,0,0,0,0,0,0,0,66444.60498046875,129234.08044433594,192.37078857421875,50.209205627441406,0,335872,33210380288,8589930496,1989873664,0
199,1737286852903,2099,2100,1480,1484,2100,1980,1496,1499,1500,1370,1411,1463,100,0.7352941036224365,0.7092198133468628,0.7142857313156128,0.7142857313156128,0.7142857313156128,0.7142857313156128,0,0,0.7142857313156128,1.408450722694397,0.7142857313156128,0,66446.24328613281,129234.64599609375,192.37078857421875,50.209205627441406,0,335872,33210380288,8589930496,1989873664,0
200,1737286853103,2100,2012,1369,1406,1864,1662,1250,1371,1184,1495,1049,1441,100,0.7352941036224365,0.7092198133468628,0.7142857313156128,0.7142857313156128,0.7142857313156128,0.7142857313156128,0,0,0.7142857313156128,1.408450722694397,0.7142857313156128,0,66447.6171875,129235.03234863281,192.37078857421875,100.84033203125,0,335872,33210380288,8589930496,1989873664,0
200,1737286853303,2100,1889,1394,1460,2100,1524,1438,1458,1410,1440,1343,1394,100,0,0,0,0,0,0,4.761904716491699,0,0,0,0,0,66449.04541015625,129235.44836425781,192.37078857421875,99.58505249023438,0,335872,33210380288,8589930496,1981775872,0
200,1737286853503,2100,1972,1304,1271,1889,1913,1500,1499,1500,1499,1317,1320,100,0,0,0,0,0,0,0,0,0,0,0,0,66450.45532226563,129235.8609008789,192.37078857421875,100.41841125488281,0,335872,33210380288,8589930496,1981775872,0
200,1737286853703,2100,2100,1439,1426,1809,1914,1443,1194,932,1440,891,1369,100,0,0,0,0,0,0,0,0,0,0,0,0,66451.83203125,129236.2515258789,192.37078857421875,100,0,335872,33210380288,8589930496,1981775872,0
200,1737286853904,2099,1851,1325,1278,1950,1886,1454,1500,1409,1441,1326,1179,100,4.761904716491699,0,0,0,0,0,0,0,0,0,0,0,66453.22137451172,129236.84063720703,192.37078857421875,100,0,335872,33210380288,8589930496,1981775872,0
200,1737286854104,2100,534,400,1241,1210,400,1376,1328,1214,1329,1329,1255,100,0,0,0,0,0,0,0,0,0,0,0,0,66454.67803955078,129237.46862792969,192.37078857421875,101.26582336425781,0,335872,33210380288,8589930496,1997848576,0
200,1737286854304,2100,2100,1500,1499,1986,1857,1499,1500,1459,1499,1467,1415,100,0,0,0,0,4.761904716491699,0,0,0,0,0,0,0,66456.158203125,129238.09191894531,192.37078857421875,100,0,335872,33210380288,8589930496,1990725632,0
199,1737286854504,2100,1971,1499,1450,2100,1865,1500,1500,1476,1499,727,1367,100,0,0,0,0,0,4.761904716491699,0,4.761904716491699,4.761904716491699,0,0,0,66457.5512084961,129238.71264648438,192.37078857421875,100.41841125488281,0,335872,33210380288,8589930496,1990725632,0
200,1737286854704,2100,1896,1208,1189,2100,2059,1500,1426,1499,1499,1215,1275,100,0,0,4.761904716491699,0,0,0,0,0,4.761904716491699,0,0,0,66459.07861328125,129239.35766601563,192.37078857421875,100,0,335872,33210380288,8589930496,1984729088,0
200,1737286854905,2100,2011,1460,1288,1912,1569,1213,1172,1248,1260,1500,1352,100,0,0,0,0,0,0,0,0,0,0,0,0,66460.46368408203,129239.78271484375,192.37078857421875,100,0,335872,33210380288,8589930496,1984729088,0
200,1737286855105,2099,1831,400,1256,1212,1892,1326,1323,1272,1315,1458,1339,100,0,0,0,0,0,0,0,0,0,0,4.761904716491699,0,66461.9453125,129240.23168945313,192.37078857421875,100.41841125488281,0,335872,33210380288,8589930496,1984729088,0
199,1737286855305,2100,2100,1499,1478,2100,2100,1500,1432,1499,1500,1500,1500,100,4.761904716491699,4.545454502105713,0,0,4.761904716491699,0,0,0,0,0,0,0,66463.63958740234,129240.80657958984,192.37078857421875,100.41841125488281,0,335872,33210380288,8589930496,1984729088,0
200,1737286855505,2099,2100,1423,1500,2100,2100,1448,1500,1439,1499,400,1500,100,0,0,0,0,0,0,0,0,0,0,0,0,66465.30297851563,129241.37817382813,192.37078857421875,100.41841125488281,0,335872,33210380288,8589930496,1984462848,0
200,1737286855705,2100,1934,1444,1478,2100,2100,1500,1500,1418,1482,1499,1473,100,0,4.761904716491699,4.761904716491699,4.761904716491699,0,0,0,0,0,0,0,0,66466.96502685547,129241.9555053711,192.37139892578125,100.84033203125,0,335872,33210380288,8589930496,1984462848,0
200,1737286855905,2100,2100,1477,1437,1965,2005,1461,1434,1418,1459,1418,1383,100,0,4.761904716491699,4.761904716491699,4.761904716491699,0,0,0,0,0,0,0,0,66468.33001708984,129242.34423828125,192.37139892578125,99.58505249023438,0,335872,33210380288,8589930496,1984462848,0
200,1737286856106,2100,1919,1147,1226,400,2100,1444,1403,1383,1466,1124,1268,100,0,0,0,0,0,4.761904716491699,0,0,0,0,0,0,66469.74230957031,129242.75457763672,192.37139892578125,101.26582336425781,0,335872,33210380288,8589930496,1984462848,0
200,1737286856306,2099,1803,1387,400,1874,400,1203,1236,1258,1383,1443,1408,100,0,0,0,0,0,0,0,0,0,4.761904716491699,0,0,66471.1484375,129243.16552734375,192.37139892578125,100,0,335872,33210380288,8589930496,1976688640,0
200,1737286856506,2100,2100,1499,1482,2099,2100,400,1342,1446,1460,1377,1500,100,5,0,0,0,0,0,0,0,0,0,0,0,66472.52618408203,129243.55767822266,192.37139892578125,100.41841125488281,0,335872,33210380288,8589930496,1976688640,0
200,1737286856706,2100,1791,1422,1327,1569,2100,1470,1500,1446,1411,1499,1460,100,5,0,0,0,0,0,0,0,0,0,0,0,66473.91186523438,129244.14514160156,192.37139892578125,99.58505249023438,0,335872,33210380288,8589930496,1976688640,0
200,1737286856906,2100,1948,1342,1297,1712,1872,1499,1499,1499,1464,1434,1381,100,0,0,0,4.761904716491699,4.761904716491699,0,0,0,0,0,0,0,66475.37646484375,129244.78137207031,192.37139892578125,100.41841125488281,0,335872,33210380288,8589930496,2001203200,0
200,1737286857106,2099,2038,1070,927,2005,1851,1404,1422,1500,1442,1141,400,100,0,0,0,0,0,0,5,4.761904716491699,0,0,0,0,66476.82122802734,129245.39807128906,192.37139892578125,100,0,335872,33210380288,8589930496,1992232960,0
200,1737286857307,2099,2057,1470,1468,2100,1841,1357,1388,1364,1393,1428,1497,100,0,0,0,0,0,0,0,0,0,0,0,0,66478.2094116211,129246.00549316406,192.37139892578125,104.99999237060547,0,335872,33210380288,8589930496,1992212480,0
200,1737286857507,2099,1869,1427,1500,1813,1897,1411,1396,1255,1406,1489,1448,100,0,0,0,0,0,0,0,0,0,0,0,0,66479.74603271484,129246.65808105469,192.37139892578125,47.69874572753906,0,335872,33210380288,8589930496,1983254528,0
200,1737286857707,2100,1643,977,1409,1625,1881,1258,1110,1331,1387,1043,1259,100,0,0,0,0,0,0,0,0,0,0,0,0,66481.12506103516,129247.09020996094,192.37139892578125,99.58505249023438,0,335872,33210380288,8589930496,1983254528,0
199,1737286857907,2100,1857,1468,1492,2100,1951,1338,1499,1389,1500,1131,1499,100,0,0,0,0,0,0,0,0,0,0,0,0,66482.60388183594,129247.54205322266,192.37139892578125,99.58505249023438,0,335872,33210380288,8589930496,1983254528,0
200,1737286858107,2100,1843,1499,1500,1597,2099,1499,1499,1500,1500,1440,1499,100,0,0,0,0,0,0,0,0,0,0,0,0,66484.29370117188,129248.12005615234,192.37139892578125,100.41841125488281,0,335872,33210380288,8589930496,1983254528,0
200,1737286858307,2100,2003,1378,1406,1972,400,1454,1419,1467,1322,1198,1326,100,0,0,0,0,0,0,0,0,0,0,0,0,66485.9515991211,129248.693359375,192.37139892578125,100.41841125488281,0,335872,33210380288,8589930496,1983000576,0
200,1737286858508,2100,1926,1254,1146,1594,425,1427,1425,1386,1373,1225,1453,100,0,0,0,0,0,0,0,0,0,0,0,0,66487.61767578125,129249.27716064453,192.37139892578125,100.41841125488281,0,335872,33210380288,8589930496,1983000576,0
200,1737286858708,2100,2100,1327,1304,1942,1800,909,869,400,400,1289,400,100,0,0.625,0.625,0.6289308071136475,0.625,1.2422360181808472,0.625,0.625,1.2422360181808472,0.625,1.2422360181808472,0,66488.966796875,129249.65502929688,192.37139892578125,100.41841125488281,0,335872,33210380288,8589930496,1983000576,0
200,1737286858908,2100,1971,1499,1414,2100,2100,1499,1338,1483,1499,1499,1452,100,0,0,0,0,0,0,0,0,0,0,0,0,66490.3910522461,129250.07293701172,192.37139892578125,100.41841125488281,0,335872,33210380288,8589930496,1983000576,0
200,1737286859108,2100,2022,1420,1449,1955,2100,1500,1464,1465,1500,1499,1401,100,5,4.761904716491699,0,0,0,0,0,0,0,0,0,0,66491.80157470703,129250.48669433594,192.37139892578125,100,0,335872,33210380288,8589930496,1983000576,0
200,1737286859308,2099,1881,1301,1325,2086,1908,1479,1477,1499,1456,1392,1428,100,0,0,4.761904716491699,0,0,0,0,0,0,0,0,0,66493.15118408203,129250.86596679688,192.37139892578125,100.41841125488281,0,335872,33210380288,8589930496,1979711488,0
200,1737286859508,2100,2001,1335,1268,1932,1927,1428,1409,1394,1465,1269,1301,100,4.761904716491699,0,0,0,0,0,0,0,0,0,0,0,66494.53552246094,129251.4349975586,192.37139892578125,100.41841125488281,0,335872,33210380288,8589930496,1979711488,0
200,1737286859709,2100,2041,1499,1460,1849,1987,1480,1392,1444,1500,400,1386,100,4.761904716491699,0,0,0,0,0,0,0,0,0,0,0,66496.00659179688,129252.0776977539,192.37139892578125,99.58505249023438,0,335872,33210380288,8589930496,1995841536,0
199,1737286859909,2100,2100,1303,1165,1926,1966,1420,1288,1439,1369,1049,1190,100,0,0,0,0,4.761904716491699,0,4.761904716491699,0,0,0,0,0,66497.47052001953,129252.70709228516,192.37139892578125,101.26582336425781,0,335872,33210380288,8589930496,1981489152,0
200,1737286860109,2100,1998,1499,1388,1859,1945,1301,922,980,400,400,1499,100,0,0,0,0,0,0,0,0,0,0,0,0,66498.85064697266,129253.31005859375,192.37139892578125,105.4393310546875,0,335872,33210380288,8589930496,1989341184,0
200,1737286860309,2100,576,1307,1434,400,1935,1272,1250,400,1121,1471,1406,100,0,0,0,0,0,0,0,0,0,0,0,0,66500.38024902344,129253.95910644531,192.37139892578125,94.60580444335938,0,335872,33210380288,8589930496,1997598720,0
200,1737286860509,2099,1954,1469,400,1879,2100,1499,1499,1483,1480,1423,1381,100,0,0,0,0,0,4.761904716491699,4.761904716491699,0,0,0,0,0,66501.76330566406,129254.4140625,192.37139892578125,100.84033203125,0,335872,33210380288,8589930496,1994608640,0
199,1737286860709,2099,686,1499,1382,1708,400,1221,400,1499,400,1404,1420,100,0,0,0,4.761904716491699,0,0,0,0,0,4.761904716491699,0,0,66503.23010253906,129254.86102294922,192.37139892578125,100.41841125488281,0,335872,33210380288,8589930496,1994608640,0
200,1737286860909,2100,1913,1335,1329,1903,1855,1454,1500,1451,1394,400,1239,100,0,0,0,4.761904716491699,0,0,0,0,0,4.761904716491699,0,0,66504.88818359375,129255.41735839844,192.37139892578125,100,0,335872,33210380288,8589930496,1994608640,0
200,1737286861109,2100,2047,1495,1463,1736,400,1223,1076,1196,1207,1418,1433,100,0,0,0,4.761904716491699,0,0,0,0,0,4.761904716491699,0,0,66506.55834960938,129255.99865722656,192.37139892578125,50.209205627441406,0,335872,33210380288,8589930496,1994608640,0
200,1737286861310,2100,1493,400,400,656,1118,1393,1436,1377,1401,400,400,100,0,0,0,4.761904716491699,0,0,0,0,0,4.761904716491699,0,0,66508.26544189453,129256.59844970703,192.37139892578125,100.41841125488281,0,335872,33210380288,8589930496,1994592256,0
200,1737286861510,2100,1880,400,400,1802,1682,1365,1447,1449,1454,400,400,100,0,0,0,1.25,0,0,0,1.2345678806304932,1.25,0,1.2345678806304932,0,66509.61865234375,129256.98303222656,192.37139892578125,100.41841125488281,0,335872,33210380288,8589930496,1994592256,0
200,1737286861710,2100,1538,1404,1500,2039,1959,1421,1404,1499,1499,1402,1341,100,0,0,0,0,4.761904716491699,0,0,0,0,0,0,0,66511.01684570313,129257.38757324219,192.37139892578125,100.41841125488281,0,335872,33210380288,8589930496,1994592256,0
200,1737286861910,2100,1693,1357,1200,2099,1954,1499,1499,1500,1500,1175,1297,100,0,0,0,0,4.761904716491699,0,0,0,0,0,0,0,66512.46948242188,129257.81842041016,192.37139892578125,99.58505249023438,0,335872,33210380288,8589930496,1994592256,0
200,1737286862111,2100,1957,1447,1454,1984,1840,1229,1120,1299,1152,1340,1499,100,0,0,0,0,0,4.761904716491699,0,0,0,0,0,0,66513.81610107422,129258.1976928711,192.37139892578125,100.41841125488281,0,335872,33210380288,8589930496,1994592256,0
200,1737286862311,2100,1826,1500,400,1988,1439,1344,1400,1438,1401,1442,1154,100,0,5,0,0,4.761904716491699,0,0,0,0,4.761904716491699,0,0,66515.20123291016,129258.73797607422,192.37139892578125,100,0,335872,33210380288,8589930496,1994592256,0
200,1737286862511,2100,2100,1499,1479,1745,1835,1500,1434,1355,1499,1471,400,100,0,0,0,0,0,0,0,0,0,0,0,0,66516.66229248047,129259.37634277344,192.37139892578125,105.4393310546875,0,335872,33210380288,8589930496,1994592256,0
200,1737286862711,2100,2100,820,1427,2099,2100,1499,1499,1372,1500,1397,400,100,9.523809432983398,0,0,0,0,0,0,0,0,0,0,0,66518.12664794922,129260.0033569336,192.37139892578125,100.84033203125,0,335872,33210380288,8589930496,1970073600,0
200,1737286862911,2100,1985,1500,1401,2100,1915,1499,1430,1499,1499,1404,1490,100,0,0,0,0,0,0,4.761904716491699,0,0,0,0,0,66519.52087402344,129260.61706542969,192.37139892578125,94.60580444335938,0,335872,33210380288,8589930496,1994416128,0
200,1737286863111,2099,2100,1478,1479,1992,1964,1388,1393,1394,1388,1434,1435,100,0,0,0,0,0,0,4.761904716491699,0,0,0,0,0,66520.88598632813,129261.14630126953,192.37139892578125,100,0,335872,33210380288,8589930496,2019188736,0
200,1737286863312,2100,549,400,1240,1560,1630,1451,1476,400,1378,1036,1265,100,0,0,0,4.761904716491699,0,0,0,0,0,0,0,0,66522.31451416016,129261.56524658203,192.37139892578125,101.26582336425781,0,335872,33210380288,8589930496,2019188736,0
200,1737286863512,2100,1657,400,1500,1789,1842,1172,1123,1203,1052,1367,1500,100,0,0,0,0,0,0,0,0,4.761904716491699,0,0,0,66523.8530883789,129262.0570678711,192.37139892578125,99.58505249023438,0,335872,33210380288,8589930496,2019188736,0
200,1737286863712,2100,1764,1438,1369,1727,1970,1500,1452,1482,1499,1341,1460,100,0,0,4.761904716491699,0,0,4.761904716491699,0,0,4.761904716491699,0,0,0,66525.55157470703,129262.66284179688,192.37139892578125,100.41841125488281,0,335872,33210380288,8589930496,2019188736,0
199,1737286863912,2100,2038,1360,1349,1934,907,1500,1499,1499,1500,1499,1335,100,0,0,0,0,0,0,0,4.761904716491699,0,0,0,0,66527.21307373047,129263.22186279297,192.37139892578125,99.58505249023438,0,335872,33210380288,8589930496,2019188736,0
200,1737286864112,2100,2012,1321,1363,2100,1988,1500,1499,1499,1499,1338,1086,100,0,0,0,0,0,0,0,4.761904716491699,0,0,0,0,66528.88928222656,129263.8193359375,192.37139892578125,100,0,335872,33210380288,8589930496,2019188736,0
200,1737286864312,2100,1459,1450,1500,1841,1892,1468,1281,1370,1439,1389,1450,100,0,0,0,0,0,0,0,4.761904716491699,0,0,0,0,66530.23693847656,129264.1976928711,192.37139892578125,50.209205627441406,0,335872,33210380288,8589930496,2019188736,0
200,1737286864513,2100,1671,1004,1002,400,400,1290,1250,1274,1321,400,400,100,0,0,0,0,0,0,0,4.761904716491699,0,0,0,0,66531.61010742188,129264.591796875,192.37139892578125,100.41841125488281,0,335872,33210380288,8589930496,2019188736,0
200,1737286864713,2099,2032,1396,1292,1731,1955,1353,1273,1329,1366,1325,1417,100,0,0,0,0,0,0,0,4.761904716491699,0,0,0,0,66533.09185791016,129265.03625488281,192.37139892578125,100.41841125488281,0,335872,33210380288,8589930496,2019188736,0
200,1737286864913,2100,775,400,400,1906,2064,1397,1500,1500,1500,400,400,100,0,0,0,0,0,0,0,4.761904716491699,0,0,0,0,66534.43835449219,129265.41961669922,192.37139892578125,100.41841125488281,0,335872,33210380288,8589930496,2019188736,0
200,1737286865113,2099,1770,1456,1464,1848,1811,1500,1499,1499,1442,1416,1339,100,0,0,0,0,0,0,0,4.761904716491699,0,0,0,0,66535.80596923828,129265.81323242188,192.37139892578125,104.5643081665039,0,335872,33210380288,8589930496,2027446272,0
200,1737286865313,2099,1925,1450,1499,2100,2100,1500,1052,1499,1499,1491,1495,100,0,0,0,0,0,0,0,4.761904716491699,0,0,0,0,66537.1826171875,129266.42584228516,192.37139892578125,47.69874572753906,0,335872,33210380288,8589930496,2085249024,0
200,1737286865513,2099,2041,1343,400,1721,1947,1215,1463,1297,1213,1377,1466,100,0,0,0,0,0,0,0,4.761904716491699,0,0,0,0,66538.57983398438,129267.04138183594,192.37139892578125,100.41841125488281,0,335872,33210380288,8589930496,2134794240,0
200,1737286865714,2100,562,400,400,1088,2100,1303,400,1463,1408,400,400,100,0,0,0,0,0,0,0,4.761904716491699,0,0,0,0,66539.9721069336,129267.65747070313,192.3719482421875,104.99999237060547,0,335872,33210380288,8589930496,2184339456,0
200,1737286865914,2099,2100,1500,1419,400,1894,1500,1499,1232,1329,1500,1500,100,0,0,0,0,0,0,0,4.761904716491699,0,0,0,0,66541.36120605469,129268.24920654297,192.3719482421875,100.41841125488281,0,335872,33210380288,8589930496,2225627136,0
200,1737286866114,2100,1925,1500,1472,1850,2007,1499,1500,1499,1499,1500,1500,100,0,0,0,0,0,0,0,4.761904716491699,0,0,0,0,66542.77026367188,129268.66241455078,192.3719482421875,99.58505249023438,0,335872,33210380288,8589930496,2225627136,0
200,1737286866314,2099,1757,1356,1459,1952,2022,1478,1472,1478,1435,1278,1468,100,1.4492753744125366,0,0.7142857313156128,0.7142857313156128,0.7142857313156128,0,0.7142857313156128,0,0.7142857313156128,0.7142857313156128,0,0,66544.20324707031,129269.08953857422,192.3719482421875,99.58505249023438,0,335872,33210380288,8589930496,2225627136,0
200,1737286866514,2100,2100,1467,1476,2009,1942,1465,1452,1473,1407,1418,1445,100,1.4492753744125366,0,0.7142857313156128,0.7142857313156128,0.7142857313156128,0,0.7142857313156128,0,0.7142857313156128,0.7142857313156128,0,0,66545.84356689453,129269.62371826172,192.3719482421875,100.41841125488281,0,335872,33210380288,8589930496,2225627136,0
200,1737286866715,2100,1864,1390,1499,1868,1942,1500,1500,1499,1499,1423,1499,100,0,0,0,0,0,0,0,0,0,0,0,0,66547.52471923828,129270.24053955078,192.3719482421875,100.41841125488281,0,335872,33210380288,8589930496,2225627136,0
200,1737286866915,2100,1816,1264,1251,2042,1897,1093,991,1004,1434,1219,1194,100,0,0,0,0,0,0,0,0,0,0,0,0,66549.18817138672,129270.79974365234,192.3719482421875,100.84033203125,0,335872,33210380288,8589930496,2225627136,0
200,1737286867115,2100,2100,1354,1500,2100,1936,1499,902,744,1421,1234,1353,100,0,0,0,0,0,0,0,0,0,0,0,0,66550.7543334961,129271.32507324219,192.3719482421875,50.10437774658203,0,335872,33210380288,8589930496,2225627136,0
199,1737286867315,2099,2100,1446,1474,2100,2100,1500,1418,1463,1420,1397,1433,100,0,0,0,0,0,0,0,0,0,0,0,0,66552.35845947266,129271.87231445313,192.3719482421875,99.58505249023438,0,335872,33210380288,8589930496,2225618944,0
200,1737286867515,2100,2016,1338,1414,1771,2100,1437,1483,1499,1499,1064,1409,100,0,0,0,0,0,0,0,0,0,0,0,0,66553.73559570313,129272.26446533203,192.3719482421875,100.41841125488281,0,335872,33210380288,8589930496,2225618944,0
200,1737286867715,2100,2005,1407,1426,1925,2100,1457,1429,1432,1320,1451,1443,100,0,0,0,0,0,0,0,0,0,0,0,0,66555.10760498047,129272.65606689453,192.3719482421875,100.41841125488281,0,335872,33210380288,8589930496,2225618944,0
200,1737286867915,2100,2100,1403,1371,2099,1945,1276,1252,1233,1255,400,1356,100,0,0,0,0,0,0,0,0,0,0,0,0,66556.55340576172,129273.07751464844,192.3719482421875,100.41841125488281,0,335872,33210380288,8589930496,2225618944,0
200,1737286868116,2100,1657,875,400,400,2100,1436,1418,1424,1449,732,1340,100,0,0,0,0,4.761904716491699,0,0,0,0,0,0,0,66558.0228881836,129273.51513671875,192.3719482421875,100.41841125488281,0,335872,33210380288,8589930496,2225618944,0
200,1737286868316,2100,2099,1440,1349,2100,2099,1500,1428,1500,1465,1500,813,100,0,4.761904716491699,0,4.761904716491699,0,4.761904716491699,0,0,0,0,0,0,66559.35418701172,129273.88391113281,192.3719482421875,100.41841125488281,0,335872,33210380288,8589930496,2225618944,0
199,1737286868516,2099,1916,400,400,400,1721,1294,1425,1234,1499,400,400,100,0,4.761904716491699,0,4.761904716491699,0,4.761904716491699,0,0,0,0,0,0,66560.70782470703,129274.26348876953,192.3719482421875,100,0,335872,33210380288,8589930496,2225618944,0
200,1737286868716,2099,2029,1304,1360,1578,1932,1316,1339,1443,1499,1269,1359,100,0,0,0,0,0,0,0,0,4.761904716491699,0,4.761904716491699,0,66562.15563964844,129274.8853149414,192.3719482421875,100,0,335872,33210380288,8589930496,2258649088,0
200,1737286868916,2100,1838,1358,1379,1340,1708,1186,1307,1443,1191,1171,400,100,0,0,0,0,0,0,0,0,4.761904716491699,0,4.761904716491699,0,66563.74377441406,129275.55926513672,192.3719482421875,50.209205627441406,0,335872,33210380288,8589930496,2258649088,0
200,1737286869116,2100,1982,1500,1499,2100,2100,1499,1500,1499,741,400,1500,100,0,0,0,0,0,0,0,0,4.761904716491699,0,4.761904716491699,0,66565.31005859375,129276.21026611328,192.3719482421875,100.41841125488281,0,335872,33210380288,8589930496,2258649088,0
200,1737286869316,2100,1978,1480,1465,2058,1977,1483,1437,1455,1500,1366,1437,100,0,0,0,0,0,0,0,0,4.761904716491699,0,4.761904716491699,0,66566.8486328125,129276.84149169922,192.3719482421875,100,0,335872,33210380288,8589930496,2116980736,0
200,1737286869517,2100,466,810,400,1362,1178,1349,1361,1436,1395,760,950,100,0,0,0,0,0,0,0,0,4.761904716491699,0,4.761904716491699,0,66568.25158691406,129277.4603881836,192.3719482421875,105.4393310546875,0,335872,33210380288,8589930496,2116980736,0
199,1737286869717,2099,1770,1499,1449,2006,1862,1401,1322,1414,1453,1274,1464,100,0,0,0,0,0,0,0,0,4.761904716491699,0,4.761904716491699,0,66569.64831542969,129278.07037353516,192.3719482421875,95.39749145507813,0,335872,33210380288,8589930496,2116980736,0
200,1737286869917,2100,2028,400,400,1767,1136,1375,1085,1401,1440,400,400,100,0,0,0,0,0,0,0,0,0,0,0,0,66571.04113769531,129278.68292236328,192.3719482421875,100,0,335872,33210380288,8589930496,2116980736,0
200,1737286870117,2099,1775,1478,1499,1952,1931,1418,1475,1477,1500,400,1476,100,0,0,4.761904716491699,0,4.761904716491699,4.761904716491699,0,0,0,0,0,0,66572.43823242188,129279.2964477539,192.3719482421875,100.41841125488281,0,335872,33210380288,8589930496,2116980736,0
200,1737286870317,2100,1853,1466,1395,1965,2100,1478,1476,1446,1474,400,1319,100,0,0,0,0,0,0,0,0,0,0,0,0,66573.82611083984,129279.72265625,192.3719482421875,99.58505249023438,0,335872,33210380288,8589930496,2124685312,0
200,1737286870518,2100,453,1500,1499,1941,1991,1307,400,400,1412,1456,1463,100,0,0,0,0,4.761904716491699,0,0,0,0,0,0,0,66575.24530029297,129280.15130615234,192.3719482421875,100.41841125488281,0,335872,33210380288,8589930496,2124685312,0
200,1737286870718,2100,1863,1500,1418,2069,1805,1227,1500,1499,1500,1381,1499,100,0,5,0,0,0,4.761904716491699,0,0,0,0,4.761904716491699,0,66576.87841796875,129280.68780517578,192.3719482421875,100,0,335872,33210380288,8589930496,2124685312,0
200,1737286870918,2100,1715,1433,1453,1822,2100,1500,1500,1499,1500,1499,1406,100,0,0,0,4.761904716491699,0,0,0,0,0,0,0,0,66578.53985595703,129281.2836303711,192.3719482421875,100.41841125488281,0,335872,33210380288,8589930496,2124685312,0
200,1737286871118,2100,1716,1499,400,1856,2100,1454,1487,1482,1479,1338,1398,100,0,0,0,0,0,0,5,0,4.761904716491699,4.761904716491699,0,0,66580.24011230469,129281.86126708984,192.3719482421875,100.41841125488281,0,335872,33210380288,8589930496,2124685312,0
200,1737286871318,2100,1964,1416,1374,1698,2100,1500,1499,1500,1500,1312,1414,100,0,0,0,0,0,0,5,0,4.761904716491699,4.761904716491699,0,0,66581.82873535156,129282.400390625,192.3719482421875,100.41841125488281,0,335872,33210380288,8589930496,2124685312,0
200,1737286871518,2100,2025,1462,1342,1979,1967,1474,1410,1470,1394,1261,1461,100,0,0,0,0,0,0,0,0,0,0,0,0,66583.24981689453,129282.82934570313,192.3719482421875,100,0,335872,33210380288,8589930496,2124685312,0
200,1737286871719,2100,2038,400,1308,1898,2100,1442,400,1419,1410,1054,400,100,0,0,0,0,0,0,0,0,0,0,0,0,66584.63122558594,129283.22344970703,192.3719482421875,100.84033203125,0,335872,33210380288,8589930496,2124685312,0
199,1737286871919,2099,2100,1471,1463,2100,1994,1449,1500,1499,1306,1426,1476,100,0,0,0,0,0,0,0,4.761904716491699,0,0,0,0,66586.09002685547,129283.65539550781,192.3719482421875,100,0,335872,33210380288,8589930496,2124685312,0
200,1737286872119,2099,2026,1370,1286,400,475,400,400,400,400,1267,1309,100,0,0,0,0,0,0,0,4.761904716491699,0,0,0,0,66587.53125,129284.08270263672,192.3719482421875,100,0,335872,33210380288,8589930496,2124685312,0
199,1737286872319,2100,1964,1474,1475,2100,2099,1500,1443,1475,1419,1311,1499,100,0,0,0,0,0,0,0,0,0,0,0,0,66588.86206054688,129284.4457397461,192.3719482421875,100.41841125488281,0,335872,33210380288,8589930496,2124685312,0
199,1737286872519,2099,1910,1341,1449,1665,2099,1438,1440,1456,1499,1499,1382,100,0,0,0,0,4.761904716491699,0,0,0,0,0,0,0,66590.23614501953,129284.88024902344,192.3719482421875,105.4393310546875,0,335872,33210380288,8589930496,2141200384,0
200,1737286872719,2100,1808,1255,1287,1963,1862,1499,1429,1478,1192,1214,1170,100,0,0,0,0,0,0,0,0,0,5,0,0,66591.62866210938,129285.49304199219,192.3719482421875,95.39749145507813,0,335872,33210380288,8589930496,2199003136,0
200,1737286872919,2099,2100,1429,1482,1982,2100,1404,1375,1401,1395,1403,1474,100,0,0,0,0,0,0,0,0,0,5,0,0,66593.0298461914,129286.109375,192.3719482421875,100,0,335872,33210380288,8589930496,2240290816,0
200,1737286873120,2100,2059,1402,1405,1967,1981,1409,1457,1419,1439,1390,1406,100,0,0,0,0,0,0,0,0,0,5,0,0,66594.56134033203,129286.76873779297,192.3719482421875,52.8301887512207,0,335872,33210380288,8589930496,2256805888,0
200,1737286873320,2100,1868,1500,1443,1872,1866,1500,1499,1408,1474,1500,1500,100,0,0,0,0,0,0,0,0,0,5,0,0,66596.14807128906,129287.43994140625,192.3719482421875,100.41841125488281,0,335872,33210380288,8589930496,2256805888,0
200,1737286873520,2099,1925,1454,1399,1760,1927,1319,1285,1420,1334,1370,1461,100,0,0,0,0,0,0,0,0,0,5,0,0,66597.68176269531,129288.06134033203,192.3719482421875,95.39749145507813,0,335872,33210380288,8589930496,2256805888,0
200,1737286873720,2100,2100,1499,1374,2100,1871,1167,1149,1500,1499,1500,1366,100,0,0,0,0,0,0,0,0,0,5,0,0,66599.1693725586,129288.69348144531,192.3719482421875,52.60960388183594,0,335872,33210380288,8589930496,2150957056,0
200,1737286873920,2100,880,1258,1346,1628,863,1500,1009,1463,1499,400,400,100,0,0,0,0,0,0,0,0,0,5,0,0,66600.56671142578,129289.3042602539,192.3719482421875,94.60580444335938,0,335872,33210380288,8589930496,2150957056,0
200,1737286874120,2100,1852,1318,1361,1995,1941,1427,1471,1477,1500,400,1341,100,0,0,0,0,0,0,0,0,0,5,0,0,66601.93518066406,129289.78607177734,192.3719482421875,104.5643081665039,0,335872,33210380288,8589930496,2150957056,0
200,1737286874321,2099,2058,1461,1324,2100,1897,1383,1451,1459,1433,1361,1457,100,0,1.4184396266937256,0.7092198133468628,0.7142857313156128,0.7142857313156128,1.4184396266937256,0.7142857313156128,0.7142857313156128,0.7142857313156128,0,0.7142857313156128,0,66603.36700439453,129290.20971679688,192.3719482421875,100.84033203125,0,335872,33210380288,8589930496,2150957056,0
200,1737286874521,2099,698,1326,1237,400,1742,1367,1457,1317,1462,1264,1162,100,0,1.4184396266937256,0.7092198133468628,0.7142857313156128,0.7142857313156128,1.4184396266937256,0.7142857313156128,0.7142857313156128,0.7142857313156128,0,0.7142857313156128,0,66604.99389648438,129290.74700927734,192.3719482421875,50.10437774658203,0,335872,33210380288,8589930496,2150957056,0
200,1737286874721,2100,1897,1500,1422,1857,2100,1500,1500,1499,1479,1352,1330,100,0,1.4184396266937256,0.7092198133468628,0.7142857313156128,0.7142857313156128,1.4184396266937256,0.7142857313156128,0.7142857313156128,0.7142857313156128,0,0.7142857313156128,0,66606.6625366211,129291.33190917969,192.3719482421875,100.41841125488281,0,335872,33210380288,8589930496,2150957056,0
200,1737286874921,2100,2100,1435,1453,2020,2100,1460,1440,1459,1413,1373,1374,100,0,1.4184396266937256,0.7092198133468628,0.7142857313156128,0.7142857313156128,1.4184396266937256,0.7142857313156128,0.7142857313156128,0.7142857313156128,0,0.7142857313156128,0,66608.37121582031,129291.91479492188,192.3719482421875,100.41841125488281,0,335872,33210380288,8589930496,2150957056,0
200,1737286875121,2099,2100,1441,1457,2099,2100,1367,1292,1383,1390,1322,1425,100,0,0,0,0,5,0,0,4.761904716491699,0,4.761904716491699,0,0,66609.92272949219,129292.42877197266,192.3719482421875,100.41841125488281,0,335872,33210380288,8589930496,2150957056,0
200,1737286875321,2099,1991,1146,1298,1824,1901,1445,1469,1476,1361,1125,1287,100,0,0,0,0,0,0,0,0,0,0,0,0,66611.3013305664,129292.81646728516,192.3719482421875,100,0,335872,33210380288,8589930496,2150957056,0
199,1737286875522,2100,2100,1158,1068,400,400,1382,1328,1374,1428,1242,897,100,0,0,0,0,0,0,0,0,0,0,0,0,66612.71899414063,129293.22912597656,192.3719482421875,100,0,335872,33210380288,8589930496,2150957056,0
200,1737286875722,2100,574,743,833,1413,1489,400,1376,1230,400,400,400,100,0,0,0,0,0,0,4.761904716491699,0,0,0,0,0,66614.1753540039,129293.66375732422,192.3719482421875,100.84033203125,0,335872,33210380288,8589930496,2150957056,0
200,1737286875922,2100,465,1276,1489,1917,1803,1223,400,400,848,1366,400,100,0,0,0,0,0,0,4.761904716491699,0,0,0,0,0,66615.50598144531,129294.03314208984,192.3719482421875,100,0,335872,33210380288,8589930496,2150957056,0
200,1737286876122,2100,2004,1500,1456,1982,2099,1499,1475,1464,1472,1431,1485,100,0,0,0,0,0,4.761904716491699,0,0,4.761904716491699,0,0,0,66616.88488769531,129294.52349853516,192.3719482421875,100,0,335872,33210380288,8589930496,2150957056,0
200,1737286876322,2100,1962,1499,1500,1945,2100,1482,1437,1465,1457,400,1500,100,0,0,0,0,0,4.761904716491699,0,0,4.761904716491699,0,0,0,66618.27911376953,129295.13659667969,192.3719482421875,94.60580444335938,0,335872,33210380288,8589930496,2150957056,0
200,1737286876522,2100,1996,1406,1442,1202,1269,1414,1454,1465,1473,1438,1350,100,0,0,0,0,0,4.761904716491699,0,0,4.761904716491699,0,0,0,66619.67846679688,129295.7523803711,192.3719482421875,50.209205627441406,0,335872,33210380288,8589930496,2150957056,0
199,1737286876723,2099,2051,1351,1500,1416,1856,1379,1317,1378,1407,1439,1470,100,0,0,0,0,0,4.761904716491699,0,0,4.761904716491699,0,0,0,66621.06762695313,129296.36413574219,192.3719482421875,52.71966552734375,0,335872,33210380288,8589930496,2191986688,0
200,1737286876923,2100,2032,1265,400,1919,1747,1431,1332,1337,1437,1436,1141,100,5,0,0,0,0,0,0,0,0,0,0,0,66622.45135498047,129296.85845947266,192.3719482421875,100.84033203125,0,335872,33210380288,8589930496,2216759296,0
200,1737286877123,2100,1750,1418,1439,2048,1853,1500,1500,1499,1499,400,1437,100,0,0,0,0,0,0,0,0,0,0,0,0,66623.91131591797,129297.28729248047,192.3719482421875,100.41841125488281,0,335872,33210380288,8589930496,2216759296,0
200,1737286877323,2100,1950,1499,1446,1960,1700,1312,1275,1282,1285,1408,1428,100,0,0,0,0,0,0,0,0,0,0,0,0,66625.41973876953,129297.75659179688,192.3719482421875,100.41841125488281,0,335872,33210380288,8589930496,2216759296,0
200,1737286877523,2100,1752,1500,1442,1539,1672,1456,1466,1419,1455,1425,1435,100,0,5,4.761904716491699,0,0,0,4.761904716491699,0,0,0,0,0,66627.12292480469,129298.35437011719,192.3719482421875,100,0,335872,33210380288,8589930496,2216759296,0
200,1737286877723,2100,2045,400,400,1416,1915,1444,1233,1413,1458,400,400,100,0,0,0,4.761904716491699,0,0,0,0,4.761904716491699,0,0,0,66628.75427246094,129298.9185180664,192.3719482421875,101.26582336425781,0,335872,33210380288,8589930496,2216759296,0
200,1737286877924,2100,1711,400,879,1003,2100,1253,1317,1208,1298,400,697,100,0,0,0,4.761904716491699,0,0,0,4.761904716491699,0,0,0,0,66630.4926147461,129299.53149414063,192.3719482421875,99.58505249023438,0,335872,33210380288,8589930496,2216759296,0
200,1737286878124,2100,2099,1450,1450,1926,2100,1499,1499,1490,1500,1352,1431,100,0,0,0,0,0,0,0,0,0,0,5,0,66632.0151977539,129300.02062988281,192.37261962890625,100.41841125488281,0,335872,33210380288,8589930496,2216759296,0
200,1737286878324,2099,1801,1380,1499,1900,1912,1499,1384,1500,1500,1479,1370,100,0,0,0,0,0,0,0,0,0,0,5,0,66633.44171142578,129300.4555053711,192.37261962890625,99.58505249023438,0,335872,33210380288,8589930496,2216759296,0
200,1737286878524,2100,1888,1435,1451,1714,1945,1385,1367,1324,1368,1417,1389,100,0,0,4.761904716491699,0,4.761904716491699,0,0,0,0,0,0,0,66634.82043457031,129300.84942626953,192.37261962890625,100.41841125488281,0,335872,33210380288,8589930496,2216759296,0
200,1737286878724,2099,1581,1243,1161,1882,2100,1383,1349,1473,1463,1331,1213,100,0,0,0,0,0,0,0,0,0,0,0,0,66636.2290649414,129301.25390625,192.37261962890625,100.41841125488281,0,335872,33210380288,8589930496,2216759296,0
200,1737286878925,2100,2029,1433,1443,1455,1461,1427,1372,1454,1457,1223,1362,100,0,0,0,0,4.761904716491699,9.090909004211426,0,0,0,0,0,0,66637.69061279297,129301.69213867188,192.37261962890625,100,0,335872,33210380288,8589930496,2216759296,0
200,1737286879125,2100,2099,1475,1389,1910,1964,1338,930,400,1108,1341,1469,100,0,0,0,0,4.761904716491699,9.090909004211426,0,0,0,0,0,0,66639.0376586914,129302.07263183594,192.37261962890625,100,0,335872,33210380288,8589930496,2216759296,0
200,1737286879325,2100,545,400,1088,1690,1940,1299,400,1066,1093,1119,987,100,0,0,0,0,0,0,0,0,0,0,0,0,66640.39221191406,129302.45587158203,192.37261962890625,100.84033203125,0,335872,33210380288,8589930496,2216759296,0
200,1737286879525,2100,1123,400,400,1488,1706,1331,1448,1361,1395,400,400,100,0,0,0,0,0,0,4.761904716491699,0,0,0,0,0,66641.77197265625,129302.98669433594,192.37261962890625,100.41841125488281,0,335872,33210380288,8589930496,2241273856,0
200,1737286879725,2100,1138,1142,952,1222,1728,400,400,400,400,400,1381,100,0,0,0,0,0,0,4.761904716491699,0,0,0,0,0,66643.30322265625,129303.64825439453,192.37261962890625,100.41841125488281,0,335872,33210380288,8589930496,2257788928,0
200,1737286879925,2100,2047,1451,1451,2100,1904,1377,1418,1477,1446,1358,400,100,5,0,0,0,0,0,0,0,0,0,0,0,66644.87414550781,129304.31298828125,192.37261962890625,99.58505249023438,0,335872,33210380288,8589930496,2257788928,0
200,1737286880126,2100,2043,1466,1471,1988,2100,1396,1402,1360,1394,400,1440,100,4.761904716491699,0,0,0,0,0,0,0,0,0,5,0,66646.42352294922,129304.94958496094,192.37261962890625,100,0,335872,33210380288,8589930496,2237456384,0
200,1737286880326,2100,500,1335,400,1704,1626,1459,400,1208,1420,400,1399,100,0,0,0,0,0,0,0,0,0,0,0,0,66647.89276123047,129305.57629394531,192.37261962890625,100.41841125488281,0,335872,33210380288,8589930496,2095849472,0
200,1737286880526,2099,1901,1438,1431,1820,1924,1292,1323,1271,1020,1255,1499,100,0,0,0,0,0,0,0,0,0,0,0,0,66649.28100585938,129306.18737792969,192.37261962890625,100,0,335872,33210380288,8589930496,2095849472,0
200,1737286880726,2100,2099,1499,1282,2099,2099,1499,1500,1499,1500,1499,1500,100,0,0,0,4.761904716491699,0,0,5,4.761904716491699,0,0,0,0,66650.67321777344,129306.80267333984,192.37261962890625,100.41841125488281,0,335872,33210380288,8589930496,2095849472,0
200,1737286880926,2100,2100,1500,1499,2100,1936,1499,1500,1500,1499,1500,1499,100,0,4.761904716491699,0,0,0,5,0,0,0,4.761904716491699,0,0,66652.0619506836,129307.41247558594,192.37261962890625,99.58505249023438,0,335872,33210380288,8589930496,2095849472,0
200,1737286881126,2099,1999,1112,1008,1863,1872,1327,1362,1499,400,400,400,100,0,0,0,0,0,0,0,0,0,0,0,0,66653.44750976563,129307.9048461914,192.37261962890625,100.41841125488281,0,335872,33210380288,8589930496,2112004096,0
200,1737286881327,2100,1952,400,400,1741,2100,1282,1309,1360,1377,400,800,100,0,0,0,0,4.761904716491699,0,0,0,0,0,0,0,66654.87213134766,129308.32006835938,192.37261962890625,100.84033203125,0,335872,33210380288,8589930496,2112004096,0
200,1737286881527,2100,2100,1431,1463,2100,1866,1500,1499,1500,1500,400,1417,100,0,0,4.761904716491699,0,0,0,0,0,0,0,0,0,66656.42919921875,129308.82397460938,192.37261962890625,99.58505249023438,0,335872,33210380288,8589930496,2112004096,0
200,1737286881727,2099,2100,1359,889,2049,1941,1476,1499,1452,1500,1381,1365,100,0,0,0,0,0,0,0,0,0,0,0,0,66658.11096191406,129309.43267822266,192.37261962890625,100.41841125488281,0,335872,33210380288,8589930496,2112004096,0
200,1737286881927,2100,2100,1186,1500,2100,2100,1435,1393,400,1460,1419,1476,100,0,0,0,0,0,0,0,0,0,0,0,0,66659.76916503906,129309.98889160156,192.37261962890625,100,0,335872,33210380288,8589930496,2112004096,0
200,1737286882127,2100,2100,1480,1458,1927,2000,1387,1333,1372,1320,1366,1458,100,4.761904716491699,0,0,0,0,0,0,0,0,0,0,0,66661.38916015625,129310.54553222656,192.37261962890625,100.41841125488281,0,335872,33210380288,8589930496,2112004096,0
200,1737286882327,2100,2100,811,400,1565,1340,1470,1499,1366,1309,904,572,100,0,0,0,0,0,0,4.761904716491699,0,0,0,5,0,66662.84497070313,129310.99816894531,192.37261962890625,100.41841125488281,0,335872,33210380288,8589930496,2112004096,0
200,1737286882528,2100,2001,1350,1336,2100,1937,1345,1203,1360,1318,1089,1414,100,0,0,0,0,0,0,4.761904716491699,0,0,0,5,0,66664.23345947266,129311.3988647461,192.37261962890625,100.41841125488281,0,335872,33210380288,8589930496,2112004096,0
200,1737286882728,2099,2100,1479,1408,1855,1877,1500,1444,1399,1482,1370,1476,100,0,0,0,0,0,0,4.761904716491699,0,0,0,5,0,66665.65380859375,129311.81512451172,192.37261962890625,50.10437774658203,0,335872,33210380288,8589930496,2112004096,0
199,1737286882928,2099,1708,1467,1441,1794,1979,1471,1424,1447,1499,1484,1499,100,0,0,0,0,0,0,4.761904716491699,0,0,0,5,0,66667.1328125,129312.26165771484,192.37261962890625,50.10437774658203,0,335872,33210380288,8589930496,2112004096,0
200,1737286883128,2100,2100,1462,1473,2100,2100,1406,1409,1415,1466,1385,1469,100,0,1.6393442153930664,0,1.6666667461395264,1.6393442153930664,0,0,1.6393442153930664,1.6393442153930664,0,1.6393442153930664,0,66668.43530273438,129312.62292480469,192.37261962890625,99.58505249023438,0,335872,33210380288,8589930496,2112004096,0
199,1737286883328,2100,1669,1373,1437,1812,1919,1337,1405,1403,1442,1376,1462,100,0,1.6393442153930664,0,1.6666667461395264,1.6393442153930664,0,0,1.6393442153930664,1.6393442153930664,0,1.6393442153930664,0,66669.8051147461,129313.04431152344,192.37261962890625,50.31446838378906,0,335872,33210380288,8589930496,2120257536,0
200,1737286883528,2100,1789,1366,1333,2100,1977,1499,1500,1499,1500,1342,1351,100,0,1.6393442153930664,0,1.6666667461395264,1.6393442153930664,0,0,1.6393442153930664,1.6393442153930664,0,1.6393442153930664,0,66671.19873046875,129313.6597290039,192.37261962890625,50.31446838378906,0,335872,33210380288,8589930496,2169802752,0
200,1737286883728,2099,2054,1423,1446,1272,2100,1397,1456,1462,1460,1422,1416,100,0,0,1.6393442153930664,0,0,0,0,1.6666667461395264,0,1.6666667461395264,0,0,66672.59106445313,129314.27130126953,192.37261962890625,100,0,335872,33210380288,8589930496,2219347968,0
199,1737286883929,2100,1828,1500,1396,1505,1795,1484,1382,1338,1446,400,1463,100,0,0,0,0,0,4.761904716491699,0,0,0,0,0,0,66674.04602050781,129314.90930175781,192.37261962890625,100.84033203125,0,335872,33210380288,8589930496,2252378112,0
200,1737286884129,2100,1857,1350,1455,1918,1952,1406,1454,1359,1435,1407,400,100,0,0,0,0,0,4.761904716491699,0,0,0,0,0,0,66675.62683105469,129315.58612060547,192.37261962890625,100.41841125488281,0,335872,33210380288,8589930496,2252378112,0
200,1737286884329,2100,1912,1419,1473,2100,2100,400,1427,1499,1464,1499,1499,100,0,0,0,0,0,0,0,0,0,0,0,0,66677.19061279297,129316.24139404297,192.37261962890625,100.41841125488281,0,335872,33210380288,8589930496,2252378112,0
200,1737286884529,2100,2100,1463,1460,2038,1821,1435,1499,1439,1472,400,400,100,5,0,0,0,0,0,0,0,0,0,0,0,66678.71282958984,129316.86987304688,192.37261962890625,100.84033203125,0,335872,33210380288,8589930496,2141446144,0
200,1737286884729,2100,1997,1499,1499,2099,2099,1457,1438,1479,1440,1439,1499,100,5,0,0,0,0,0,0,0,0,0,0,0,66680.10235595703,129317.48358154297,192.37261962890625,99.58505249023438,0,335872,33210380288,8589930496,2141446144,0
200,1737286884929,2100,501,1401,1458,1987,1990,1342,400,400,1413,1401,400,100,0,0,0,0,0,4.761904716491699,0,0,0,0,0,0,66681.46813964844,129317.96813964844,192.37261962890625,100.84033203125,0,335872,33210380288,8589930496,2141446144,0
200,1737286885130,2063,2047,1420,1110,1897,1852,1500,1467,1500,1475,1293,1368,100,0,0,0,0,0,4.761904716491699,0,0,0,0,0,0,66682.88549804688,129318.38006591797,192.37261962890625,100,0,335872,33210380288,8589930496,2141446144,0
199,1737286885330,2100,2043,1426,400,1871,400,1125,1342,1419,1440,400,400,100,0,0,0,0,0,4.761904716491699,0,0,0,0,0,0,66684.50201416016,129318.9228515625,192.37261962890625,50.209205627441406,0,335872,33210380288,8589930496,2141151232,0
199,1737286885530,2100,2008,1427,1452,1562,1960,1467,1343,1399,1460,1310,1221,100,0,0,0,0,0,4.761904716491699,0,0,0,0,0,0,66686.16094970703,129319.50750732422,192.37261962890625,50.209205627441406,0,335872,33210380288,8589930496,2141151232,0
200,1737286885730,2100,2027,400,400,1332,1948,1366,1173,1261,1357,533,776,100,0,0,1.6393442153930664,0,0,0,1.6666667461395264,0,1.6393442153930664,0,0,0,66687.86932373047,129320.0966796875,192.37261962890625,100,0,335872,33210380288,8589930496,2141151232,0
200,1737286885930,2100,2011,1429,1329,2100,2005,1443,1404,1460,1441,1296,1420,100,0,4.761904716491699,0,0,9.090909004211426,0,0,0,0,0,0,0,66689.3685913086,129320.58367919922,192.37261962890625,100.41841125488281,0,335872,33210380288,8589930496,2141151232,0
200,1737286886130,2100,1575,1451,1451,2100,1981,1499,1500,1500,1500,1384,1450,100,0,4.761904716491699,0,0,0,0,0,0,0,0,0,0,66690.7474975586,129320.97296142578,192.37261962890625,99.58505249023438,0,335872,33210380288,8589930496,2141151232,0
200,1737286886331,2099,1967,1442,1449,1882,1843,1474,1462,1500,1453,1407,1426,100,0,0,0,5,0,0,0,0,0,0,0,0,66692.17333984375,129321.39318847656,192.37261962890625,100.41841125488281,0,335872,33210380288,8589930496,2141151232,0
200,1737286886531,2100,2056,1444,1473,1969,1911,1377,1324,1319,1331,1499,1385,100,0,0,0,5,0,0,0,0,0,0,0,0,66693.5824584961,129321.80541992188,192.37261962890625,100.41841125488281,0,335872,33210380288,8589930496,2141151232,0
200,1737286886731,2100,1986,1183,1251,1787,1586,1299,1181,1206,1288,1379,1297,100,4.761904716491699,0,0,0,0,0,0,4.761904716491699,0,5,0,0,66694.93688964844,129322.18823242188,192.37261962890625,100.41841125488281,0,335872,33210380288,8589930496,2141151232,0
200,1737286886931,2100,2100,1473,1433,2100,2100,1499,1500,1477,1500,400,400,100,0,0,0,0,0,0,4.761904716491699,0,0,0,0,0,66696.32916259766,129322.74334716797,192.37261962890625,100.41841125488281,0,335872,33210380288,8589930496,2141151232,0
200,1737286887131,2099,658,1099,1047,400,1563,400,1162,400,400,1412,1413,100,0,0,0,0,0,0,4.761904716491699,0,0,0,0,0,66697.70989990234,129323.35076904297,192.37261962890625,104.99999237060547,0,335872,33210380288,8589930496,2141151232,0
200,1737286887331,2100,1841,1316,1438,1916,1593,1384,1456,1436,1394,1407,1345,100,0,0,0,0,0,0,4.761904716491699,0,0,0,0,0,66699.10266113281,129323.96337890625,192.37261962890625,47.69874572753906,0,335872,33210380288,8589930496,2141151232,0
200,1737286887532,2100,1934,1388,1445,2000,1885,1500,1461,1468,1473,1355,1453,100,0,0,0,0,0,1.6393442153930664,0,0,0,0,1.6393442153930664,0,66700.49072265625,129324.57470703125,192.37261962890625,50.209205627441406,0,335872,33210380288,8589930496,2173923328,0
200,1737286887732,2100,1967,1500,1499,1863,1877,1360,1360,1397,1217,1500,1500,100,0,0,0,0,0,4.761904716491699,0,0,4.761904716491699,0,0,0,66701.88659667969,129325.0043334961,192.37261962890625,104.5643081665039,0,335872,33210380288,8589930496,2182180864,0
199,1737286887932,2100,2100,1476,1463,1793,2099,1500,1446,1445,1469,1441,1478,100,0,0,0,0,0,4.761904716491699,0,0,4.761904716491699,0,0,0,66703.2837524414,129325.41345214844,192.37261962890625,100,0,335872,33210380288,8589930496,2182180864,0
200,1737286888132,2100,2100,1471,1499,1899,2100,1500,1482,1450,1481,1254,1469,100,0,0,0,0,0,4.761904716491699,0,0,4.761904716491699,0,0,0,66704.89874267578,129325.94744873047,192.37261962890625,50.31446838378906,0,335872,33210380288,8589930496,2182180864,0
200,1737286888332,2100,1861,1431,1333,1614,2100,1437,1426,1437,1465,1358,1447,100,0,0,0,0,0,4.761904716491699,0,0,4.761904716491699,0,0,0,66706.59594726563,129326.5625,192.37353515625,99.58505249023438,0,335872,33210380288,8589930496,2182180864,0
200,1737286888533,2100,1903,1449,1441,1881,2100,1413,1468,1467,1475,1279,1449,100,1.2820513248443604,0,1.2345678806304932,0,1.25,0,0,0,0,1.2345678806304932,0,0,66708.27032470703,129327.12530517578,192.37353515625,99.58505249023438,0,335872,33210380288,8589930496,2182180864,0
200,1737286888733,2100,2099,400,1105,1746,1957,1318,1210,1357,400,1011,1292,100,0,0,0,0,0,0,0,0,0,0,0,0,66709.84454345703,129327.65447998047,192.37353515625,100.84033203125,0,335872,33210380288,8589930496,2182180864,0
200,1737286888933,2100,1848,1402,1415,2100,1939,1500,1499,1420,1294,1379,1479,100,0,0,0,0,0,0,0,0,0,0,0,0,66711.43188476563,129328.17248535156,192.37353515625,100.41841125488281,0,335872,33210380288,8589930496,2182180864,0
200,1737286889133,2100,2100,1377,1467,2100,1991,1479,1500,1500,1478,400,1457,100,0,0,0,4.761904716491699,0,0,4.761904716491699,0,0,0,0,0,66712.81072998047,129328.57360839844,192.37353515625,100.41841125488281,0,335872,33210380288,8589930496,2182180864,0
200,1737286889333,2100,1941,1417,1435,1965,1981,1500,1465,1404,1473,1317,1300,100,0,0,0,4.761904716491699,0,0,4.761904716491699,0,0,0,0,0,66714.17266845703,129328.9560546875,192.37353515625,100.41841125488281,0,335872,33210380288,8589930496,2182180864,0
200,1737286889533,2099,2023,1455,1437,1942,2100,1459,1393,1473,1418,1408,1355,100,0,0,0,0,0,0,0,0,0,0,0,0,66715.66302490234,129329.40686035156,192.37353515625,100.41841125488281,0,335872,33210380288,8589930496,2182180864,0
200,1737286889734,2100,2033,1386,1500,400,400,1082,400,1024,1159,1457,1453,100,5,0,4.761904716491699,0,0,0,0,4.761904716491699,0,0,0,0,66717.04815673828,129329.80310058594,192.37353515625,100.41841125488281,0,335872,33210380288,8589930496,2182180864,0
200,1737286889934,2100,692,400,400,1940,400,1268,1266,1298,1271,1323,1440,100,0,0,0,4.761904716491699,0,0,0,0,0,0,0,0,66718.41540527344,129330.18835449219,192.37353515625,100.41841125488281,0,335872,33210380288,8589930496,2182180864,0
200,1737286890134,2100,1945,1478,1472,1994,2099,1500,1442,1477,1499,400,1393,100,0,0,0,0,0,0,0,0,0,0,4.761904716491699,0,66719.79376220703,129330.65313720703,192.37353515625,95.39749145507813,0,335872,33210380288,8589930496,2198437888,0
200,1737286890334,2100,1948,1347,1378,1959,1840,1500,1439,1446,1499,1399,1441,100,0,0,0,0,0,0,0,0,0,0,4.761904716491699,0,66721.17065429688,129331.26275634766,192.37353515625,99.58505249023438,0,335872,33210380288,8589930496,2247983104,0
200,1737286890534,2099,1997,1420,1462,2100,1967,1344,1476,1480,1499,1499,1455,100,0,0,0,0,0,5,0,0,4.761904716491699,0,0,0,66722.76391601563,129331.95056152344,192.37353515625,104.99999237060547,0,335872,33210380288,8589930496,2247983104,0
200,1737286890734,2099,449,1226,1192,1094,1771,1389,1326,1356,1320,943,1213,100,0,0,0,0,0,0,4.761904716491699,0,0,0,0,0,66724.32452392578,129332.6025390625,192.37353515625,100,0,335872,33210380288,8589930496,2247983104,0
200,1737286890935,2100,1849,1445,1388,1966,2100,1228,1317,1350,1363,818,1434,100,0,0,0,0,0,0,4.761904716491699,0,0,0,0,0,66725.8793334961,129333.23132324219,192.37353515625,100.84033203125,0,335872,33210380288,8589930496,2158878720,0
200,1737286891135,2099,550,1063,1124,400,1899,1392,1280,1396,1413,400,1058,100,0,0,0,0,0,0,0,0,0,4.761904716491699,0,0,66727.29748535156,129333.84143066406,192.37353515625,100,0,335872,33210380288,8589930496,2101170176,0
200,1737286891335,2100,1619,1330,1359,1776,1885,1262,1089,1256,1255,400,1275,100,0,0,0,0,0,0,0,0,0,4.761904716491699,0,0,66728.69543457031,129334.45666503906,192.37353515625,100,0,335872,33210380288,8589930496,2101075968,0
200,1737286891535,2100,1949,1499,1473,1956,2100,1500,1467,1483,1481,400,1499,100,0,0,4.761904716491699,0,4.761904716491699,0,4.761904716491699,0,0,0,0,0,66730.08288574219,129335.06475830078,192.37353515625,100,0,335872,33210380288,8589930496,2101075968,0
200,1737286891735,2099,2048,1305,1433,2007,1688,1469,1386,1450,1439,400,1430,100,0,0,0,4.761904716491699,0,0,0,0,0,0,0,0,66731.46881103516,129335.58331298828,192.37353515625,94.60580444335938,0,335872,33210380288,8589930496,2101075968,0
200,1737286891936,2100,2052,1413,1417,1932,2100,1391,1360,1375,1402,1406,1377,100,0,0,0,4.761904716491699,0,0,0,0,0,0,0,0,66732.88311767578,129335.99041748047,192.37353515625,100,0,335872,33210380288,8589930496,2101043200,0
200,1737286892136,2100,2050,1449,1431,1968,1867,1427,1366,1395,1314,1332,1462,100,0,0,0,4.761904716491699,0,0,0,0,0,0,0,0,66734.43579101563,129336.48937988281,192.37353515625,50.31446838378906,0,335872,33210380288,8589930496,2101043200,0
200,1737286892336,2099,1928,1371,1500,1912,1605,1347,1404,1200,1302,1213,1404,100,0,0,0,4.761904716491699,0,0,0,0,0,0,0,0,66736.13732910156,129337.09771728516,192.37353515625,100,0,335872,33210380288,8589930496,2101043200,0
200,1737286892536,2100,1842,1499,1476,1468,1644,400,400,400,1231,400,1471,100,0,0,0,4.761904716491699,0,0,0,0,0,0,0,0,66737.78973388672,129337.65124511719,192.37353515625,100,0,335872,33210380288,8589930496,2101043200,0
200,1737286892736,2099,1984,1449,1461,1975,1951,1500,1499,1500,1499,1398,1468,100,0,0,0,4.761904716491699,0,0,0,0,0,0,0,0,66739.44989013672,129338.22595214844,192.37353515625,104.99999237060547,0,335872,33210380288,8589930496,2101043200,0
200,1737286892936,2100,2100,1453,1499,1462,1459,1367,1341,1308,1416,1476,1446,100,0,0,0,4.761904716491699,0,0,0,0,0,0,0,0,66740.89978027344,129338.66918945313,192.37353515625,100,0,335872,33210380288,8589930496,2101043200,0
200,1737286893137,2099,2032,1168,1424,2100,1950,1380,1433,1399,1472,1380,1251,100,0,0,0,4.761904716491699,0,0,0,0,0,0,0,0,66742.2847290039,129339.06329345703,192.37353515625,100.41841125488281,0,335872,33210380288,8589930496,2101043200,0
200,1737286893337,2099,2100,1337,1393,1873,1826,1458,1408,1444,1338,1359,1366,100,0,0,0,4.761904716491699,0,0,0,0,0,0,0,0,66743.71765136719,129339.4848022461,192.37353515625,100.41841125488281,0,335872,33210380288,8589930496,2101043200,0
200,1737286893537,2099,2100,1460,1460,2099,1995,1345,1376,1375,1402,962,1499,100,4.761904716491699,0,0,0,0,0,0,0,0,0,0,0,66745.14721679688,129339.90649414063,192.37353515625,100.41841125488281,0,335872,33210380288,8589930496,2101043200,0
200,1737286893737,2100,2100,1500,1466,1997,2100,1400,1336,1393,1411,1479,1459,100,0,0,0,0,4.761904716491699,0,0,0,0,0,5,0,66746.50231933594,129340.28637695313,192.37353515625,100.84033203125,0,335872,33210380288,8589930496,2101043200,0
200,1737286893937,2100,1819,1336,1464,1805,1986,1452,1408,1455,1460,1155,1149,100,0,0,0,0,0,0,0,0,0,0,0,0,66747.88464355469,129340.76550292969,192.37353515625,100,0,335872,33210380288,8589930496,2101043200,0
200,1737286894137,2100,2028,1365,1391,1680,1813,1449,1460,1468,1331,1241,1468,100,0,0,0,0,0,0,0,0,0,0,0,0,66749.2788696289,129341.3706665039,192.37353515625,100.41841125488281,0,335872,33210380288,8589930496,2150330368,0
200,1737286894338,2100,2100,1448,1474,1992,1884,1443,1357,1457,1459,1360,1369,100,0,0,4.761904716491699,0,0,0,5,4.761904716491699,0,0,0,0,66750.66162109375,129341.98315429688,192.37353515625,95.39749145507813,0,335872,33210380288,8589930496,2199875584,0
200,1737286894538,2100,1756,1397,1397,1927,1832,1289,1433,1499,1458,1343,1351,100,0,0,4.761904716491699,0,0,0,5,4.761904716491699,0,0,0,0,66752.06268310547,129342.6005859375,192.37353515625,52.60960388183594,0,335872,33210380288,8589930496,2249420800,0
199,1737286894738,2100,1807,1407,1279,1753,1731,1338,1213,1054,1349,1259,1276,100,0,0,4.761904716491699,0,0,0,5,4.761904716491699,0,0,0,0,66753.6459350586,129343.27917480469,192.37353515625,50.10437774658203,0,335872,33210380288,8589930496,2249420800,0
200,1737286894938,2099,2020,1351,1242,1633,1903,1286,1204,1245,1376,1346,1338,100,1.6949152946472168,1.6666667461395264,0,0,0,1.6666667461395264,0,0,0,3.278688430786133,0,0,66755.2177734375,129343.94012451172,192.37353515625,100.84033203125,0,335872,33210380288,8589930496,2249420800,0
200,1737286895138,2100,653,400,400,1664,652,400,1331,400,400,400,865,100,0,0,0,0,4.761904716491699,0,0,0,0,0,0,0,66756.76556396484,129344.57055664063,192.37353515625,95,0,335872,33210380288,8589930496,2218024960,0
200,1737286895338,2100,671,1440,1474,1895,1303,400,1306,1346,1341,1446,1450,100,0,0,0,4.761904716491699,0,0,0,0,4.761904716491699,0,0,0,66758.20336914063,129345.1928100586,192.37353515625,105.4393310546875,0,335872,33210380288,8589930496,2159022080,0
200,1737286895539,2100,489,1424,1106,1699,2100,1443,1225,1437,1379,1421,1366,100,0,0,0,4.761904716491699,0,0,0,0,4.761904716491699,0,0,0,66759.59045410156,129345.59466552734,192.37353515625,99.58505249023438,0,335872,33210380288,8589930496,2159022080,0
200,1737286895739,2099,2078,1324,1373,1919,1400,1271,1106,1440,1465,1423,1112,100,0,0,0,4.761904716491699,0,0,5,0,0,0,0,0,66761.07507324219,129346.04772949219,192.37353515625,100,0,335872,33210380288,8589930496,2159022080,0
200,1737286895939,2099,1781,1458,1332,1485,1607,1209,1111,1300,1280,1456,1353,100,0,0,0,4.761904716491699,0,0,5,0,0,0,0,0,66762.78875732422,129346.63745117188,192.37353515625,50,0,335872,33210380288,8589930496,2159022080,0
200,1737286896139,2100,1932,1499,1424,2100,2100,1488,1499,1484,1455,1427,1433,100,0,0,0,4.761904716491699,0,0,5,0,0,0,0,0,66764.44458007813,129347.19805908203,192.37353515625,99.58505249023438,0,335872,33210380288,8589930496,2159022080,0
200,1737286896339,2100,1774,1454,1500,2100,1987,1488,1412,1473,1474,1479,1476,100,0,0,0,4.761904716491699,0,0,5,0,0,0,0,0,66766.1176147461,129347.78912353516,192.37353515625,100.41841125488281,0,335872,33210380288,8589930496,2150948864,0
200,1737286896539,2100,1772,1499,1499,1370,400,1273,1402,1218,1413,1475,1452,100,0,0,0,4.761904716491699,0,0,5,0,0,0,0,0,66767.49145507813,129348.16888427734,192.37353515625,100.84033203125,0,335872,33210380288,8589930496,2150948864,0
200,1737286896740,2100,2100,1292,1395,1847,1339,1457,1384,1390,1445,400,1344,100,0,0,0,4.761904716491699,0,0,5,0,0,0,0,0,66768.8876953125,129348.58099365234,192.37353515625,100.41841125488281,0,335872,33210380288,8589930496,2150948864,0
200,1737286896940,2099,2037,1500,400,1954,1526,400,400,400,400,400,1500,100,0,0,0,4.761904716491699,0,0,5,0,0,0,0,0,66770.34307861328,129349.01513671875,192.37353515625,99.58505249023438,0,335872,33210380288,8589930496,2150948864,0
200,1737286897140,2100,1563,1406,1335,1881,1891,1227,1416,1327,1437,1396,1456,100,0,0,0,4.761904716491699,0,0,5,0,0,0,0,0,66771.67517089844,129349.38385009766,192.37353515625,99.58505249023438,0,335872,33210380288,8589930496,2150948864,0
200,1737286897340,2100,1801,1258,1473,1897,1944,1500,1475,1464,1499,1376,1400,100,5,0,0,4.761904716491699,0,4.761904716491699,0,4.761904716491699,0,0,0,0,66773.07232666016,129349.912109375,192.37353515625,100,0,335872,33210380288,8589930496,2147926016,0
200,1737286897540,2099,1884,1437,1489,1898,2100,1500,1499,1500,1500,1322,1426,100,0,0,0,0,0,0,0,0,0,0,0,0,66774.4712524414,129350.52447509766,192.37353515625,100.41841125488281,0,335872,33210380288,8589930496,2147926016,0
200,1737286897741,2100,2009,1500,1434,1884,1985,1213,1187,1380,1156,400,1499,100,0,4.761904716491699,0,0,0,0,0,0,0,0,0,0,66775.86236572266,129351.1332397461,192.37353515625,99.58505249023438,0,335872,33210380288,8589930496,2147926016,0
200,1737286897941,2099,2039,1377,1381,1978,1978,1459,1406,1377,1466,1461,1499,100,0,4.761904716491699,0,0,0,0,0,0,0,0,0,0,66777.2681274414,129351.74780273438,192.37353515625,100.41841125488281,0,335872,33210380288,8589930496,2147926016,0
199,1737286898141,2100,1431,1499,1367,1703,1801,1266,1489,1315,1395,1405,1388,100,0,0,0,0,0,0,0,0,0,0,0,0,66778.66918945313,129352.15380859375,192.37353515625,100.41841125488281,0,335872,33210380288,8589930496,2147926016,0
200,1737286898341,2099,2100,1500,1477,1851,1859,1500,1454,1499,1470,400,400,100,5,0,0,0,0,0,0,0,0,0,0,0,66780.1089477539,129352.58319091797,192.37353515625,100,0,335872,33210380288,8589930496,2147926016,0
200,1737286898541,2100,2017,1432,1449,2099,2100,1451,1452,1467,1500,1432,1436,100,0,4.761904716491699,0,0,0,0,0,0,0,0,0,0,66781.76513671875,129353.13195800781,192.37353515625,100,0,335872,33210380288,8589930496,2147926016,0
199,1737286898741,2100,1942,1442,400,1840,1661,1264,1376,1406,1322,1410,1359,100,0,0,0,0,0,0,0,0,0,4.761904716491699,0,0,66783.41821289063,129353.72247314453,192.37353515625,100.84033203125,0,335872,33210380288,8589930496,2147926016,0
200,1737286898941,2100,2100,1422,1343,2099,1890,1400,1442,1410,1380,1360,1295,100,0,0,0,0,0,0,0,0,0,4.761904716491699,0,0,66785.13055419922,129354.31469726563,192.37353515625,100,0,335872,33210380288,8589930496,2147926016,0
200,1737286899142,2100,2100,400,400,400,1394,1410,1389,1442,1346,1284,400,100,0,0,0,0,0,0,0,0,0,4.761904716491699,0,0,66786.71508789063,129354.84777832031,192.37353515625,50.10437774658203,0,335872,33210380288,8589930496,2147926016,0
200,1737286899342,2100,2100,1499,1499,2100,2100,1434,1460,1360,1364,400,1499,100,0,0,0,0,0,0,0,0,0,4.761904716491699,0,0,66788.12982177734,129355.27178955078,192.37353515625,100.41841125488281,0,335872,33210380288,8589930496,2147917824,0
200,1737286899542,2100,1736,400,894,400,1919,1427,1306,1372,1356,400,400,100,0,0,0,0,0,0,0,0,0,4.761904716491699,0,0,66789.52117919922,129355.66833496094,192.37353515625,100.41841125488281,0,335872,33210380288,8589930496,2147917824,0
199,1737286899742,2100,1851,1448,1334,1873,1873,1499,1499,1487,1465,400,1480,100,0,0,4.761904716491699,0,0,0,0,4.761904716491699,0,0,0,0,66790.96258544922,129356.0888671875,192.37353515625,100.41841125488281,0,335872,33210380288,8589930496,2147917824,0
200,1737286899942,2100,2017,1500,1499,2100,1944,1470,1409,1473,1475,866,1500,100,0,0,4.761904716491699,0,0,0,0,4.761904716491699,0,0,0,0,66792.41986083984,129356.52465820313,192.37353515625,100.41841125488281,0,335872,33210380288,8589930496,2147917824,0
199,1737286900142,2100,1878,1252,1282,1758,1872,1500,1467,1385,1441,1289,1247,100,0,0,0,0,5,9.090909004211426,0,0,0,0,0,0,66793.74993896484,129356.88653564453,192.37353515625,100.41841125488281,0,335872,33210380288,8589930496,2147917824,0
200,1737286900342,2100,2100,1357,1372,1881,1989,1358,1299,1342,1358,451,1350,100,0,0,0,0,0,0,0,0,4.761904716491699,0,4.761904716491699,0,66795.11846923828,129357.30554199219,192.37353515625,100,0,335872,33210380288,8589930496,2147917824,0
200,1737286900543,2100,1937,1474,1431,1901,1793,1004,955,400,1092,1500,1444,100,0,4.761904716491699,0,0,0,0,0,0,0,0,0,0,66796.51245117188,129357.91717529297,192.37353515625,100.41841125488281,0,335872,33210380288,8589930496,2188173312,0
200,1737286900743,2100,1667,1457,1446,1945,1922,1335,1271,1303,1347,1382,1413,100,4.761904716491699,0,0,0,0,0,0,0,0,0,4.761904716491699,0,66797.90814208984,129358.5283203125,192.3741455078125,100.84033203125,0,335872,33210380288,8589930496,2237718528,0
200,1737286900943,2100,1596,1244,1271,1817,1545,1395,1179,1374,1413,1324,1379,100,0,0,0,0,0,0,0,0,0,0,0,0,66799.45031738281,129359.19213867188,192.3741455078125,100,0,335872,33210380288,8589930496,2262491136,0
200,1737286901143,2100,1947,1443,1416,2100,1923,1480,1500,1499,1480,1400,1429,100,0,0,0,0,0,0,0,0,0,0,0,0,66801.01123046875,129359.85064697266,192.3741455078125,100,0,335872,33210380288,8589930496,2262491136,0
200,1737286901343,2100,2055,1435,1451,1892,2100,1411,1411,1397,1484,1135,1433,100,0,0,0,5,0,0,0,4.761904716491699,0,0,0,0,66802.56237792969,129360.48681640625,192.3741455078125,100.41841125488281,0,335872,33210380288,8589930496,2226610176,0
200,1737286901544,2100,1881,400,400,1464,1967,1456,1431,1310,1499,1218,400,100,5,0,0,0,0,0,0,0,0,0,0,0,66804.02508544922,129361.11560058594,192.3741455078125,100,0,335872,33210380288,8589930496,2113286144,0
199,1737286901744,2100,1811,1334,1437,1834,1744,1212,1137,842,960,1351,1238,100,5,0,0,0,0,0,0,0,0,0,0,0,66805.42065429688,129361.73205566406,192.3741455078125,101.26582336425781,0,335872,33210380288,8589930496,2113286144,0
200,1737286901944,2099,1992,1500,1398,2100,2099,1421,1360,1345,1437,1455,1448,100,0,0,0,0,4.761904716491699,0,0,0,0,0,0,0,66806.80548095703,129362.24981689453,192.3741455078125,100,0,335872,33210380288,8589930496,2113286144,0
200,1737286902144,2100,1936,1499,1421,1986,2100,1480,1481,1476,1499,1458,1415,100,0,0,4.761904716491699,0,0,0,0,0,0,0,0,0,66808.2192993164,129362.66333007813,192.3741455078125,100,0,335872,33210380288,8589930496,2113286144,0
200,1737286902344,2100,1820,1400,1434,1971,2100,1455,1439,1451,1404,1446,1376,100,0,0,0,0,0,0,0,0,0,0,0,0,66809.7924194336,129363.17456054688,192.3741455078125,100.41841125488281,0,335872,33210380288,8589930496,2113093632,0
200,1737286902544,2100,2054,1256,1302,1952,2100,1389,1388,1397,1259,400,400,100,0,0,0,0,0,0,0,0,0,0,0,0,66811.47509765625,129363.77374267578,192.3741455078125,100,0,335872,33210380288,8589930496,2113093632,0
200,1737286902745,2099,2048,400,400,400,400,1322,1236,1327,1334,909,400,100,0,0,0,0,0,0,5,0,0,4.761904716491699,0,0,66813.16442871094,129364.35168457031,192.3741455078125,100.41841125488281,0,335872,33210380288,8589930496,2113093632,0
200,1737286902945,2099,2100,1421,1444,1933,2100,1499,1499,1500,1500,1376,1500,100,0,0,0,0,5,4.761904716491699,4.761904716491699,4.761904716491699,4.761904716491699,4.761904716491699,0,0,66814.76489257813,129364.90380859375,192.3741455078125,100,0,335872,33210380288,8589930496,2113093632,0
200,1737286903145,2099,1927,1474,1499,2100,1828,1448,1405,1481,1486,1418,1471,100,0,0,0,0,0,0,0,0,0,0,0,0,66816.13244628906,129365.28985595703,192.3741455078125,100,0,335872,33210380288,8589930496,2113093632,0
200,1737286903345,2100,1987,1457,1450,1927,2100,1475,1499,1465,1463,1385,1350,100,0,0,0,0,0,0,0,0,0,0,0,0,66817.53063964844,129365.69946289063,192.3741455078125,100.41841125488281,0,335872,33210380288,8589930496,2113093632,0
200,1737286903545,2099,1367,1440,1436,1588,1964,1345,1407,1433,1399,1499,1471,100,0,0,0,4.761904716491699,0,0,0,0,0,0,0,0,66819.00811767578,129366.14294433594,192.3741455078125,100.41841125488281,0,335872,33210380288,8589930496,2113093632,0
200,1737286903746,2100,543,1082,400,1898,1812,1437,1416,1458,1383,1500,1373,100,5,0,0,0,0,4.761904716491699,0,0,4.761904716491699,0,0,0,66820.3433227539,129366.51763916016,192.3741455078125,100,0,335872,33210380288,8589930496,2113093632,0
200,1737286903946,2100,1923,1201,1173,1766,1780,1105,1278,1391,1192,1400,1226,100,0,4.761904716491699,0,0,0,0,0,0,0,0,0,0,66821.70642089844,129366.95104980469,192.3741455078125,100,0,335872,33210380288,8589930496,2113093632,0
200,1737286904146,2099,1890,1425,1500,1863,1685,1382,1361,1149,1247,1137,1373,100,0,4.761904716491699,0,0,0,0,0,0,0,0,0,0,66823.09704589844,129367.56256103516,192.3741455078125,100,0,335872,33210380288,8589930496,2113093632,0
200,1737286904346,2100,2100,1499,1499,2100,2100,1499,1460,1469,1480,979,1499,100,0,4.761904716491699,0,4.761904716491699,0,0,0,0,0,0,0,0,66824.49011230469,129368.17572021484,192.3741455078125,100,0,335872,33210380288,8589930496,2137608192,0
200,1737286904546,2100,2019,1479,1483,1900,2100,1387,1405,1385,1417,400,400,100,5,0,0,0,0,0,4.761904716491699,0,0,0,0,0,66825.8920288086,129368.79370117188,192.3741455078125,104.99999237060547,0,335872,33210380288,8589930496,2187153408,0
200,1737286904747,2100,2028,1168,400,2100,1968,1333,400,400,1116,400,400,100,0,0,0,0,4.761904716491699,0,0,0,0,0,0,0,66827.26239013672,129369.34948730469,192.3741455078125,100.41841125488281,0,335872,33210380288,8589930496,2228441088,0
199,1737286904947,2099,2092,400,1427,400,1655,400,400,400,932,1288,1438,100,0,0,0,0,0,0,0,0,0,0,4.761904716491699,0,66828.67169189453,129369.76165771484,192.3741455078125,100.41841125488281,0,335872,33210380288,8589930496,2228441088,0
199,1737286905147,2100,1992,1500,1479,2100,2100,1387,1396,1384,1368,1499,1500,100,0,0,0,0,0,0,0,0,0,0,0,0,66830.10522460938,129370.19384765625,192.3741455078125,100.41841125488281,0,335872,33210380288,8589930496,2228441088,0
200,1737286905347,2100,2099,1432,1402,1896,1882,1450,1500,1482,1461,1311,1382,100,0,0,0,0,4.761904716491699,0,0,4.761904716491699,0,0,0,0,66831.7646484375,129370.7509765625,192.3741455078125,100.41841125488281,0,335872,33210380288,8589930496,2228441088,0
200,1737286905547,2099,1995,1482,1500,2099,2002,1471,1427,1456,1499,1402,1476,100,0,0,0,0,0,0,0,0,0,4.761904716491699,0,0,66833.4223022461,129371.3519897461,192.3741455078125,100,0,335872,33210380288,8589930496,2228441088,0
200,1737286905747,2100,1778,1423,1361,1134,1687,1482,1500,1499,1469,1363,1396,100,0,0,5,0,0,0,0,0,0,0,0,0,66835.12219238281,129371.93536376953,192.3741455078125,100.41841125488281,0,335872,33210380288,8589930496,2228441088,0
200,1737286905947,2099,1801,1250,1132,1556,2011,1441,1201,1474,1456,400,1262,100,0,0,5,0,0,0,0,0,0,0,0,0,66836.64782714844,129372.44427490234,192.3741455078125,100.41841125488281,0,335872,33210380288,8589930496,2228441088,0
200,1737286906148,2100,2060,1416,1273,1889,2099,952,1016,1141,400,1326,1414,100,0,0,0,4.761904716491699,0,0,4.761904716491699,0,4.761904716491699,0,0,0,66838.2103881836,129372.96795654297,192.3741455078125,100.84033203125,0,335872,33210380288,8589930496,2228441088,0
200,1737286906348,2100,1842,1457,1469,1943,1954,1351,1409,1460,1396,1310,1322,100,5,0,0,0,0,0,0,0,0,0,0,0,66839.58758544922,129373.3578491211,192.3741455078125,100,0,335872,33210380288,8589930496,2228441088,0
200,1737286906548,2100,1798,1236,400,1494,400,1225,1144,400,810,400,400,100,5,0,0,0,0,0,0,0,0,0,0,0,66840.95422363281,129373.74743652344,192.3741455078125,50.209205627441406,0,335872,33210380288,8589930496,2228441088,0
200,1737286906748,2100,2100,1500,1499,1564,1287,1499,1500,1430,1499,1446,1475,100,5,0,0,0,0,0,0,0,0,0,0,0,66842.4340209961,129374.18572998047,192.3741455078125,99.58505249023438,0,335872,33210380288,8589930496,2228441088,0
200,1737286906948,2100,2050,1371,400,2100,1993,1394,1415,1307,1315,1342,1366,100,5,0,0,0,0,0,0,0,0,0,0,0,66843.83703613281,129374.59558105469,192.3741455078125,100.84033203125,0,335872,33210380288,8589930496,2228441088,0
200,1737286907148,2100,651,1375,1444,1605,400,1346,1426,1449,1418,1205,1378,100,5,0,0,0,0,0,0,0,0,0,0,0,66845.1939086914,129374.98022460938,192.3741455078125,100,0,335872,33210380288,8589930496,2228441088,0
199,1737286907349,2099,1679,400,1181,1758,400,1456,1448,1399,1453,400,400,100,5,0,0,0,0,0,0,0,0,0,0,0,66846.54803466797,129375.39501953125,192.3741455078125,95,0,335872,33210380288,8589930496,2236698624,0
200,1737286907549,2100,687,1042,1346,1645,1299,1461,1418,1408,1422,1159,1079,100,0,0.7142857313156128,0.7142857313156128,0,0.7142857313156128,1.408450722694397,0,0.7142857313156128,0.7142857313156128,0.7092198133468628,0.7142857313156128,0,66848.02551269531,129376.03625488281,192.3741455078125,100,0,335872,33210380288,8589930496,2261471232,0
200,1737286907749,2100,2044,1418,1468,1864,1869,1170,1326,1449,1421,1258,1454,100,0,0.7142857313156128,0.7142857313156128,0,0.7142857313156128,1.408450722694397,0,0.7142857313156128,0.7142857313156128,0.7092198133468628,0.7142857313156128,0,66849.6079711914,129376.71520996094,192.3741455078125,100.41841125488281,0,335872,33210380288,8589930496,2261471232,0
200,1737286907949,2100,1740,1376,1303,1907,1882,1306,1292,1411,1411,400,1387,100,0,0.7142857313156128,0.7142857313156128,0,0.7142857313156128,1.408450722694397,0,0.7142857313156128,0.7142857313156128,0.7092198133468628,0.7142857313156128,0,66851.16864013672,129377.36389160156,192.3741455078125,52.499996185302734,0,335872,33210380288,8589930496,2261471232,0
200,1737286908149,2100,1990,1457,1456,1994,2100,1370,1398,1372,1405,1440,1453,100,0,0.7142857313156128,0.7142857313156128,0,0.7142857313156128,1.408450722694397,0,0.7142857313156128,0.7142857313156128,0.7092198133468628,0.7142857313156128,0,66852.6669921875,129377.98907470703,192.3741455078125,100.41841125488281,0,335872,33210380288,8589930496,2110771200,0
200,1737286908349,2099,2046,1471,1467,2000,2100,1432,1469,1483,1474,1356,400,100,0,0.7142857313156128,0.7142857313156128,0,0.7142857313156128,1.408450722694397,0,0.7142857313156128,0.7142857313156128,0.7092198133468628,0.7142857313156128,0,66854.04467773438,129378.59619140625,192.3741455078125,100,0,335872,33210380288,8589930496,2110513152,0
200,1737286908550,2100,2049,1485,1459,2100,1967,1383,1391,1365,1401,1353,1447,100,0,0.7142857313156128,0.7142857313156128,0,0.7142857313156128,1.408450722694397,0,0.7142857313156128,0.7142857313156128,0.7092198133468628,0.7142857313156128,0,66855.43255615234,129379.20916748047,192.3741455078125,100.84033203125,0,335872,33210380288,8589930496,2110513152,0
200,1737286908750,2100,1935,1429,1439,1913,1870,1309,1324,1365,1372,1395,1406,100,0,0.7142857313156128,0.7142857313156128,0,0.7142857313156128,1.408450722694397,0,0.7142857313156128,0.7142857313156128,0.7092198133468628,0.7142857313156128,0,66856.81610107422,129379.81854248047,192.3741455078125,100,0,335872,33210380288,8589930496,2110513152,0
200,1737286908950,2100,1921,1441,1453,1994,2037,1499,1499,1500,1500,1340,1414,100,0,0.7142857313156128,0.7142857313156128,0,0.7142857313156128,1.408450722694397,0,0.7142857313156128,0.7142857313156128,0.7092198133468628,0.7142857313156128,0,66858.21350097656,129380.42602539063,192.3741455078125,100.41841125488281,0,335872,33210380288,8589930496,2135027712,0
200,1737286909150,2099,1962,1409,1374,1993,1848,1500,1499,1480,1481,1232,1499,100,0,0.7142857313156128,0.7142857313156128,0,0.7142857313156128,1.408450722694397,0,0.7142857313156128,0.7142857313156128,0.7092198133468628,0.7142857313156128,0,66859.59936523438,129380.82543945313,192.3741455078125,100.41841125488281,0,335872,33210380288,8589930496,2135027712,0
200,1737286909350,2100,1768,1399,1345,400,1975,1462,1089,1431,1472,1190,869,100,0,0.7142857313156128,0.7142857313156128,0,0.7142857313156128,1.408450722694397,0,0.7142857313156128,0.7142857313156128,0.7092198133468628,0.7142857313156128,0,66861.05352783203,129381.26068115234,192.3741455078125,100,0,335872,33210380288,8589930496,2135027712,0
200,1737286909550,2099,1976,1339,1391,1717,1985,1473,1461,1430,1427,1323,1387,100,0,0.7142857313156128,0.7142857313156128,0,0.7142857313156128,1.408450722694397,0,0.7142857313156128,0.7142857313156128,0.7092198133468628,0.7142857313156128,0,66862.69757080078,129381.8218383789,192.3741455078125,100,0,335872,33210380288,8589930496,2135027712,0
199,1737286909751,2100,2001,1421,1333,1800,1513,1371,1369,1365,1471,1111,1500,100,0,0.7142857313156128,0.7142857313156128,0,0.7142857313156128,1.408450722694397,0,0.7142857313156128,0.7142857313156128,0.7092198133468628,0.7142857313156128,0,66864.3529663086,129382.41198730469,192.3741455078125,50.209205627441406,0,335872,33210380288,8589930496,2135027712,0
200,1737286909951,2100,578,1148,400,400,1195,1403,1356,1343,1395,995,1034,100,0,0.7142857313156128,0.7142857313156128,0,0.7142857313156128,1.408450722694397,0,0.7142857313156128,0.7142857313156128,0.7092198133468628,0.7142857313156128,0,66866.08666992188,129383.02178955078,192.3741455078125,100.84033203125,0,335872,33210380288,8589930496,2135027712,0
200,1737286910151,2100,1842,1448,1475,2100,2017,1499,1483,1500,1485,1271,1471,100,0,0.7142857313156128,0.7142857313156128,0,0.7142857313156128,1.408450722694397,0,0.7142857313156128,0.7142857313156128,0.7092198133468628,0.7142857313156128,0,66867.67224121094,129383.56134033203,192.3741455078125,100,0,335872,33210380288,8589930496,2135027712,0
200,1737286910351,2100,2099,1500,1500,2100,1931,1472,1434,1143,1455,1470,1472,100,0.732600748538971,0.7117437720298767,0.3571428656578064,0.7168458700180054,0.7142857313156128,0.3584229350090027,0.7142857313156128,0.7142857313156128,0.3584229350090027,0,0.3571428656578064,0,66869.0259399414,129383.9439086914,192.3741455078125,100,0,335872,33210380288,8589930496,2135027712,0
200,1737286910551,2099,1998,1335,1471,2100,2100,1500,1444,1500,1475,1306,1339,100,0,0,0,0,0,4.761904716491699,0,0,0,0,0,0,66870.40063476563,129384.33740234375,192.3741455078125,100.84033203125,0,335872,33210380288,8589930496,2135027712,0
200,1737286910751,2100,1583,1235,1189,1551,1739,1357,1299,1434,1467,1211,1205,100,0,0,0,0,0,0,0,0,0,0,0,0,66871.86120605469,129384.76934814453,192.3741455078125,100,0,335872,33210380288,8589930496,2135027712,0
199,1737286910952,2100,2027,1263,1206,1961,2100,1439,1266,1371,1385,1094,1240,100,0,0,0,0,0,0,5,0,0,0,0,0,66873.2822265625,129385.18292236328,192.37481689453125,100,0,335872,33210380288,8589930496,2135027712,0
200,1737286911152,2100,2100,400,713,2099,651,1424,1500,1468,1365,750,400,100,0,0,0,0,0,0,0,0,0,0,0,0,66874.64318847656,129385.56921386719,192.37481689453125,100.41841125488281,0,335872,33210380288,8589930496,2135027712,0
200,1737286911352,2099,2100,1379,1405,2099,1930,1499,1499,1428,1500,400,1474,100,0,0,0,4.761904716491699,0,0,0,0,0,4.761904716491699,0,0,66876.0043334961,129386.03826904297,192.37481689453125,100.41841125488281,0,335872,33210380288,8589930496,2151542784,0
200,1737286911552,2100,2100,1499,1499,1944,1978,1436,1445,1500,1467,1500,1306,100,0,0,0,0,0,0,0,4.761904716491699,5,0,0,0,66877.39245605469,129386.64544677734,192.37481689453125,100.84033203125,0,335872,33210380288,8589930496,2201088000,0
199,1737286911752,2100,1802,1414,1449,1725,1993,1354,1413,1477,1483,400,1409,100,4.761904716491699,0,4.761904716491699,0,0,0,0,4.761904716491699,0,0,0,0,66878.79400634766,129387.26477050781,192.37481689453125,100,0,335872,33210380288,8589930496,2250633216,0
200,1737286911952,2100,1989,1401,1386,2100,1950,1424,400,1481,400,1437,1422,100,4.761904716491699,0,4.761904716491699,0,0,0,0,4.761904716491699,0,0,0,0,66880.3482055664,129387.9291381836,192.37481689453125,94.60580444335938,0,335872,33210380288,8589930496,2258890752,0
200,1737286912153,2100,2025,400,1399,2099,1812,1394,1376,1476,1486,1302,1351,100,4.761904716491699,0,4.761904716491699,0,0,0,0,4.761904716491699,0,0,0,0,66881.9302368164,129388.59674072266,192.37481689453125,52.71966552734375,0,335872,33210380288,8589930496,2258890752,0
200,1737286912353,2100,2084,1352,400,1880,1127,1424,1363,1307,1446,1178,1173,100,4.761904716491699,0,4.761904716491699,0,0,0,0,4.761904716491699,0,0,0,0,66883.48657226563,129389.22967529297,192.37481689453125,100.84033203125,0,335872,33210380288,8589930496,2221215744,0
200,1737286912553,2099,2100,1470,1476,1658,2099,1439,1483,1453,1484,1499,1481,100,4.761904716491699,0,4.761904716491699,0,0,0,0,4.761904716491699,0,0,0,0,66884.9400024414,129389.85528564453,192.37481689453125,94.60580444335938,0,335872,33210380288,8589930496,2134503424,0
200,1737286912753,2100,1847,1349,1160,1509,1840,1159,400,1094,400,1301,1340,100,4.761904716491699,0,4.761904716491699,0,0,0,0,4.761904716491699,0,0,0,0,66886.32904052734,129390.46282958984,192.37481689453125,104.5643081665039,0,335872,33210380288,8589930496,2134503424,0
200,1737286912953,2099,1990,1476,1462,1798,2100,1415,1420,1500,1499,1483,1500,100,4.761904716491699,0,4.761904716491699,0,0,0,0,4.761904716491699,0,0,0,0,66887.72302246094,129390.92010498047,192.37481689453125,50.10437774658203,0,335872,33210380288,8589930496,2134503424,0
200,1737286913153,2100,1915,1126,1442,1962,1782,1115,1141,961,400,1388,1431,100,4.761904716491699,0,4.761904716491699,0,0,0,0,4.761904716491699,0,0,0,0,66889.16497802734,129391.35125732422,192.37481689453125,100.41841125488281,0,335872,33210380288,8589930496,2134503424,0
200,1737286913353,2100,2100,1276,1387,2100,1950,1384,1457,1470,1468,1282,1271,100,4.761904716491699,0,4.761904716491699,0,0,0,0,4.761904716491699,0,0,0,0,66890.82330322266,129391.90643310547,192.37481689453125,100.41841125488281,0,335872,33210380288,8589930496,2134458368,0
200,1737286913554,2100,2055,1376,1429,1829,2100,1462,1472,1469,1345,1340,400,100,0.6410256624221802,0,0,0.625,1.2422360181808472,0.6289308071136475,0.625,0,0.625,0,0.625,0,66892.48718261719,129392.49206542969,192.37481689453125,100.84033203125,0,335872,33210380288,8589930496,2134458368,0
199,1737286913754,2100,2044,1472,1470,1850,2100,1499,1500,1500,1500,1254,1447,100,0.6410256624221802,0,0,0.625,1.2422360181808472,0.6289308071136475,0.625,0,0.625,0,0.625,0,66894.23205566406,129393.10577392578,192.37481689453125,50.10437774658203,0,335872,33210380288,8589930496,2134458368,0
199,1737286913954,2100,2003,1427,1441,2100,1921,1500,1379,1412,1424,1499,1438,100,0.6410256624221802,0,0,0.625,1.2422360181808472,0.6289308071136475,0.625,0,0.625,0,0.625,0,66895.69934082031,129393.568359375,192.37481689453125,100.84033203125,0,335872,33210380288,8589930496,2134458368,0
200,1737286914154,2100,2100,1473,1466,2100,2100,1500,1500,1500,1500,1406,1477,100,0.6410256624221802,0,0,0.625,1.2422360181808472,0.6289308071136475,0.625,0,0.625,0,0.625,0,66897.09069824219,129393.95715332031,192.37481689453125,100.84033203125,0,335872,33210380288,8589930496,2134458368,0
200,1737286914354,2100,2099,1499,1457,1966,2100,1459,1422,1408,1499,1499,1399,100,0,1.25,1.2345678806304932,0,0,0,0,0,0,0,1.2345678806304932,0,66898.49853515625,129394.373046875,192.37481689453125,100.41841125488281,0,335872,33210380288,8589930496,2134458368,0
200,1737286914554,2100,493,1421,1422,1919,1727,1499,1011,691,1499,1324,1434,100,0,1.25,1.2345678806304932,0,0,0,0,0,0,0,1.2345678806304932,0,66899.93658447266,129394.79516601563,192.37481689453125,52.60960388183594,0,335872,33210380288,8589930496,2134458368,0
200,1737286914754,2099,1788,1313,1348,2100,1902,1421,1454,1423,1354,1326,1225,100,0,1.25,1.2345678806304932,0,0,0,0,0,0,0,1.2345678806304932,0,66901.29125976563,129395.17395019531,192.37481689453125,50.10437774658203,0,335872,33210380288,8589930496,2134458368,0
200,1737286914955,2100,2025,1335,1364,2100,1762,1356,1394,1391,1446,1272,1125,100,0,0,0,0,0,0,0,0,0,0,0,0,66902.67401123047,129395.70220947266,192.37481689453125,95.39749145507813,0,335872,33210380288,8589930496,2134458368,0
200,1737286915155,2100,1736,1499,1465,400,1539,1413,1425,1421,400,940,1453,100,0,0,0,0,0,4.761904716491699,0,0,0,0,0,0,66904.06848144531,129396.31414794922,192.37481689453125,100.41841125488281,0,335872,33210380288,8589930496,2134458368,0
200,1737286915355,2099,1852,1444,1447,2100,2100,1500,1500,1500,1500,1500,400,100,0,0,0,0,0,4.761904716491699,4.761904716491699,0,0,0,0,0,66905.46942138672,129396.92889404297,192.37481689453125,100,0,335872,33210380288,8589930496,2150715392,0
200,1737286915555,2099,1866,1312,1418,2100,1909,1500,1499,1467,1471,400,1340,100,4.761904716491699,4.761904716491699,0,0,0,0,0,0,0,4.761904716491699,0,0,66906.873046875,129397.54418945313,192.37481689453125,105.4393310546875,0,335872,33210380288,8589930496,2200260608,0
200,1737286915755,2100,1729,1380,1356,1091,1387,1447,1402,1436,1476,1397,1499,100,0,0,0,0,0,0,0,0,0,0,0,0,66908.25805664063,129397.99822998047,192.37481689453125,94.21488189697266,0,335872,33210380288,8589930496,2216775680,0
200,1737286915956,2100,457,400,935,1463,1092,1499,1466,1373,1450,709,1431,100,0,0,0,0,4.761904716491699,0,0,0,0,0,0,0,66909.68176269531,129398.41387939453,192.37481689453125,100.84033203125,0,335872,33210380288,8589930496,2216775680,0
199,1737286916156,2100,2100,1470,819,2100,1911,1499,1500,1500,1500,400,1412,100,0,0,0,0,0,0,0,0,0,0,0,0,66911.23413085938,129398.90850830078,192.37481689453125,100,0,335872,33210380288,8589930496,2216775680,0
199,1737286916356,2100,2043,400,400,1933,1664,1399,1270,1149,1315,400,400,100,0,0,0,0,0,0,0,0,0,0,0,0,66912.94415283203,129399.51538085938,192.37481689453125,100.84033203125,0,335872,33210380288,8589930496,2216771584,0
200,1737286916556,2100,2100,1253,1147,2099,1693,1499,1499,400,1500,1433,1500,100,0,0,0,0,0,0,0,0,4.761904716491699,0,0,0,66914.57897949219,129400.07293701172,192.37481689453125,100,0,335872,33210380288,8589930496,2216771584,0
200,1737286916756,2100,2100,1476,1500,1926,1915,1438,1360,1423,1431,1485,1468,100,0,0,0,0,0,0,0,0,4.761904716491699,0,0,0,66916.25317382813,129400.6527709961,192.37481689453125,50.209205627441406,0,335872,33210380288,8589930496,2216771584,0
162,1737286916994,2100,2100,1499,1499,1969,2100,1361,400,1385,1426,1500,1471,100,0,0,0,0,0,0,0,0,4.761904716491699,0,0,0,66918.11059570313,129401.26770019531,192.37481689453125,101.40845489501953,0,335872,33210380288,8589930496,2216771584,0
200,1737286917157,2099,2048,1420,1410,1768,1934,1378,1259,1305,1287,1500,1432,100,0,0,0,0,0,0,0,0,4.761904716491699,0,0,0,66919.21704101563,129401.57275390625,192.37481689453125,67.60563659667969,0,335872,33210380288,8589930496,2216771584,0
200,1737286917357,2100,2039,1365,1068,1350,400,1353,1285,1372,1297,1218,945,100,0,0,0,0,0,0,0,0,4.761904716491699,0,0,0,66920.59326171875,129401.96954345703,192.37481689453125,55.42725372314453,0,335872,33210380288,8589930496,2216771584,0
200,1737286917557,2099,1726,1500,1423,1984,1793,1499,400,400,1500,955,1448,100,0,0,0,0,0,0,0,0,4.761904716491699,0,0,0,66922.02923583984,129402.39227294922,192.37481689453125,99.58505249023438,0,335872,33210380288,8589930496,2216771584,0
200,1737286917757,2099,1983,1447,1454,1743,1951,1499,1430,1499,1500,1408,1343,100,0,0,0,0,0,0,0,0,4.761904716491699,0,0,0,66923.5048828125,129402.8324584961,192.37481689453125,100,0,335872,33210380288,8589930496,2216771584,0
200,1737286917957,2100,2097,1318,1352,2047,2100,1500,1500,1500,1499,1337,1415,100,0,0,0,0,0,0,0,0,4.761904716491699,0,0,0,66924.8510131836,129403.2094116211,192.37481689453125,100.41841125488281,0,335872,33210380288,8589930496,2216771584,0
199,1737286918158,2100,2045,1199,1306,1754,1492,1413,1465,1475,1500,400,1350,100,0,0,0,0,0,0,0,0,4.761904716491699,0,0,0,66926.20520019531,129403.58642578125,192.37481689453125,100.41841125488281,0,335872,33210380288,8589930496,2216771584,0
200,1737286918358,2100,2100,400,400,1709,1427,400,1331,1426,1440,400,675,100,0,0,0,0,0,0,0,0,4.761904716491699,0,0,0,66927.60681152344,129404.16802978516,192.37481689453125,100.41841125488281,0,335872,33210380288,8589930496,2258059264,0
200,1737286918558,2100,1524,1461,1500,1950,1826,1416,1463,1457,1358,1479,1430,100,0,0,0,0,0,0,0,0,4.761904716491699,0,0,0,66929.18237304688,129404.83325195313,192.37481689453125,100.41841125488281,0,335872,33210380288,8589930496,2258059264,0
200,1737286918758,2099,1921,1450,1297,1792,1674,1300,1332,1364,400,400,1326,100,0,0,0,0,0,0,0,0,4.761904716491699,0,0,0,66930.73822021484,129405.49182128906,192.37481689453125,50.10437774658203,0,335872,33210380288,8589930496,2258059264,0
200,1737286918958,2100,2100,1438,1392,1781,2100,1407,1438,1455,1455,1352,1441,100,0,0,0,0,0,0,0,0,4.761904716491699,0,0,0,66932.30731201172,129406.13500976563,192.37481689453125,100,0,335872,33210380288,8589930496,2180018176,0
200,1737286919158,2100,2049,1410,1460,2100,1724,1402,1397,1414,1409,1479,1500,100,0,0,0,0,0,0,0,0,4.761904716491699,0,0,0,66933.73992919922,129406.75006103516,192.37481689453125,100,0,335872,33210380288,8589930496,2104369152,0
200,1737286919358,2100,2009,1399,1438,1995,2099,1480,1419,1477,1477,1396,1403,100,0.7299270033836365,0.3571428656578064,0.7142857313156128,0.7142857313156128,0.7142857313156128,0.7142857313156128,0.7142857313156128,0.7142857313156128,0.7142857313156128,0.3571428656578064,0.3584229350090027,0,66935.14031982422,129407.36511230469,192.37481689453125,105.4393310546875,0,335872,33210380288,8589930496,2104250368,0
199,1737286919559,2100,1792,1429,1432,1881,1892,1472,1413,1456,1463,1169,1307,100,0.7299270033836365,0.3571428656578064,0.7142857313156128,0.7142857313156128,0.7142857313156128,0.7142857313156128,0.7142857313156128,0.7142857313156128,0.7142857313156128,0.3571428656578064,0.3584229350090027,0,66936.53790283203,129407.98034667969,192.37481689453125,50.31446838378906,0,335872,33210380288,8589930496,2104250368,0
200,1737286919759,2099,1969,1460,1499,1964,2012,1452,1386,1339,1406,1017,1468,100,0.7299270033836365,0.3571428656578064,0.7142857313156128,0.7142857313156128,0.7142857313156128,0.7142857313156128,0.7142857313156128,0.7142857313156128,0.7142857313156128,0.3571428656578064,0.3584229350090027,0,66937.94384765625,129408.59936523438,192.37481689453125,95.39749145507813,0,335872,33210380288,8589930496,2104250368,0
200,1737286919959,2100,2099,1456,1408,2100,2099,1499,1500,1500,1499,1425,1499,100,0.7299270033836365,0.3571428656578064,0.7142857313156128,0.7142857313156128,0.7142857313156128,0.7142857313156128,0.7142857313156128,0.7142857313156128,0.7142857313156128,0.3571428656578064,0.3584229350090027,0,66939.33856201172,129409.048828125,192.37481689453125,100.41841125488281,0,335872,33210380288,8589930496,2112249856,0
199,1737286920159,2100,2100,1450,1433,1950,1987,1484,1500,1463,1479,1410,1343,100,0.7299270033836365,0.3571428656578064,0.7142857313156128,0.7142857313156128,0.7142857313156128,0.7142857313156128,0.7142857313156128,0.7142857313156128,0.7142857313156128,0.3571428656578064,0.3584229350090027,0,66940.76452636719,129409.46551513672,192.37481689453125,100,0,335872,33210380288,8589930496,2112249856,0
200,1737286920359,2100,2004,1391,1498,2100,1878,1500,1499,1424,1454,1498,1498,100,0.7299270033836365,0.3571428656578064,0.7142857313156128,0.7142857313156128,0.7142857313156128,0.7142857313156128,0.7142857313156128,0.7142857313156128,0.7142857313156128,0.3571428656578064,0.3584229350090027,0,66942.39465332031,129410.00476074219,192.37481689453125,100.41841125488281,0,335872,33210380288,8589930496,2112249856,0
200,1737286920559,2099,1962,1404,1449,2099,1975,1253,1200,1197,1218,1445,1437,100,0.7299270033836365,0.3571428656578064,0.7142857313156128,0.7142857313156128,0.7142857313156128,0.7142857313156128,0.7142857313156128,0.7142857313156128,0.7142857313156128,0.3571428656578064,0.3584229350090027,0,66944.05712890625,129410.59747314453,192.37481689453125,99.58505249023438,0,335872,33210380288,8589930496,2112249856,0
200,1737286920760,2100,474,1341,1412,1387,400,400,400,1372,1020,1288,1363,100,0.7299270033836365,0.3571428656578064,0.7142857313156128,0.7142857313156128,0.7142857313156128,0.7142857313156128,0.7142857313156128,0.7142857313156128,0.7142857313156128,0.3571428656578064,0.3584229350090027,0,66945.76818847656,129411.17938232422,192.37481689453125,100.84033203125,0,335872,33210380288,8589930496,2112249856,0
200,1737286920960,2100,2100,1448,1425,2100,2100,1500,1499,1415,1417,1406,1442,100,0.7299270033836365,0.3571428656578064,0.7142857313156128,0.7142857313156128,0.7142857313156128,0.7142857313156128,0.7142857313156128,0.7142857313156128,0.7142857313156128,0.3571428656578064,0.3584229350090027,0,66947.38983154297,129411.73248291016,192.37481689453125,100.41841125488281,0,335872,33210380288,8589930496,2112249856,0
200,1737286921160,2100,1987,1481,1478,1982,1983,1500,1414,1404,1415,1492,1494,100,0.7299270033836365,0.3571428656578064,0.7142857313156128,0.7142857313156128,0.7142857313156128,0.7142857313156128,0.7142857313156128,0.7142857313156128,0.7142857313156128,0.3571428656578064,0.3584229350090027,0,66948.78039550781,129412.13732910156,192.37481689453125,100,0,335872,33210380288,8589930496,2112249856,0
200,1737286921360,2100,2100,1500,1440,2100,2100,1317,1390,1333,1319,1364,1424,100,0.7299270033836365,0.3571428656578064,0.7142857313156128,0.7142857313156128,0.7142857313156128,0.7142857313156128,0.7142857313156128,0.7142857313156128,0.7142857313156128,0.3571428656578064,0.3584229350090027,0,66950.17590332031,129412.53747558594,192.37481689453125,100.41841125488281,0,335872,33210380288,8589930496,2112233472,0
200,1737286921560,2100,1461,1465,1413,1847,1967,1500,1499,1500,1500,1400,1209,100,0.7299270033836365,0.3571428656578064,0.7142857313156128,0.7142857313156128,0.7142857313156128,0.7142857313156128,0.7142857313156128,0.7142857313156128,0.7142857313156128,0.3571428656578064,0.3584229350090027,0,66951.63189697266,129412.97149658203,192.37481689453125,104.99999237060547,0,335872,33210380288,8589930496,2112233472,0
200,1737286921760,2100,2024,400,894,1956,1676,1329,1332,1321,1394,400,400,100,0.7905138731002808,0.3861003816127777,0.7662835121154785,0.7722007632255554,0.7662835121154785,0.7662835121154785,0.38461539149284363,0.7692307829856873,0.3861003816127777,0.3861003816127777,0.3861003816127777,0,66953.05065917969,129413.3900756836,192.37481689453125,100,0,335872,33210380288,8589930496,2112233472,0
200,1737286921961,2100,1777,1424,1317,400,400,1466,1359,1461,1442,1399,1371,100,0,0,0,0,0,0,0,0,0,0,4.761904716491699,0,66954.40032958984,129413.76470947266,192.37481689453125,100.41841125488281,0,335872,33210380288,8589930496,2112233472,0
200,1737286922161,2100,2100,1439,1477,1877,1847,1499,1430,1500,1500,1421,1485,100,0,4.761904716491699,0,0,0,0,0,0,0,0,0,0,66955.77716064453,129414.23022460938,192.37481689453125,95,0,335872,33210380288,8589930496,2137006080,0
200,1737286922361,2099,1407,1310,1013,1075,1858,1343,1403,1247,1442,1386,1313,100,0,4.761904716491699,0,0,0,0,0,0,0,0,0,0,66957.15600585938,129414.83447265625,192.37481689453125,104.99999237060547,0,335872,33210380288,8589930496,2186551296,0
200,1737286922561,2100,2099,1499,1500,2100,2100,1466,1473,1458,1049,1499,1499,100,0,4.761904716491699,0,0,0,0,0,0,0,0,0,0,66958.55554199219,129415.45080566406,192.37481689453125,50.209205627441406,0,335872,33210380288,8589930496,2236096512,0
200,1737286922761,2099,2091,1413,1390,1857,1765,400,1415,1439,1480,1315,400,100,0,4.761904716491699,0,0,0,0,0,0,0,0,0,0,66960.0473022461,129416.09265136719,192.37481689453125,100.41841125488281,0,335872,33210380288,8589930496,2252611584,0
200,1737286922962,2100,2021,1449,1401,1988,2099,1452,1368,1400,1403,1428,1451,100,0,4.761904716491699,0,0,0,0,0,0,0,0,0,0,66961.62493896484,129416.76287841797,192.37481689453125,100.41841125488281,0,335872,33210380288,8589930496,2252611584,0
200,1737286923162,2100,1977,1499,1468,1972,1921,1361,1394,1364,1382,1412,1465,100,1.2658227682113647,0,0,0,1.2345678806304932,0,1.2345678806304932,0,0,0,0,0,66963.17596435547,129417.40014648438,192.37481689453125,95.39749145507813,0,335872,33210380288,8589930496,2252611584,0
200,1737286923362,2100,1933,1425,1453,1607,1808,1282,1425,1371,1314,400,1453,100,0,0,0,0,0,0,0,0,0,0,0,0,66964.66424560547,129418.02032470703,192.3751220703125,100.41841125488281,0,335872,33210380288,8589930496,2155294720,0
200,1737286923562,2100,1773,1428,1436,1985,1639,1499,1481,1470,1474,1394,1499,100,0,0,0,4.761904716491699,0,0,0,4.761904716491699,0,0,0,0,66966.06829833984,129418.64025878906,192.3751220703125,104.99999237060547,0,335872,33210380288,8589930496,2155294720,0
200,1737286923762,2100,1982,1468,1461,2100,2100,1277,1193,1234,1289,1413,1461,100,0,0,4.761904716491699,0,0,0,0,0,0,0,0,0,66967.44714355469,129419.07885742188,192.3751220703125,100,0,335872,33210380288,8589930496,2155294720,0
200,1737286923962,2100,2056,1298,1276,1707,1717,1391,1232,1344,1268,1278,1240,100,0,0,0,0,0,0,0,0,0,0,0,0,66968.88989257813,129419.51208496094,192.3751220703125,100.41841125488281,0,335872,33210380288,8589930496,2155294720,0
200,1737286924163,2100,1137,400,400,1962,1276,1379,1086,1361,1359,400,1273,100,0,4.761904716491699,0,0,0,0,4.761904716491699,0,4.761904716491699,4.761904716491699,0,0,66970.5463256836,129420.06555175781,192.3751220703125,100,0,335872,33210380288,8589930496,2155294720,0
200,1737286924363,2100,2100,1476,1476,2024,2100,1500,1500,1499,1500,863,1464,100,0,0,0,0,0,0,0,0,0,4.761904716491699,0,0,66972.2152709961,129420.6537475586,192.3751220703125,100,0,335872,33210380288,8589930496,2155368448,0
200,1737286924563,2099,2100,1455,1464,2100,2100,1475,1476,1459,1445,1267,1430,100,0,0,0,0,4.761904716491699,0,0,0,0,0,0,0,66973.955078125,129421.27209472656,192.3751220703125,100.41841125488281,0,335872,33210380288,8589930496,2155368448,0
200,1737286924763,2099,1914,1485,1377,1689,1957,1499,1439,1454,1445,1500,1367,100,0,0,0,0,0,0,0,0,4.761904716491699,0,0,0,66975.35534667969,129421.68957519531,192.3751220703125,100.41841125488281,0,335872,33210380288,8589930496,2155368448,0
200,1737286924963,2100,1983,1146,1097,1512,1865,1448,1500,1436,1371,1436,1220,100,0,0,0,0,0,0,0,0,4.761904716491699,0,0,0,66976.72430419922,129422.08123779297,192.3751220703125,100.41841125488281,0,335872,33210380288,8589930496,2155368448,0
200,1737286925164,2099,2100,1244,1393,1921,1891,1262,1129,1404,1085,400,1315,100,0,0,0,0,0,5,0,0,0,0,0,0,66978.17645263672,129422.50903320313,192.3751220703125,100.41841125488281,0,335872,33210380288,8589930496,2155368448,0
200,1737286925364,2100,2100,400,1492,2090,2048,400,1500,1500,1500,1375,1411,100,0,0,0,0,0,0,0,4.761904716491699,0,0,0,0,66979.55810546875,129422.91143798828,192.3751220703125,99.58505249023438,0,335872,33210380288,8589930496,2155368448,0
200,1737286925564,2100,1679,1396,1500,2100,1886,1500,1080,1499,1473,1474,1499,100,0,0,0,0,0,0,0,4.761904716491699,0,0,0,0,66980.90692138672,129423.28735351563,192.3751220703125,100.84033203125,0,335872,33210380288,8589930496,2155368448,0
199,1737286925764,2100,1892,1391,1419,2100,2100,1444,1484,1479,1499,1358,1378,100,0,0,0,0,0,4.761904716491699,0,0,0,0,0,0,66982.31433105469,129423.90344238281,192.3751220703125,100.84033203125,0,335872,33210380288,8589930496,2155368448,0
200,1737286925964,2099,1999,1467,1500,2100,1883,1440,1476,1480,1499,1458,785,100,0,0,0,4.761904716491699,0,0,0,0,0,0,4.761904716491699,0,66983.69592285156,129424.50708007813,192.3751220703125,100,0,335872,33210380288,8589930496,2155884544,0
200,1737286926164,2100,540,1452,1376,731,400,1428,1427,1400,400,1310,1452,100,0,0,0,0,0,0,0,0,0,0,0,0,66985.0863647461,129425.11767578125,192.3751220703125,100.41841125488281,0,335872,33210380288,8589930496,2155884544,0
200,1737286926365,2100,704,1155,1123,1951,1717,1427,1291,1294,1431,788,784,100,5,4.761904716491699,0,4.761904716491699,5,0,5,0,0,0,0,0,66986.46557617188,129425.69342041016,192.3751220703125,100.41841125488281,0,335872,33210380288,8589930496,2179624960,0
200,1737286926565,2100,2100,400,1454,2100,2100,1338,1499,1499,1444,1382,1434,100,0,0,0,0,0,0,0,0,0,0,0,0,66987.86895751953,129426.10028076172,192.3751220703125,100,0,335872,33210380288,8589930496,2179624960,0
200,1737286926765,2100,1954,1414,1499,1869,2100,1423,1414,1500,1460,1141,400,100,5,0,0,0,0,0,4.761904716491699,0,0,0,0,0,66989.30297851563,129426.53234863281,192.3751220703125,100.41841125488281,0,335872,33210380288,8589930496,2179624960,0
200,1737286926965,2100,1803,1500,1432,2100,1836,1432,1500,1500,1437,1500,1500,100,0,0,4.761904716491699,0,0,0,0,0,0,0,0,0,66990.95812988281,129427.08764648438,192.3751220703125,99.58505249023438,0,335872,33210380288,8589930496,2179624960,0
200,1737286927165,2100,1925,1428,1478,1595,1725,1269,1209,1297,1334,1460,1473,100,0,0,0,0,0,0,0,0,0,0,0,0,66992.6176147461,129427.68640136719,192.3751220703125,100.41841125488281,0,335872,33210380288,8589930496,2179624960,0
199,1737286927366,2100,2041,400,400,1909,400,1343,400,1365,1411,1240,853,100,0,0,0,0,0,0,0,0,0,0,5,0,66994.31237792969,129428.2730102539,192.3751220703125,100.41841125488281,0,335872,33210380288,8589930496,2179624960,0
200,1737286927566,2100,491,400,400,1859,1802,1375,1428,1334,1384,1130,935,100,0,0,0,0,0,0,0,0,0,0,0,0,66995.84899902344,129428.78057861328,192.3751220703125,100.41841125488281,0,335872,33210380288,8589930496,2179624960,0
200,1737286927766,2100,1873,1482,1472,1961,1396,1500,1500,1455,1464,1333,1451,100,0,0,4.761904716491699,0,0,0,0,0,0,0,0,0,66997.34259033203,129429.25787353516,192.3751220703125,100.84033203125,0,335872,33210380288,8589930496,2179624960,0
200,1737286927966,2100,1958,1454,1385,1949,2100,1499,1449,1499,1488,1103,1424,100,0,0,4.761904716491699,0,0,0,0,0,0,0,0,0,66998.71032714844,129429.64715576172,192.3751220703125,99.58505249023438,0,335872,33210380288,8589930496,2179624960,0
200,1737286928166,2100,2100,1458,1467,1660,1999,1184,1224,1142,1198,400,1458,100,0,0,0,0,4.761904716491699,0,0,0,4.761904716491699,0,0,0,67000.10321044922,129430.04736328125,192.3751220703125,100.41841125488281,0,335872,33210380288,8589930496,2179624960,0
200,1737286928367,2100,2100,1423,1405,1996,1953,1458,1351,1295,1450,400,1417,100,0,0,0,0,0,0,0,0,5,0,0,0,67001.58459472656,129430.49603271484,192.3751220703125,100,0,335872,33210380288,8589930496,2179624960,0
200,1737286928567,2099,1274,400,400,886,1776,400,1457,1459,1378,1012,400,100,5,0,0,0,0,0,0,0,0,0,0,0,67002.94189453125,129430.8818359375,192.3751220703125,100.84033203125,0,335872,33210380288,8589930496,2179624960,0
200,1737286928767,2100,2100,1460,1468,2052,2081,1500,1430,1271,1500,1312,1445,100,0,0,0,9.090909004211426,4.761904716491699,4.761904716491699,0,4.761904716491699,0,0,0,0,67004.298828125,129431.2642211914,192.3751220703125,100,0,335872,33210380288,8589930496,2179624960,0
200,1737286928967,2100,2100,1471,1421,1826,2100,1500,1500,400,1419,1404,1466,100,0,0,0,0,0,4.761904716491699,0,4.761904716491699,0,0,4.761904716491699,0,67005.67681884766,129431.7915649414,192.3751220703125,100,0,335872,33210380288,8589930496,2212655104,0
200,1737286929167,2100,2016,1464,1470,2001,2100,1413,1500,1374,1394,1411,1432,100,4.761904716491699,4.761904716491699,0,0,0,0,0,0,0,0,0,0,67007.10638427734,129432.4185180664,192.3751220703125,100.41841125488281,0,335872,33210380288,8589930496,2253942784,0
200,1737286929367,2099,1787,1362,1328,1989,1959,1475,1499,1471,1500,1326,1396,100,0,0,0,0,0,0,0,0,0,0,0,0,67008.68115234375,129433.09216308594,192.3751220703125,100,0,335872,33210380288,8589930496,2253942784,0
200,1737286929568,2100,1652,1142,947,1895,1712,1458,1500,1499,1499,1133,1189,100,0,0,0,0,0,0,0,0,0,4.761904716491699,0,0,67010.25354003906,129433.74401855469,192.3751220703125,100,0,335872,33210380288,8589930496,2253942784,0
200,1737286929768,2100,1675,1201,1457,1668,1536,1406,1336,1441,1433,1451,1458,100,0,4.761904716491699,0,0,0,0,4.761904716491699,0,0,0,0,0,67011.79528808594,129434.37097167969,192.3751220703125,100,0,335872,33210380288,8589930496,2099654656,0
200,1737286929968,2100,1853,1477,1475,1871,1761,1500,1499,1500,1476,1499,1447,100,0,0,0,0,0,0,4.761904716491699,0,0,4.761904716491699,0,0,67013.20086669922,129434.98120117188,192.3751220703125,105.4393310546875,0,335872,33210380288,8589930496,2099654656,0
200,1737286930168,2100,545,1406,1434,1400,1930,1470,1436,1451,1477,1368,1276,100,0,0,0,0,0,0,0,0,0,0,0,0,67014.60565185547,129435.60131835938,192.3751220703125,94.60580444335938,0,335872,33210380288,8589930496,2099654656,0
200,1737286930368,2100,2100,1416,1470,1913,1958,1335,1326,1364,1356,1499,1366,100,0,0,0,0,0,0,0,0,0,0,0,0,67015.98712158203,129436.20928955078,192.3751220703125,100.84033203125,0,335872,33210380288,8589930496,2099650560,0
200,1737286930569,2100,2023,1353,1353,1758,1982,1500,1468,1413,1377,1198,1211,100,0,0,0,0,0,0,0,0,0,0,0,0,67017.36553955078,129436.67102050781,192.3751220703125,52.60960388183594,0,335872,33210380288,8589930496,2099650560,0
200,1737286930769,2100,2058,1403,1400,1832,1843,1364,1361,1419,1339,1248,1390,100,0,0,0,0,0,0,0,0,0,0,0,0,67018.77667236328,129437.08093261719,192.3751220703125,50.10437774658203,0,335872,33210380288,8589930496,2099650560,0
200,1737286930969,2100,1936,400,1168,1905,1608,1361,1284,1267,1236,400,400,100,0,0,0,0,0,0,0,0,0,0,0,0,67020.41418457031,129437.62774658203,192.3751220703125,100.41841125488281,0,335872,33210380288,8589930496,2099650560,0
200,1737286931169,2100,1995,400,1436,2100,1932,1351,1499,1374,1420,1439,1430,100,0,0,4.761904716491699,4.761904716491699,0,0,0,0,0,0,0,0,67022.06549072266,129438.21575927734,192.3751220703125,100.84033203125,0,335872,33210380288,8589930496,2099650560,0
200,1737286931369,2100,1920,1478,1499,1644,2100,1467,1471,1471,1470,400,1484,100,0,0,0,0,0,4.761904716491699,0,0,0,0,0,0,67023.76062011719,129438.7958984375,192.3751220703125,99.58505249023438,0,335872,33210380288,8589930496,2099646464,0
200,1737286931569,2099,1956,1431,1429,1925,1977,1224,1213,1263,1277,400,1476,100,0,0,4.761904716491699,0,0,0,0,0,0,0,0,0,67025.40203857422,129439.36938476563,192.3751220703125,100.41841125488281,0,335872,33210380288,8589930496,2099646464,0
200,1737286931770,2100,491,400,400,400,1372,1450,1351,1409,1335,946,400,100,0,0,0,0,4.761904716491699,0,0,0,0,0,0,0,67026.76544189453,129439.75952148438,192.3751220703125,100.41841125488281,0,335872,33210380288,8589930496,2099646464,0
199,1737286931970,2100,2100,1469,1423,1993,2100,1499,1410,1500,1500,1345,1470,100,5,0,0,0,0,5,0,4.761904716491699,4.761904716491699,0,0,0,67028.1343383789,129440.14849853516,192.3751220703125,100.84033203125,0,335872,33210380288,8589930496,2099646464,0
200,1737286932170,2100,2020,1479,1475,1985,1976,1499,1500,1476,1467,400,1432,100,0,0,0,0,4.761904716491699,0,0,0,0,0,0,0,67029.60736083984,129440.58917236328,192.3751220703125,100,0,335872,33210380288,8589930496,2099646464,0
200,1737286932370,2100,1921,1457,1464,1954,1753,1499,1479,1499,1484,1476,1500,100,4.761904716491699,0,0,4.761904716491699,0,0,0,0,0,0,0,0,67030.98126220703,129440.98645019531,192.3751220703125,100.41841125488281,0,335872,33210380288,8589930496,2099646464,0
200,1737286932570,2099,2088,1500,1458,1962,1691,1456,1451,1473,1394,1443,1437,100,0,0,0,0,0,0,0,0,0,0,4.545454502105713,0,67032.34680175781,129441.37176513672,192.3751220703125,100.41841125488281,0,335872,33210380288,8589930496,2099646464,0
200,1737286932770,2099,1766,1406,1289,1954,2099,1387,1364,1396,1361,1064,1454,100,0,0,0,0,0,0,0,0,0,0,4.545454502105713,0,67033.72979736328,129441.91833496094,192.3751220703125,100,0,335872,33210380288,8589930496,2115903488,0
200,1737286932971,2100,2100,1426,1396,2100,2100,1442,1500,1500,1500,1347,1500,100,0,0,0,0,0,0,0,0,0,0,4.545454502105713,0,67035.13079833984,129442.5357055664,192.3751220703125,50.209205627441406,0,335872,33210380288,8589930496,2165448704,0
200,1737286933171,2100,2094,400,400,400,1624,400,1300,1411,1292,400,400,100,0,0,0,0,0,0,0,0,0,0,4.545454502105713,0,67036.52429199219,129443.15045166016,192.3751220703125,50.209205627441406,0,335872,33210380288,8589930496,2223251456,0
200,1737286933371,2100,1557,400,1415,1354,1704,400,1499,1443,1448,1080,1439,100,0,0,0,0,0,0,1.6666667461395264,1.6393442153930664,0,0,1.6666667461395264,0,67037.96826171875,129443.77209472656,192.37579345703125,95.39749145507813,0,335872,33210380288,8589930496,2256281600,0
200,1737286933571,2100,1287,1375,1374,1263,1750,1042,1437,1042,993,1345,1500,100,0,0,0,0,0,0,0,0,0,0,0,0,67039.55224609375,129444.45794677734,192.37579345703125,100.84033203125,0,335872,33210380288,8589930496,2256281600,0
200,1737286933771,2100,1682,545,618,400,1691,400,400,1205,1158,750,551,100,0,0,0,0,0,0,4.761904716491699,0,4.761904716491699,0,0,0,67041.11004638672,129445.10650634766,192.37579345703125,104.99999237060547,0,335872,33210380288,8589930496,2256281600,0
200,1737286933971,2100,2052,1448,1422,2000,2100,1401,1423,1389,1447,400,400,100,0,0,0,0,0,0,0,0,0,0,0,0,67042.64575195313,129445.73120117188,192.37579345703125,95.7983169555664,0,335872,33210380288,8589930496,2159702016,0
200,1737286934172,2100,2099,1454,1350,1897,1894,1408,1433,1386,1433,1467,1464,100,0,0,0,0,0,0,0,0,0,0,0,0,67044.01336669922,129446.27185058594,192.37579345703125,104.99999237060547,0,335872,33210380288,8589930496,2159702016,0
200,1737286934372,2099,2079,1407,1383,1684,400,400,702,400,400,1406,1377,100,5,0,0,0,0,0,0,0,0,0,0,0,67045.4476928711,129446.69616699219,192.37579345703125,100,0,335872,33210380288,8589930496,2159476736,0
199,1737286934572,2100,1797,1500,1500,2100,2099,1378,1396,1350,1414,1499,1499,100,0,4.761904716491699,0,0,0,0,0,0,0,4.761904716491699,0,0,67047.02545166016,129447.20733642578,192.37579345703125,100.84033203125,0,335872,33210380288,8589930496,2159476736,0
200,1737286934772,2099,2030,1466,1499,2100,1696,1449,1421,1499,1384,1467,1326,100,0,0,0,4.761904716491699,4.761904716491699,0,0,0,0,0,0,0,67048.71447753906,129447.79986572266,192.37579345703125,100,0,335872,33210380288,8589930496,2159476736,0
199,1737286934972,2100,1858,1421,1500,1773,1860,1371,1436,1360,1476,400,1441,100,5,0,4.761904716491699,0,4.761904716491699,0,0,4.761904716491699,0,0,0,0,67050.39685058594,129448.36895751953,192.37579345703125,100.41841125488281,0,335872,33210380288,8589930496,2159476736,0
200,1737286935172,2099,1852,1446,1336,1956,1869,1499,1461,1473,1474,1372,1312,100,0,4.761904716491699,0,0,0,0,0,0,0,0,0,0,67051.92651367188,129448.8745727539,192.37579345703125,100,0,335872,33210380288,8589930496,2159476736,0
200,1737286935372,2100,1986,1475,1442,1337,1972,1373,1377,1367,1272,1470,400,100,0,4.761904716491699,0,0,0,0,0,0,0,0,0,0,67053.3173828125,129449.27117919922,192.37579345703125,100.84033203125,0,335872,33210380288,8589930496,2151403520,0
200,1737286935573,2100,1204,1354,400,1869,1982,1460,1447,1390,1341,1020,1381,100,0,0,0,0,0,4.761904716491699,0,0,0,4.761904716491699,0,0,67054.75952148438,129449.6953125,192.37579345703125,100,0,335872,33210380288,8589930496,2151403520,0
199,1737286935773,2100,2100,1469,1454,2064,2100,1500,1500,1500,1423,1406,1399,100,0,0,0,5,0,0,0,0,0,0,0,0,67056.14294433594,129450.09521484375,192.37579345703125,100.41841125488281,0,335872,33210380288,8589930496,2151403520,0
200,1737286935973,2100,521,1244,1334,1378,1840,1352,1336,400,1341,1019,1264,100,0,0,0,5,0,0,0,0,0,0,0,0,67057.51293945313,129450.48156738281,192.37579345703125,100.41841125488281,0,335872,33210380288,8589930496,2151403520,0
200,1737286936173,2100,1799,1386,1500,2100,1850,1249,1500,1470,1472,1280,1295,100,0,0,0,5,0,0,0,0,0,0,0,0,67058.91888427734,129451.09423828125,192.37579345703125,47.59916305541992,0,335872,33210380288,8589930496,2151403520,0
200,1737286936373,2100,1984,1500,1499,2099,400,400,1439,1481,400,400,1500,100,0,0,0,5,0,0,0,0,0,0,0,0,67060.29382324219,129451.69482421875,192.37579345703125,52.60960388183594,0,335872,33210380288,8589930496,2151477248,0
200,1737286936573,2099,1980,1387,1417,1782,1944,1417,1480,1464,1471,400,1337,100,0,0,0,0,0,0,0,0,0,0,0,0,67061.7055053711,129452.31677246094,192.37579345703125,100.41841125488281,0,335872,33210380288,8589930496,2151993344,0
200,1737286936774,2100,691,1454,1373,400,1824,1229,1095,1235,1339,1087,1432,100,0,0,0,0,0,0,0,0,0,0,0,0,67063.0736694336,129452.8408203125,192.37579345703125,100,0,335872,33210380288,8589930496,2151993344,0
200,1737286936974,2100,1717,400,400,1571,1654,1336,1351,1376,1320,400,400,100,0,0,0,0,0,0,0,0,5,0,0,0,67064.50616455078,129453.26281738281,192.37579345703125,100.41841125488281,0,335872,33210380288,8589930496,2151993344,0
200,1737286937174,2100,2100,1472,1500,2100,1931,1444,400,1353,1473,1500,400,100,0,0,0,0,0,0,0,0,0,0,0,0,67066.00073242188,129453.72686767578,192.37579345703125,100.41841125488281,0,335872,33210380288,8589930496,2151993344,0
199,1737286937374,2100,2100,1500,1500,1928,1904,1499,1500,1499,1499,1145,400,100,5,0,0,0,0,0,0,4.761904716491699,0,0,0,0,67067.72253417969,129454.33044433594,192.37579345703125,100,0,335872,33210380288,8589930496,2151989248,0
199,1737286937574,2100,2008,1475,1471,1928,2100,1319,1290,1282,1334,1299,1436,100,0,4.761904716491699,0,0,0,0,4.761904716491699,0,0,0,0,0,67069.34753417969,129454.88696289063,192.37579345703125,100,0,335872,33210380288,8589930496,2151989248,0
200,1737286937774,2100,2042,1388,1483,2100,2100,1500,1500,1500,1499,400,1428,100,0,0,0,0,0,0,0,0,0,0,0,0,67071.05419921875,129455.48498535156,192.37579345703125,100.41841125488281,0,335872,33210380288,8589930496,2151989248,0
199,1737286937975,2100,766,1499,400,1703,400,400,1385,1421,1405,754,1237,100,0,0,0,0,0,0,0,0,0,0,0,0,67072.57836914063,129455.97979736328,192.37579345703125,100,0,335872,33210380288,8589930496,2151989248,0
200,1737286938175,2100,2032,1263,1258,1803,1936,1284,1277,1343,1432,1242,1273,100,0,0,0,0,4.761904716491699,0,0,0,0,0,0,0,67073.9419555664,129456.36254882813,192.37579345703125,100.84033203125,0,335872,33210380288,8589930496,2151989248,0
200,1737286938375,2100,2009,1468,1370,2100,1926,1500,1500,1442,1481,1407,1392,100,0,0,0,0,4.761904716491699,0,0,0,0,0,0,0,67075.32250976563,129456.75915527344,192.37579345703125,50.10437774658203,0,335872,33210380288,8589930496,2151989248,0
200,1737286938575,2099,1938,1443,1452,1930,2050,1499,1500,1500,1500,973,1447,100,0,0,0,0,4.761904716491699,0,0,0,0,0,0,0,67076.8247680664,129457.20275878906,192.37579345703125,100,0,335872,33210380288,8589930496,2151989248,0
200,1737286938775,2100,1787,1212,1203,2100,2100,1400,1365,1343,1325,1295,1218,100,0,0,0,0,4.761904716491699,0,0,0,0,0,0,0,67078.17987060547,129457.59405517578,192.37579345703125,100,0,335872,33210380288,8589930496,2151989248,0
200,1737286938976,2100,1748,400,400,2044,1803,1399,400,1457,1431,1137,1053,100,0,0,0,0,4.761904716491699,0,0,0,0,0,0,0,67079.56146240234,129457.98895263672,192.37579345703125,100.84033203125,0,335872,33210380288,8589930496,2151989248,0
200,1737286939176,2100,2017,1342,1320,1870,400,1449,1440,1432,1452,1256,1377,100,0,0,0,0,4.761904716491699,0,0,0,0,0,0,0,67080.92626953125,129458.49676513672,192.37579345703125,100,0,335872,33210380288,8589930496,2159214592,0
199,1737286939376,2099,1796,1353,1341,1371,1324,1216,1194,1242,1230,1459,1306,100,0,0,0,0,4.761904716491699,0,0,0,0,0,0,0,67082.32061767578,129459.1058959961,192.37579345703125,95,0,335872,33210380288,8589930496,2208759808,0
200,1737286939576,2100,1911,1425,1418,620,1740,1401,1272,1397,1398,1107,1399,100,0.6410256624221802,0,0,1.2422360181808472,0.6289308071136475,1.2422360181808472,0.625,0.625,1.2422360181808472,0.625,0,0,67083.74304199219,129459.7251586914,192.37579345703125,104.99999237060547,0,335872,33210380288,8589930496,2250047488,0
199,1737286939776,2099,1966,1445,1468,1895,1842,1499,1445,1500,1499,1500,1500,100,0,0,5,0,0,0,0,0,0,0,4.761904716491699,0,67085.34008789063,129460.40789794922,192.37579345703125,100,0,335872,33210380288,8589930496,2250047488,0
200,1737286939976,2100,2100,1277,1311,1697,1739,1475,1499,1472,1500,1220,1353,100,5,0,0,0,0,0,0,0,0,0,0,0,67086.90405273438,129461.05810546875,192.37579345703125,99.1735610961914,0,335872,33210380288,8589930496,2250047488,0
200,1737286940177,2100,591,400,400,1656,1863,1433,400,1410,1333,1324,1352,100,0,0,0,0,0,0,0,4.761904716491699,0,0,0,0,67088.4555053711,129461.6884765625,192.37579345703125,95.39749145507813,0,335872,33210380288,8589930496,2125959168,0
200,1737286940377,2100,1940,1312,1272,1780,1963,1387,1398,1405,1353,1175,1391,100,0,0,0,0,0,0,0,4.761904716491699,0,0,0,0,67089.8441772461,129462.29846191406,192.37579345703125,105.4393310546875,0,335872,33210380288,8589930496,2124013568,0
200,1737286940577,2100,541,1367,1428,1822,1687,400,400,1470,1383,1431,400,100,0,0,0,0,0,0,0,4.761904716491699,0,0,0,0,67091.23706054688,129462.90692138672,192.37579345703125,50.209205627441406,0,335872,33210380288,8589930496,2124013568,0
200,1737286940777,2100,1985,1481,1438,2100,1910,1438,1278,1481,1500,1421,1499,100,0,0,0,0,0,0,0,4.761904716491699,0,0,0,0,67092.60931396484,129463.31842041016,192.37579345703125,100,0,335872,33210380288,8589930496,2124013568,0
200,1737286940977,2100,1978,1409,1235,1860,2005,1499,1500,1500,1499,1376,1367,100,0,0,0,0,0,0,0,4.761904716491699,0,0,0,0,67094.09191894531,129463.765625,192.37579345703125,100.41841125488281,0,335872,33210380288,8589930496,2124013568,0
200,1737286941177,2100,2011,1334,1500,650,1150,1475,1395,1464,1443,400,1400,100,0,0,0,0,0,0,0,4.761904716491699,0,0,0,0,67095.77600097656,129464.33465576172,192.37579345703125,99.58505249023438,0,335872,33210380288,8589930496,2124013568,0
200,1737286941378,2100,1895,1499,1446,1876,1752,1499,1427,1500,1483,1466,400,100,0,0,0,0,0,0,0,4.761904716491699,0,0,0,0,67097.42810058594,129464.90649414063,192.37579345703125,100.41841125488281,0,335872,33210380288,8589930496,2124013568,0
199,1737286941578,2100,749,400,400,400,1904,1332,1340,1316,1383,690,400,100,0,0,0,0,0,0,0,4.761904716491699,0,0,0,0,67099.16192626953,129465.51965332031,192.37579345703125,100.41841125488281,0,335872,33210380288,8589930496,2124013568,0
200,1737286941778,2100,2028,400,400,1617,400,1183,756,400,400,1120,400,100,0,1.408450722694397,0.7142857313156128,0.7142857313156128,0.7142857313156128,1.4184396266937256,0.7142857313156128,0.7142857313156128,0.7142857313156128,0.7092198133468628,0.7092198133468628,0,67100.58544921875,129465.95245361328,192.37579345703125,100,0,335872,33210380288,8589930496,2124013568,0
200,1737286941978,2100,2100,1433,545,2100,2099,1467,1499,1483,1360,1419,1430,100,0,0,0,4.761904716491699,0,0,4.761904716491699,0,0,4.761904716491699,0,0,67101.966796875,129466.34155273438,192.37579345703125,100.41841125488281,0,335872,33210380288,8589930496,2124013568,0
199,1737286942178,2100,520,1500,1466,1979,1877,1499,1422,1499,1500,1213,1499,100,0,0,0,0,0,0,0,0,0,0,0,0,67103.43859863281,129466.78240966797,192.37579345703125,100.84033203125,0,335872,33210380288,8589930496,2124013568,0
200,1737286942378,2100,1756,1272,1293,1798,1992,1413,1434,1500,1473,1423,1275,100,0,0,0,5,0,0,0,0,0,0,0,0,67104.81756591797,129467.17962646484,192.37579345703125,100.41841125488281,0,335872,33210380288,8589930496,2124013568,0
200,1737286942578,2100,2099,1321,1365,2100,1835,1405,1338,1306,1344,1324,1358,100,0,0,0,5,0,0,0,0,0,0,0,0,67106.18438720703,129467.56604003906,192.37579345703125,100.41841125488281,0,335872,33210380288,8589930496,2124013568,0
200,1737286942778,2100,2100,1338,1340,1866,1496,1399,1253,1352,1357,1464,1500,100,0,0,0,5,0,0,0,0,0,0,0,0,67107.58489990234,129468.1177368164,192.37579345703125,50.10437774658203,0,335872,33210380288,8589930496,2124013568,0
200,1737286942979,2099,535,400,400,1642,1646,1408,1226,1368,1455,850,1001,100,0,0,0,5,0,0,0,0,0,0,0,0,67108.98608398438,129468.73156738281,192.37579345703125,101.26582336425781,0,335872,33210380288,8589930496,2124013568,0
200,1737286943179,2100,1773,1265,1059,1575,1729,1420,1413,1370,1408,1301,1096,100,2.5316455364227295,0,1.2345678806304932,0,0,0,1.2345678806304932,0,1.25,0,0,0,67110.37896728516,129469.34216308594,192.37579345703125,96.2025375366211,0,335872,33210380288,8589930496,2148528128,0
200,1737286943379,2099,1763,1387,1398,2100,2100,1443,1499,1499,1500,873,981,100,0,0,0,0,4.761904716491699,0,0,4.761904716491699,4.761904716491699,0,0,0,67111.77404785156,129469.95306396484,192.37579345703125,104.99999237060547,0,335872,33210380288,8589930496,2206330880,0
200,1737286943579,2100,1968,1420,1390,1938,2100,1434,1499,1427,1441,1446,400,100,0,0,0,0,0,0,0,0,0,0,0,0,67113.14440917969,129470.39373779297,192.37579345703125,100,0,335872,33210380288,8589930496,2222845952,0
200,1737286943779,2100,2100,1438,1452,2100,1956,1397,1298,1349,1350,1356,1458,100,0,0,0,0,0,0,0,0,0,0,0,0,67114.57312011719,129470.81091308594,192.37579345703125,100.41841125488281,0,335872,33210380288,8589930496,2222845952,0
200,1737286943980,2099,2048,1430,1332,1900,2099,1233,1279,1275,1322,1358,1433,100,0,0,0,4.761904716491699,0,0,0,0,0,0,0,0,67116.1459350586,129471.31646728516,192.37579345703125,100,0,335872,33210380288,8589930496,2222845952,0
200,1737286944180,2100,1755,1441,1178,1942,1474,1418,1370,1365,1418,1405,1384,100,0,4.761904716491699,0,0,0,0,0,0,0,0,4.761904716491699,0,67117.85412597656,129471.91735839844,192.37579345703125,100,0,335872,33210380288,8589930496,2222845952,0
200,1737286944380,2100,1944,1499,1467,1981,1984,1273,1500,1499,1499,1392,1480,100,0,0,0,0,0,0,0,4.761904716491699,0,0,0,0,67119.49609375,129472.47839355469,192.37579345703125,100.41841125488281,0,335872,33210380288,8589930496,2222845952,0
200,1737286944580,2099,1902,1399,1424,1947,2100,1499,1500,1500,1499,1429,1453,100,0,0,0,0,0,5,0,0,0,0,0,0,67121.15631103516,129473.0454711914,192.37579345703125,100.41841125488281,0,335872,33210380288,8589930496,2222845952,0
200,1737286944780,2100,2099,1443,1499,1870,1998,1428,1372,1426,1380,1311,1355,100,0,0,0,0,0,5,0,0,0,0,0,0,67122.73663330078,129473.57037353516,192.37579345703125,100,0,335872,33210380288,8589930496,2222845952,0
200,1737286944981,2100,1844,1233,1320,2100,1474,1370,1231,1290,1257,1316,1448,100,0,0,0,0,0,0,0,0,0,0,0,0,67124.13250732422,129473.97790527344,192.37579345703125,100,0,335872,33210380288,8589930496,2222845952,0
200,1737286945181,2100,2034,995,1329,1920,1898,1427,1388,1280,1401,1375,1499,100,0,0,0,0,0,0,4.761904716491699,0,4.761904716491699,0,0,0,67125.52587890625,129474.36944580078,192.37579345703125,100.41841125488281,0,335872,33210380288,8589930496,2222845952,0
200,1737286945381,2100,1383,1402,1338,2004,400,1499,1438,400,1500,1478,400,100,0,0,0,0,4.761904716491699,0,0,0,0,0,0,0,67126.94244384766,129474.77819824219,192.37579345703125,100.41841125488281,0,335872,33210380288,8589930496,2222845952,0
200,1737286945581,2100,1962,1468,1421,1959,1963,1459,1476,1500,1480,1468,1462,100,4.761904716491699,0,0,0,0,0,0,0,0,4.761904716491699,0,0,67128.41088867188,129475.22387695313,192.37579345703125,100.41841125488281,0,335872,33210380288,8589930496,2222845952,0
200,1737286945781,2100,1716,1408,1479,1473,2001,1385,1352,1397,1373,1471,1379,100,0,0,0,0,0,0,0,0,0,0,0,0,67129.76110839844,129475.59741210938,192.37579345703125,100,0,335872,33210380288,8589930496,2222845952,0
200,1737286945982,2100,2056,928,919,1787,1582,1500,1366,1407,1463,738,852,100,5,0,0,0,4.761904716491699,0,0,0,0,0,0,0,67131.13244628906,129475.98748779297,192.37725830078125,99.58505249023438,0,335872,33210380288,8589930496,2222845952,0
199,1737286946182,2100,2033,1493,1233,1618,1333,1396,1414,1467,1429,934,1108,100,5,0,0,0,4.761904716491699,0,0,0,0,0,0,0,67132.51354980469,129476.5400390625,192.37725830078125,100.84033203125,0,335872,33210380288,8589930496,2255876096,0
200,1737286946382,2100,2012,1468,1472,1970,1899,1457,1434,1361,1422,1096,1464,100,0,0,4.761904716491699,5,0,0,4.761904716491699,0,0,0,0,0,67134.0892944336,129477.2172241211,192.37725830078125,100,0,335872,33210380288,8589930496,2255876096,0
200,1737286946582,2100,1709,1448,1454,1905,1900,1388,1431,1339,1455,1325,1492,100,0,0,4.761904716491699,5,0,0,4.761904716491699,0,0,0,0,0,67135.6498413086,129477.8720703125,192.37725830078125,50.209205627441406,0,335872,33210380288,8589930496,2255876096,0
200,1737286946782,2100,1361,1133,1111,1573,1690,1357,1413,1146,400,1272,1184,100,0,0,4.761904716491699,5,0,0,4.761904716491699,0,0,0,0,0,67137.21069335938,129478.51293945313,192.37725830078125,100.41841125488281,0,335872,33210380288,8589930496,2138963968,0
200,1737286946982,2100,1899,1448,1455,2100,1788,1447,1316,1310,1473,1306,1420,100,0,0,4.761904716491699,5,0,0,4.761904716491699,0,0,0,0,0,67138.62725830078,129479.12475585938,192.37725830078125,104.13223266601563,0,335872,33210380288,8589930496,2082152448,0
200,1737286947183,2100,2099,1471,1473,1993,1930,1416,1418,1460,1433,1374,1477,100,0,0,4.761904716491699,5,0,0,4.761904716491699,0,0,0,0,0,67140.01501464844,129479.73608398438,192.37725830078125,94.21488189697266,0,335872,33210380288,8589930496,2082152448,0
200,1737286947383,2099,1093,1249,400,1043,400,400,1430,400,1448,1102,773,100,0,0,0,0,0,0,0,0,4.761904716491699,0,4.761904716491699,0,67141.40234375,129480.34582519531,192.37725830078125,100.84033203125,0,335872,33210380288,8589930496,2081968128,0
199,1737286947583,2100,1802,400,400,1329,400,1409,1383,1440,1417,400,400,100,0,0,0,0,0,0,4.761904716491699,4.761904716491699,0,0,0,0,67142.79235839844,129480.95971679688,192.37725830078125,100.41841125488281,0,335872,33210380288,8589930496,2114740224,0
200,1737286947783,2100,2008,1452,1449,2100,1860,1499,1441,1500,1479,1346,1413,100,4.761904716491699,4.761904716491699,0,0,0,4.761904716491699,0,0,0,0,0,0,67144.16882324219,129481.41967773438,192.37725830078125,100.41841125488281,0,335872,33210380288,8589930496,2122997760,0
162,1737286948021,2099,2033,1408,1420,400,2100,1456,1383,1499,1425,1184,1257,100,0,0,0,0,0,0,0,0,0,0,0,0,67145.8638305664,129481.92248535156,192.37725830078125,119.50206756591797,0,335872,33210380288,8589930496,2122997760,0
199,1737286948183,2099,2039,1366,1426,1589,1946,1406,1500,1473,1455,1235,1396,100,0,0,0,0,0,0,0,0,0,0,0,0,67147.1884765625,129482.35961914063,192.37725830078125,67.36842346191406,0,335872,33210380288,8589930496,2122997760,0
200,1737286948383,2100,2004,1313,1327,1698,1663,1444,1426,1436,1427,1318,1225,100,0,0,0,0,0,0,0,0,0,0,0,0,67148.8701171875,129482.96771240234,192.37725830078125,55.299537658691406,0,335872,33210380288,8589930496,2122977280,0
200,1737286948584,2100,490,400,400,1710,1900,1500,1460,1467,1457,1064,400,100,0,0,0,0,0,0,0,0,0,0,0,0,67150.55908203125,129483.53594970703,192.37725830078125,100,0,335872,33210380288,8589930496,2122977280,0
200,1737286948784,2100,1882,1393,1397,1609,1806,1499,1292,1408,1499,1124,1500,100,0,0,0,0,0,0,0,0,0,0,0,0,67152.15692138672,129484.080078125,192.37725830078125,100,0,335872,33210380288,8589930496,2122977280,0
200,1737286948984,2099,1982,1478,1436,1975,2100,1394,1341,1361,1398,1432,1499,100,0,0,0,0,0,0,0,0,0,0,0,0,67153.61407470703,129484.53125,192.37725830078125,99.58505249023438,0,335872,33210380288,8589930496,2122977280,0
200,1737286949184,2100,2100,1471,1456,2100,1865,1412,1500,1375,1390,1424,1452,100,0,0,0,0,0,0,0,0,0,0,0,0,67155.0014038086,129484.9291381836,192.37725830078125,99.58505249023438,0,335872,33210380288,8589930496,2122977280,0
200,1737286949384,2100,1884,1423,1438,2099,1846,1291,1261,1260,1236,1446,1451,100,0,0,0,0,0,0,0,0,0,0,0,0,67156.41912841797,129485.34265136719,192.37725830078125,100.41841125488281,0,335872,33210380288,8589930496,2122977280,0
200,1737286949585,2100,1765,1175,1313,1914,1994,1366,1392,1382,1363,1449,1406,100,0,0,0,0,0,4.761904716491699,0,0,0,0,0,0,67157.89459228516,129485.78381347656,192.37725830078125,100.41841125488281,0,335872,33210380288,8589930496,2122977280,0
200,1737286949785,2100,2100,1341,1327,1836,1972,1453,1328,1433,1369,400,1465,100,0,0,4.761904716491699,0,0,0,0,4.761904716491699,0,0,0,0,67159.21502685547,129486.14868164063,192.37725830078125,100.41841125488281,0,335872,33210380288,8589930496,2122977280,0
200,1737286949985,2100,720,1135,400,1938,1934,1317,1402,1317,1434,400,400,100,0,0,0,5,0,0,0,0,0,0,0,0,67160.58575439453,129486.56854248047,192.37725830078125,100,0,335872,33210380288,8589930496,2130976768,0
200,1737286950185,2099,1504,1397,1422,1694,1866,1209,1373,1400,1240,1218,1430,100,0,0,0,5,0,0,0,0,0,0,0,0,67161.97454833984,129487.17797851563,192.37725830078125,105.8823471069336,0,335872,33210380288,8589930496,2180521984,0
200,1737286950385,2100,2100,808,1499,1617,1587,1500,400,400,1458,1500,1500,100,5,4.761904716491699,0,0,0,0,4.761904716491699,0,0,0,0,0,67163.3687133789,129487.78857421875,192.37725830078125,100,0,335872,33210380288,8589930496,2230067200,0
200,1737286950585,2100,2100,1478,1475,2100,2100,1398,1399,1400,1398,400,1468,100,0,0,0,4.761904716491699,0,0,0,0,0,0,4.761904716491699,0,67164.8505859375,129488.43359375,192.37725830078125,95,0,335872,33210380288,8589930496,2254839808,0
200,1737286950785,2100,2044,1425,1479,1945,1958,1405,1368,1405,1408,1461,1479,100,0,0,0,0,4.761904716491699,0,0,0,0,0,0,0,67166.4194946289,129489.1000366211,192.37725830078125,100.84033203125,0,335872,33210380288,8589930496,2254839808,0
200,1737286950986,2100,2100,1374,1415,1981,1945,1385,1324,1386,1391,1372,1459,100,0,0,0,0,0,0,0,0,0,0,0,0,67167.96826171875,129489.74304199219,192.37725830078125,104.99999237060547,0,335872,33210380288,8589930496,2254839808,0
200,1737286951186,2099,1921,1455,1464,1931,1869,1337,1382,1454,1464,1338,1455,100,0,0,4.761904716491699,0,0,0,0,0,0,0,0,0,67169.48181152344,129490.37811279297,192.37725830078125,100.84033203125,0,335872,33210380288,8589930496,2158858240,0
200,1737286951386,2099,1875,1446,1447,1916,1750,1412,1338,1433,1352,1216,1499,100,0,0,4.761904716491699,0,0,0,0,0,0,0,0,0,67170.87408447266,129490.9916381836,192.37725830078125,100.41841125488281,0,335872,33210380288,8589930496,2158829568,0
200,1737286951586,2100,1974,1455,1438,1908,1860,1499,1499,1500,1500,1461,1446,100,5,0,0,0,4.761904716491699,0,0,0,0,0,0,0,67172.2446899414,129491.4828491211,192.37725830078125,100,0,335872,33210380288,8589930496,2158829568,0
200,1737286951786,2099,1844,1473,1482,2100,2100,1437,1397,1461,1458,1351,1471,100,5,0,0,0,4.761904716491699,0,0,0,0,0,0,0,67173.67114257813,129491.90124511719,192.37725830078125,100,0,335872,33210380288,8589930496,2158829568,0
200,1737286951986,2099,1983,1318,1298,1887,2100,1444,1458,1447,1467,1292,1359,100,0,0,0,0,0,0,0,4.761904716491699,0,0,5,0,67175.28533935547,129492.43200683594,192.37725830078125,100.41841125488281,0,335872,33210380288,8589930496,2158829568,0
200,1737286952187,2100,508,1417,1488,400,1533,1121,1069,961,1118,1373,1425,100,0,0,0,0,0,0,0,0,5,0,0,0,67176.95520019531,129493.02276611328,192.37725830078125,100,0,335872,33210380288,8589930496,2158829568,0
200,1737286952387,2099,1452,1042,1461,1691,1402,1456,1393,1471,1448,1205,1050,100,0,0,0,0,0,0,0,0,5,0,0,0,67178.6527709961,129493.60272216797,192.37725830078125,100.84033203125,0,335872,33210380288,8589930496,2158825472,0
200,1737286952587,2100,1939,1415,1467,1728,2100,1499,1460,1470,1500,1406,1453,100,0,0,0,0,0,0,0,0,0,0,0,0,67180.1840209961,129494.1123046875,192.37725830078125,100,0,335872,33210380288,8589930496,2158825472,0
200,1737286952787,2100,1867,1371,1459,1938,2100,1483,1412,1446,1433,1311,1332,100,0,0,0,0,0,0,0,0,0,0,0,0,67181.56665039063,129494.50817871094,192.37725830078125,100,0,335872,33210380288,8589930496,2158825472,0
200,1737286952987,2100,1912,1297,1344,1953,1997,1500,1499,1500,1500,400,1332,100,0,0,0,4.761904716491699,4.761904716491699,0,0,0,0,0,0,0,67182.97637939453,129494.9155883789,192.37725830078125,100.84033203125,0,335872,33210380288,8589930496,2158825472,0
200,1737286953188,2100,1816,1499,1432,1890,1991,1333,1412,1311,1186,1421,1438,100,0,0,0,0,0,0,0,0,0,0,0,0,67184.41802978516,129495.34503173828,192.37725830078125,100,0,335872,33210380288,8589930496,2158825472,0
200,1737286953388,2100,2008,1395,1408,1963,1978,1151,1341,1333,1352,1410,1395,100,0,0,0,0,0,0,0,0,0,0,0,0,67185.75939941406,129495.71826171875,192.37725830078125,100.41841125488281,0,335872,33210380288,8589930496,2158825472,0
200,1737286953588,2100,762,400,400,1421,1718,1363,1429,1379,1440,400,400,100,0,0,0,0,0,0,0,0,0,0,0,0,67187.13391113281,129496.2279663086,192.37725830078125,100,0,335872,33210380288,8589930496,2158825472,0
199,1737286953788,2099,2100,1410,1473,1881,1839,1474,1500,1500,1500,1316,1452,100,0,0,0,0,0,0,0,0,4.761904716491699,0,0,0,67188.5288696289,129496.84368896484,192.37725830078125,95.7983169555664,0,335872,33210380288,8589930496,2158825472,0
200,1737286953988,2100,2011,1499,1499,1800,1752,1500,1446,1479,1499,1330,1418,100,0,0,4.761904716491699,0,0,0,4.761904716491699,0,0,0,0,0,67189.91613769531,129497.4521484375,192.37725830078125,104.99999237060547,0,335872,33210380288,8589930496,2158825472,0
200,1737286954188,2100,1981,1230,1239,2100,1994,1407,1469,1466,1499,1178,1365,100,0,4.761904716491699,0,0,0,0,0,0,0,0,0,0,67191.30841064453,129498.06622314453,192.37725830078125,95,0,335872,33210380288,8589930496,2183340032,0
200,1737286954388,2100,2039,1328,1476,1727,2100,1451,1314,1427,1443,1266,1327,100,0,0,0,0,0,0,0,0,0,0,0,0,67192.68029785156,129498.52862548828,192.37725830078125,105.8823471069336,0,335872,33210380288,8589930496,2199855104,0
200,1737286954589,2100,2020,400,726,1521,1308,1437,1407,1499,1455,400,400,100,0,0,0,0,0,0,0,0,0,0,0,0,67194.1069946289,129498.95166015625,192.37725830078125,100.41841125488281,0,335872,33210380288,8589930496,2199855104,0
199,1737286954789,2100,2099,1429,1432,1883,2013,1429,1499,1500,1271,1416,1385,100,0,0,0,4.761904716491699,0,0,0,5,0,4.761904716491699,0,0,67195.63854980469,129499.435546875,192.37725830078125,100,0,335872,33210380288,8589930496,2199855104,0
199,1737286954989,2100,2025,400,400,1888,1558,1401,1205,1268,1346,859,1274,100,0,0,0,4.761904716491699,0,0,0,5,0,4.761904716491699,0,0,67197.35803222656,129500.04608154297,192.37725830078125,99.58505249023438,0,335872,33210380288,8589930496,2199855104,0
200,1737286955189,2100,2028,400,1399,1876,1459,1500,1166,1366,1404,400,400,100,0,0,0,4.761904716491699,0,0,0,5,0,4.761904716491699,0,0,67198.98266601563,129500.60638427734,192.37725830078125,50.31446838378906,0,335872,33210380288,8589930496,2199855104,0
200,1737286955389,2100,1370,1409,1500,1985,2100,1488,1424,1490,1460,1500,1500,100,0,0,0,4.761904716491699,0,0,0,5,0,4.761904716491699,0,0,67200.6416015625,129501.17956542969,192.37725830078125,99.58505249023438,0,335872,33210380288,8589930496,2199855104,0
200,1737286955589,2100,1696,1291,400,1295,1996,1457,400,1118,1415,931,400,100,0,0,0,4.761904716491699,0,0,0,5,0,4.761904716491699,0,0,67202.23767089844,129501.72058105469,192.37725830078125,100.41841125488281,0,335872,33210380288,8589930496,2199855104,0
200,1737286955790,2100,1530,772,1002,1640,1389,1481,1500,1459,1413,400,835,100,1.0204081535339355,0,0.9900990128517151,0.9900990128517151,1.9801980257034302,1,0.9900990128517151,0.9900990128517151,1,1,1,0,67203.58367919922,129502.10284423828,192.37725830078125,100.41841125488281,0,335872,33210380288,8589930496,2199855104,0
200,1737286955990,2100,1995,1459,1413,1746,2100,1446,1499,1499,1500,1338,1439,100,4.761904716491699,0,0,0,0,0,4.761904716491699,0,0,0,0,0,67204.96826171875,129502.49963378906,192.3779296875,100,0,335872,33210380288,8589930496,2199855104,0
200,1737286956190,2100,1809,400,1172,400,1766,1299,1354,1080,1349,400,400,100,4.761904716491699,0,0,0,0,0,4.761904716491699,0,0,0,0,0,67206.40844726563,129502.92279052734,192.3779296875,99.58505249023438,0,335872,33210380288,8589930496,2199855104,0
200,1737286956390,2100,2099,1483,1389,1957,1405,1429,1499,1408,1352,1427,1499,100,4.761904716491699,0,0,0,0,0,4.761904716491699,0,0,0,0,0,67207.85986328125,129503.35137939453,192.3779296875,50.209205627441406,0,335872,33210380288,8589930496,2199855104,0
200,1737286956590,2100,1807,1500,1466,1944,1732,1417,1445,1423,1438,400,1339,100,4.761904716491699,0,0,0,0,0,4.761904716491699,0,0,0,0,0,67209.18957519531,129503.71710205078,192.3779296875,100,0,335872,33210380288,8589930496,2199855104,0
200,1737286956790,2099,519,1101,400,400,1574,1465,1258,1455,1463,964,400,100,4.761904716491699,0,0,0,0,0,4.761904716491699,0,0,0,0,0,67210.55670166016,129504.10430908203,192.3779296875,100.84033203125,0,335872,33210380288,8589930496,2199855104,0
200,1737286956991,2100,2061,1472,1422,1907,1989,1463,1375,1472,1415,1395,1486,100,4.761904716491699,0,0,0,0,0,4.761904716491699,0,0,0,0,0,67211.9330444336,129504.70147705078,192.3779296875,100.84033203125,0,335872,33210380288,8589930496,2249400320,0
200,1737286957191,2100,2042,1373,1398,1965,1844,1301,1329,1276,1283,400,1384,100,4.761904716491699,0,0,0,0,0,4.761904716491699,0,0,0,0,0,67213.48907470703,129505.37127685547,192.3779296875,47.69874572753906,0,335872,33210380288,8589930496,2257657856,0
200,1737286957391,2100,1688,1400,1350,1881,1590,1321,1336,1322,1350,1118,1499,100,4.761904716491699,0,0,0,0,0,4.761904716491699,0,0,0,0,0,67215.06866455078,129506.03869628906,192.3779296875,100.41841125488281,0,335872,33210380288,8589930496,2257657856,0
200,1737286957591,2100,1822,1499,1500,2100,1775,1459,1464,1406,1500,1483,1445,100,4.761904716491699,0,0,0,0,0,4.761904716491699,0,0,0,0,0,67216.62121582031,129506.67395019531,192.3779296875,99.58505249023438,0,335872,33210380288,8589930496,2191278080,0
200,1737286957791,2100,1701,1450,1500,1943,2008,1160,1148,1267,1223,1388,1458,100,4.761904716491699,0,0,0,0,0,4.761904716491699,0,0,0,0,0,67218.0785522461,129507.29699707031,192.3779296875,105.4393310546875,0,335872,33210380288,8589930496,2082140160,0
200,1737286957992,2100,489,942,400,1615,1521,1453,1435,1448,1463,400,824,100,4.761904716491699,0,0,0,0,0,4.761904716491699,0,0,0,0,0,67219.46252441406,129507.90045166016,192.3779296875,100.41841125488281,0,335872,33210380288,8589930496,2082140160,0
200,1737286958192,2099,2100,400,1294,1983,1285,1389,400,1499,1500,400,1300,100,4.761904716491699,0,0,0,0,0,4.761904716491699,0,0,0,0,0,67220.865234375,129508.51763916016,192.3779296875,100.41841125488281,0,335872,33210380288,8589930496,2082140160,0
177,1737286958415,2100,2100,1475,1415,1941,1942,1404,1429,1376,1438,400,1467,100,0,0,0,0,0,4.1666669845581055,0,0,0,0,0,0,67222.41497802734,129509.1771850586,192.3779296875,110.46025848388672,0,335872,33210380288,8589930496,2106482688,0
200,1737286958592,2100,1847,1352,1471,2099,1890,1500,1500,1395,1500,898,1499,100,0,0,0,0,0,4.1666669845581055,0,0,0,0,0,0,67223.65631103516,129509.53674316406,192.3779296875,80.89887237548828,0,335872,33210380288,8589930496,2106482688,0
200,1737286958792,2100,1694,1399,1442,1313,1868,1500,1430,1500,1500,1499,1500,100,0,0,0,0,0,4.1666669845581055,0,0,0,0,0,0,67225.09893798828,129509.96789550781,192.3779296875,52.98012924194336,0,335872,33210380288,8589930496,2106482688,0
200,1737286958992,2100,1963,1414,1476,2006,2100,1387,1166,1452,1392,1483,1455,100,0,0,0,0,0,4.1666669845581055,0,0,0,0,0,0,67226.76727294922,129510.52532958984,192.3779296875,52.98012924194336,0,335872,33210380288,8589930496,2106482688,0
200,1737286959193,2100,1639,400,400,1479,2100,1398,1398,1298,1388,400,400,100,0,0,0,0,0,4.1666669845581055,0,0,0,0,0,0,67228.42083740234,129511.109375,192.3779296875,50.10437774658203,0,335872,33210380288,8589930496,2106482688,0
200,1737286959393,2100,1827,1464,1437,1926,1837,1500,1500,1500,1500,1500,400,100,0,0,0,0,0,4.1666669845581055,0,0,0,0,0,0,67230.15222167969,129511.71502685547,192.3779296875,101.26582336425781,0,335872,33210380288,8589930496,2106482688,0
200,1737286959593,2100,2100,1440,1452,1972,1909,1500,1435,1424,1434,400,1469,100,0,0,0,0,0,4.1666669845581055,0,0,0,0,0,0,67231.70837402344,129512.23571777344,192.3779296875,100.41841125488281,0,335872,33210380288,8589930496,2106482688,0
200,1737286959793,2100,1958,1400,1418,2100,1857,1459,1500,1466,1479,400,1395,100,0,0,0,0,0,4.1666669845581055,0,0,0,0,0,0,67233.07299804688,129512.61749267578,192.3779296875,100,0,335872,33210380288,8589930496,2106482688,0
200,1737286959993,2099,2005,1454,1361,1971,2100,1423,1464,1447,1442,1394,1342,100,0,0,0,0,0,4.1666669845581055,0,0,0,0,0,0,67234.44927978516,129513.01000976563,192.3779296875,100.41841125488281,0,335872,33210380288,8589930496,2106482688,0
200,1737286960194,2100,2040,400,1369,1690,1861,1260,1276,1296,1259,1500,1476,100,0,0,0,0,0,4.1666669845581055,0,0,0,0,0,0,67235.9408569336,129513.45977783203,192.3779296875,100.41841125488281,0,335872,33210380288,8589930496,2106482688,0
200,1737286960394,2100,1804,1380,400,400,1949,1403,1166,1355,1377,1463,1384,100,0.5181347131729126,0,0.5050504803657532,1.0101009607315063,1.0101009607315063,0.5076141953468323,0.5076141953468323,1.0050251483917236,1.0050251483917236,0.5050504803657532,0,0,67237.29016113281,129513.83697509766,192.3779296875,100.41841125488281,0,335872,33210380288,8589930496,2106482688,0
200,1737286960594,2100,1835,1474,1472,2100,2100,1499,1435,1500,1499,1500,1456,100,0,0,0,0,0,0,0,0,0,4.761904716491699,0,0,67238.66021728516,129514.22521972656,192.3779296875,99.58505249023438,0,335872,33210380288,8589930496,2106482688,0
200,1737286960794,2100,1934,1336,1429,1589,1992,1500,1500,1464,1499,1331,1331,100,0,0,0,0,0,0,0,0,0,0,0,0,67240.04217529297,129514.77502441406,192.3779296875,100.84033203125,0,335872,33210380288,8589930496,2139512832,0
200,1737286960994,2099,1993,1433,1500,1921,1945,1499,1440,1479,1500,1387,1432,100,4.761904716491699,0,0,0,0,0,0,0,0,0,4.761904716491699,0,67241.44702148438,129515.39154052734,192.3779296875,100,0,335872,33210380288,8589930496,2189058048,0
200,1737286961194,2100,1829,1209,1312,1648,1865,1408,1437,1426,1500,400,1245,100,0,0,0,0,0,0,0,0,0,0,0,0,67242.83972167969,129516.00164794922,192.3779296875,105.4393310546875,0,335872,33210380288,8589930496,2238603264,0
200,1737286961395,2100,1769,798,400,1981,1832,1449,1452,1214,1341,786,717,100,0,4.761904716491699,0,0,0,4.761904716491699,4.761904716491699,0,0,0,0,0,67244.3471069336,129516.65173339844,192.3779296875,94.60580444335938,0,335872,33210380288,8589930496,2255118336,0
200,1737286961595,2099,590,1106,1463,400,1807,1446,1427,1343,1419,925,1057,100,0,4.761904716491699,0,0,0,4.761904716491699,4.761904716491699,0,0,0,0,0,67245.91271972656,129517.31256103516,192.3779296875,100.41841125488281,0,335872,33210380288,8589930496,2255118336,0
199,1737286961795,2100,2100,1500,1472,2099,1919,1482,400,1458,1460,1329,1500,100,0,0,0,4.761904716491699,0,0,0,0,0,0,0,0,67247.46649169922,129517.95056152344,192.3779296875,100.41841125488281,0,335872,33210380288,8589930496,2255118336,0
200,1737286961995,2099,2024,1417,1500,2100,1974,1500,1434,1480,400,1357,1435,100,0,0,0,0,0,0,0,0,0,0,0,0,67248.95343017578,129518.57531738281,192.3779296875,100.84033203125,0,335872,33210380288,8589930496,2157641728,0
200,1737286962195,2100,2100,1460,1471,2100,2100,1391,1397,1367,1443,1437,1487,100,0,0,0,0,0,0,0,0,0,0,0,0,67250.32458496094,129519.12762451172,192.3779296875,100.84033203125,0,335872,33210380288,8589930496,2157641728,0
199,1737286962395,2100,1850,1179,1101,1572,2099,1499,1500,1499,1445,1262,1144,100,0,0,0,0,4.761904716491699,0,0,0,0,0,0,0,67251.74432373047,129519.5419921875,192.3779296875,100.41841125488281,0,335872,33210380288,8589930496,2157481984,0
200,1737286962595,2100,2100,1387,1399,1941,2100,1287,1265,1239,1265,1396,1342,100,0,0,0,0,4.761904716491699,0,0,0,0,0,0,0,67253.28698730469,129520.03424072266,192.3779296875,99.58505249023438,0,335872,33210380288,8589930496,2157481984,0
200,1737286962796,2100,2037,400,400,1921,1129,1475,1283,1488,400,954,400,100,0,0,0,0,0,0,0,0,0,0,0,0,67254.98455810547,129520.63250732422,192.3779296875,100.41841125488281,0,335872,33210380288,8589930496,2157481984,0
200,1737286962996,2100,1810,568,400,1905,400,1213,1309,1237,1286,823,400,100,0,0,0,0,0,0,4.761904716491699,0,0,0,0,0,67256.642578125,129521.1820678711,192.3779296875,100.84033203125,0,335872,33210380288,8589930496,2157481984,0
200,1737286963196,2100,1938,1472,1215,2003,2100,1500,1462,1413,1499,1397,1473,100,0,4.761904716491699,0,0,0,5,0,0,0,0,0,0,67258.24365234375,129521.73205566406,192.3779296875,100,0,335872,33210380288,8589930496,2157481984,0
200,1737286963396,2100,1779,1470,1499,1812,1885,1500,1464,1481,1459,1327,1439,100,0,0,0,0,0,0,0,4.761904716491699,0,0,0,0,67259.6138305664,129522.11511230469,192.3779296875,105.4393310546875,0,335872,33210380288,8589930496,2157481984,0
200,1737286963596,2100,2099,1464,1460,1957,1956,1275,1326,1342,1329,1398,1434,100,4.761904716491699,0,0,0,0,0,0,0,0,0,4.761904716491699,0,67261.0415649414,129522.53002929688,192.3779296875,100,0,335872,33210380288,8589930496,2157481984,0
200,1737286963797,2100,2100,1442,400,1894,1812,1499,1500,1500,1327,1290,400,100,0,0,0,4.761904716491699,0,0,0,0,5,0,0,0,67262.48498535156,129522.9546508789,192.3779296875,100,0,335872,33210380288,8589930496,2157481984,0
200,1737286963997,2100,2042,1499,1443,1660,2099,1499,1106,1373,400,1393,1500,100,0,0,0,0,4.761904716491699,4.761904716491699,0,0,4.761904716491699,0,0,0,67263.83001708984,129523.3267211914,192.3779296875,100.41841125488281,0,335872,33210380288,8589930496,2157481984,0
200,1737286964197,2100,1840,1474,1468,1908,1904,1500,1499,1499,1500,1417,1462,100,0,0,0,0,0,0,0,4.761904716491699,0,4.761904716491699,0,0,67265.21435546875,129523.8521118164,192.3779296875,95.39749145507813,0,335872,33210380288,8589930496,2157481984,0
200,1737286964397,2100,1420,1001,1361,1802,1837,1174,1173,1201,945,1344,1259,100,0,0,0,0,0,0,0,4.761904716491699,0,4.761904716491699,0,0,67266.61614990234,129524.46868896484,192.3779296875,104.99999237060547,0,335872,33210380288,8589930496,2157477888,0
200,1737286964597,2100,1979,1500,1499,2008,2099,1468,1472,1451,1407,1377,1457,100,0,0,0,0,0,0,0,0,0,0,0,0,67268.02783203125,129525.09155273438,192.3779296875,94.60580444335938,0,335872,33210380288,8589930496,2157477888,0
200,1737286964797,2100,2050,1433,1382,1874,2100,1478,1435,1473,1500,1466,1468,100,0,0,0,0,0,0,0,0,0,0,0,0,67269.4243774414,129525.70379638672,192.3779296875,105.8823471069336,0,335872,33210380288,8589930496,2157477888,0
200,1737286964998,2100,1962,1499,1386,2100,2100,841,1442,1441,1436,1471,1499,100,0,0,0,0,0,0,0,0,0,0,0,0,67270.81457519531,129526.1226196289,192.3779296875,100.41841125488281,0,335872,33210380288,8589930496,2161348608,0
200,1737286965198,2100,2074,1500,400,400,400,400,400,1422,1429,1499,1500,100,0,0,0,0,0,0,0,0,0,0,0,0,67272.232421875,129526.53967285156,192.3779296875,99.58505249023438,0,335872,33210380288,8589930496,2161348608,0
200,1737286965398,2100,1926,1329,1434,2024,2100,1500,1500,1454,1500,400,1395,100,0,0,4.761904716491699,4.761904716491699,0,0,0,0,0,0,5,0,67273.85705566406,129527.0737915039,192.3779296875,100.41841125488281,0,335872,33210380288,8589930496,2161348608,0
200,1737286965598,2100,1791,1499,1453,1924,1973,1413,1455,1477,1410,1362,1470,100,0,0,0,0,4.761904716491699,0,0,0,0,0,0,0,67275.5453491211,129527.67474365234,192.3779296875,100.41841125488281,0,335872,33210380288,8589930496,2161348608,0
200,1737286965798,2100,1939,1460,1457,1960,1799,1499,1500,1500,1499,1355,1449,100,0,0,0,0,0,0,4.761904716491699,5,0,0,0,0,67277.23046875,129528.25286865234,192.3779296875,100,0,335872,33210380288,8589930496,2161348608,0
200,1737286965998,2100,1853,1233,1277,1972,1990,1449,1438,1441,1384,1390,1250,100,0,0,0,0,0,0,0,0,0,4.761904716491699,0,0,67278.80798339844,129528.78485107422,192.3779296875,100.41841125488281,0,335872,33210380288,8589930496,2161348608,0
200,1737286966199,2100,2023,1464,1456,1864,1945,1133,1234,1225,1211,1402,400,100,0,4.761904716491699,0,0,0,0,0,0,0,0,0,0,67280.31958007813,129529.26782226563,192.3779296875,100.41841125488281,0,335872,33210380288,8589930496,2161348608,0
199,1737286966399,2100,2100,1404,1426,1154,2100,1460,1499,1500,1500,1358,1413,100,0,0,0,0,4.761904716491699,0,0,0,0,0,0,0,67281.69641113281,129529.65502929688,192.3779296875,100.41841125488281,0,335872,33210380288,8589930496,2161348608,0
199,1737286966599,2100,2100,1499,1499,2100,1849,1500,1455,1499,1499,1499,1500,100,0,0,0,4.761904716491699,0,4.761904716491699,0,0,0,0,0,0,67283.08605957031,129530.05139160156,192.3779296875,100.41841125488281,0,335872,33210380288,8589930496,2161348608,0
200,1737286966799,2099,1900,1397,1500,2100,1547,1472,1500,1499,1485,1348,1416,100,5,4.761904716491699,0,0,0,4.761904716491699,0,0,5,0,0,0,67284.57440185547,129530.49530029297,192.3779296875,100.41841125488281,0,335872,33210380288,8589930496,2161348608,0
200,1737286966999,2100,1847,1473,1465,1876,1424,1269,1500,1499,1500,1499,1499,100,0,0,0,0,0,0,0,0,4.761904716491699,0,0,0,67285.92797851563,129530.87182617188,192.3779296875,100.41841125488281,0,335872,33210380288,8589930496,2161348608,0
200,1737286967199,2100,2100,1395,1475,2009,1869,1397,1398,1448,1485,400,1310,100,0,0,0,0,0,0,0,0,4.761904716491699,0,0,0,67287.29119873047,129531.25506591797,192.3779296875,100,0,335872,33210380288,8589930496,2161348608,0
200,1737286967400,2100,1750,1300,1443,1290,1342,1500,1434,1463,1469,1365,1437,100,0,0,0,0,0,0,0,0,4.761904716491699,0,0,0,67288.68762207031,129531.7973022461,192.3779296875,47.69874572753906,0,335872,33210380288,8589930496,2198507520,0
200,1737286967600,2100,2046,1411,1500,1794,1955,1376,1354,1385,1377,1470,1469,100,0,0,0,0,0,0,0,0,4.761904716491699,0,0,0,67290.08715820313,129532.41906738281,192.3779296875,100,0,335872,33210380288,8589930496,2248052736,0
200,1737286967800,2100,1304,400,1271,1745,1732,1364,1285,1435,1420,1439,400,100,0,0,0,0,0,0,0,0,4.761904716491699,0,0,0,67291.64288330078,129533.08898925781,192.3779296875,105.8823471069336,0,335872,33210380288,8589930496,2256310272,0
200,1737286968000,2100,1761,1209,1055,1356,1380,1333,1206,400,1320,1045,1483,100,0,0,0,0,0,0,0,0,4.761904716491699,0,0,0,67293.20764160156,129533.74542236328,192.3779296875,100.41841125488281,0,335872,33210380288,8589930496,2256310272,0
200,1737286968200,2100,1460,1439,1446,1565,1814,1500,1499,1500,1410,1454,1352,100,0,0,0,0,0,0,0,0,4.761904716491699,0,0,0,67294.76220703125,129534.37829589844,192.3779296875,94.60580444335938,0,335872,33210380288,8589930496,2216841216,0
200,1737286968401,2099,1758,1313,1253,1746,1898,1457,1394,1402,1498,1232,1123,100,0,0,0,0,0,0,0,0,4.761904716491699,0,0,0,67296.21221923828,129534.99908447266,192.37841796875,104.99999237060547,0,335872,33210380288,8589930496,2107879424,0
200,1737286968601,2100,1873,1452,1445,1524,1769,1413,1450,1444,1470,1397,1399,100,0.6410256624221802,0,0.625,0,0,0.625,0.625,1.2422360181808472,0,0,0.625,0,67297.61352539063,129535.61163330078,192.37841796875,100,0,335872,33210380288,8589930496,2107879424,0
200,1737286968801,2100,1697,1499,1398,1848,1927,1331,1286,1305,1360,400,400,100,0,0,0,0,0,0,0,0,0,0,0,0,67298.99725341797,129536.22943115234,192.37841796875,95,0,335872,33210380288,8589930496,2107879424,0
200,1737286969001,2100,1741,1478,1499,1939,1967,1435,1422,1432,1499,1499,1500,100,0,0,4.761904716491699,4.761904716491699,4.761904716491699,0,4.761904716491699,0,0,0,4.761904716491699,0,67300.36901855469,129536.64349365234,192.37841796875,100.41841125488281,0,335872,33210380288,8589930496,2107879424,0
200,1737286969201,2100,1896,1467,1384,1781,1802,1335,1414,1477,1454,1285,1357,100,0,0,4.761904716491699,4.761904716491699,4.761904716491699,0,4.761904716491699,0,0,0,4.761904716491699,0,67301.80938720703,129537.07849121094,192.37841796875,100,0,335872,33210380288,8589930496,2107879424,0
200,1737286969401,2100,1951,1419,1413,1990,1988,1344,1307,1448,1366,400,1354,100,4.761904716491699,0,0,0,0,0,0,0,0,0,0,0,67303.46496582031,129537.6357421875,192.37841796875,100.84033203125,0,335872,33210380288,8589930496,2107949056,0
200,1737286969602,2100,1581,1287,400,2037,1557,1396,1435,400,1409,400,1146,100,4.761904716491699,0,0,0,0,0,0,0,0,0,0,0,67305.12017822266,129538.2222290039,192.37841796875,50.10437774658203,0,335872,33210380288,8589930496,2107949056,0
199,1737286969802,2100,2086,1500,1403,1694,1967,1415,1389,400,1419,1499,1500,100,4.761904716491699,0,0,0,0,0,0,0,0,0,0,0,67306.85620117188,129538.83624267578,192.37841796875,100.41841125488281,0,335872,33210380288,8589930496,2107949056,0
200,1737286970002,2100,2003,1421,1224,1932,1757,1357,1351,1195,1220,400,1293,100,4.761904716491699,0,0,0,0,0,0,0,0,0,0,0,67308.33465576172,129539.30456542969,192.37841796875,100.41841125488281,0,335872,33210380288,8589930496,2107949056,0
200,1737286970202,2100,1617,400,400,400,1916,1134,400,400,400,1073,400,100,0,0,0,1.25,1.25,0,0,0,1.25,1.2345678806304932,0,0,67309.72741699219,129539.70458984375,192.37841796875,100,0,335872,33210380288,8589930496,2107949056,0
200,1737286970402,2100,2100,1469,1500,2100,1852,1474,1499,1465,1478,913,1470,100,5,4.761904716491699,0,0,0,0,0,0,0,0,0,0,67311.12683105469,129540.10906982422,192.37841796875,100,0,335872,33210380288,8589930496,2107949056,0
200,1737286970602,2099,1566,1295,1277,2100,1879,1391,1392,1499,1499,400,1264,100,0,0,0,4.761904716491699,0,0,0,0,0,0,0,0,67312.59619140625,129540.55151367188,192.37841796875,100.41841125488281,0,335872,33210380288,8589930496,2107949056,0
200,1737286970803,2100,2049,1405,1403,2100,1979,1250,1259,1194,1299,400,1357,100,0,0,0,4.761904716491699,0,0,0,0,0,0,0,0,67313.9097290039,129540.91400146484,192.37841796875,100,0,335872,33210380288,8589930496,2107949056,0
199,1737286971003,2099,2022,1472,1443,1954,1947,1364,1355,1345,1351,1347,1466,100,0,0,0,0,0,0,0,0,0,0,0,0,67315.28790283203,129541.3627319336,192.37841796875,104.99999237060547,0,335872,33210380288,8589930496,2108465152,0
200,1737286971203,2100,2043,1273,1270,1948,1458,1344,1057,992,925,1127,1255,100,0,0,4.761904716491699,0,0,4.761904716491699,0,0,0,0,0,0,67316.6849975586,129541.9779663086,192.37841796875,100.84033203125,0,335872,33210380288,8589930496,2109497344,0
200,1737286971403,2099,1629,1500,1471,400,400,1499,1499,1255,400,540,1471,100,4.761904716491699,0,0,0,0,0,0,4.761904716491699,0,0,0,0,67318.08679199219,129542.59826660156,192.37841796875,95.39749145507813,0,335872,33210380288,8589930496,2165235712,0
200,1737286971603,2100,1711,1420,1500,2100,1948,1424,1403,1349,1500,400,1476,100,0,0,0,0,4.761904716491699,4.761904716491699,0,0,0,0,4.761904716491699,0,67319.47845458984,129543.20874023438,192.37841796875,100,0,335872,33210380288,8589930496,2214780928,0
200,1737286971803,2100,450,663,597,1536,400,400,877,1165,1176,696,860,100,0,0,0,0,4.761904716491699,4.761904716491699,0,0,0,0,4.761904716491699,0,67320.89080810547,129543.82305908203,192.37841796875,100,0,335872,33210380288,8589930496,2247811072,0
200,1737286972003,2100,1845,1305,1354,1801,1411,1500,1406,1283,1442,400,1279,100,0,0,0,0,4.761904716491699,4.761904716491699,0,0,0,0,4.761904716491699,0,67322.4780883789,129544.50506591797,192.37841796875,50,0,335872,33210380288,8589930496,2247811072,0
200,1737286972204,2100,1964,1418,1423,2100,1972,1466,1474,1454,1467,1474,1452,100,0,0,0,0,4.761904716491699,4.761904716491699,0,0,0,0,4.761904716491699,0,67324.02490234375,129545.14868164063,192.37841796875,105.8823471069336,0,335872,33210380288,8589930496,2247811072,0
200,1737286972404,2100,1892,1367,1372,1961,1942,1458,1465,1204,1395,919,400,100,0,0,0,1.25,0,0,1.25,0,0,0,0,0,67325.5668334961,129545.77990722656,192.37841796875,100.84033203125,0,335872,33210380288,8589930496,2143158272,0
200,1737286972604,2100,1881,1418,1076,1911,1778,1371,1409,1385,1120,1105,1480,100,0,0,0,0,0,0,0,0,0,0,0,0,67326.94995117188,129546.18524169922,192.37841796875,100.41841125488281,0,335872,33210380288,8589930496,2143158272,0
200,1737286972804,2100,2100,400,1463,1947,2100,1480,1500,1424,1500,1356,1361,100,0,4.761904716491699,0,0,0,0,4.761904716491699,4.761904716491699,0,0,0,0,67328.46801757813,129546.66333007813,192.37841796875,100.41841125488281,0,335872,33210380288,8589930496,2143158272,0
200,1737286973004,2100,1241,1476,1454,1895,1719,1499,1499,1500,1500,1409,1232,100,0,0,0,0,0,0,0,0,0,0,0,0,67330.1650390625,129547.25384521484,192.37841796875,100.41841125488281,0,335872,33210380288,8589930496,2143158272,0
200,1737286973204,2100,2012,1095,1444,400,1759,1391,1262,1279,1211,1447,1405,100,0,0,0,0,0,0,0,0,0,0,0,0,67331.80145263672,129547.8012084961,192.37841796875,99.58505249023438,0,335872,33210380288,8589930496,2143158272,0
200,1737286973405,2100,2040,1411,1398,1201,1339,1416,1417,1341,1333,1499,1410,100,0,0,0,0,0,0,0,0,0,0,0,0,67333.39031982422,129548.33514404297,192.37841796875,100.84033203125,0,335872,33210380288,8589930496,2135019520,0
200,1737286973605,2100,469,400,400,400,1819,1210,1442,1410,1465,893,400,100,0,0,4.761904716491699,0,0,0,0,0,0,0,0,0,67334.76873779297,129548.72589111328,192.37841796875,100,0,335872,33210380288,8589930496,2135019520,0
200,1737286973805,2099,2100,1433,400,1908,2099,1500,1499,1500,1096,1454,1409,100,0,0,0,0,0,0,0,0,0,0,0,0,67336.21813964844,129549.1547241211,192.37841796875,99.58505249023438,0,335872,33210380288,8589930496,2135019520,0
200,1737286974005,2100,2100,1473,1450,2018,1963,1499,1347,1415,1482,1454,1450,100,4.761904716491699,0,0,0,4.761904716491699,0,0,0,0,0,0,0,67337.57611083984,129549.53894042969,192.37841796875,100.41841125488281,0,335872,33210380288,8589930496,2135019520,0
200,1737286974205,2100,2004,1500,1500,1966,2011,1499,1499,1499,1499,1413,1500,100,0,0,0,0,0,5,0,0,4.761904716491699,0,0,0,67338.95538330078,129549.95440673828,192.37841796875,100.41841125488281,0,335872,33210380288,8589930496,2135019520,0
200,1737286974405,2100,1696,1303,1137,1806,1557,1411,400,1500,400,1264,1265,100,0,0,0,4.761904716491699,0,0,0,4.761904716491699,0,0,0,0,67340.3373413086,129550.5620727539,192.37841796875,100,0,335872,33210380288,8589930496,2135093248,0
200,1737286974605,2100,1207,1073,1160,1735,1851,1424,1395,1418,1401,992,1185,100,0,0,0,4.761904716491699,0,0,0,4.761904716491699,0,0,0,0,67341.73864746094,129551.17114257813,192.37841796875,100.84033203125,0,335872,33210380288,8589930496,2135093248,0
200,1737286974806,2100,1998,1269,1466,1378,1523,1462,1456,1416,1458,1122,1317,100,0,0,0,0,0,0,0,0,0,0,4.761904716491699,0,67343.12646484375,129551.78997802734,192.37841796875,99.58505249023438,0,335872,33210380288,8589930496,2135609344,0
200,1737286975006,2100,1906,1479,1428,2100,1837,1500,1467,1433,1466,1500,1450,100,0,0,0,0,0,0,0,0,0,4.761904716491699,0,0,67344.4848022461,129552.24658203125,192.37841796875,100.84033203125,0,335872,33210380288,8589930496,2135609344,0
200,1737286975206,2100,1743,1472,1432,2100,2100,1499,1500,1482,1499,1399,1455,100,0,0,4.761904716491699,0,0,0,0,0,0,0,0,0,67345.90307617188,129552.66412353516,192.37841796875,100.41841125488281,0,335872,33210380288,8589930496,2135609344,0
200,1737286975406,2099,1846,1467,1466,1555,1888,1472,1447,1448,1499,1381,1499,100,0,0,0,0,0,0,0,0,0,0,4.761904716491699,0,67347.51141357422,129553.19677734375,192.37841796875,100,0,335872,33210380288,8589930496,2135609344,0
200,1737286975606,2100,1841,1321,1399,1578,1750,1500,1499,1499,1499,1428,1443,100,0,0,0,0,0,0,0,0,0,0,0,0,67349.18157958984,129553.79260253906,192.37841796875,100,0,335872,33210380288,8589930496,2135609344,0
200,1737286975806,2100,2001,1405,1111,1922,1367,1463,1408,1448,1431,1244,1203,100,0,0,0,0,0,0,0,0,0,0,0,0,67350.86395263672,129554.36743164063,192.37841796875,100.41841125488281,0,335872,33210380288,8589930496,2135609344,0
200,1737286976007,2100,1848,1368,400,1857,1924,1500,400,1387,1431,400,1470,100,0,0,0,0,0,9.090909004211426,0,0,0,0,0,0,67352.48229980469,129554.92431640625,192.37841796875,100.84033203125,0,335872,33210380288,8589930496,2135609344,0
200,1737286976207,2100,1831,1394,1449,2099,2099,1499,1430,1481,1425,1232,1410,100,0,0,0,0,4.761904716491699,0,0,0,4.761904716491699,0,0,0,67353.86254882813,129555.32843017578,192.37841796875,100,0,335872,33210380288,8589930496,2135609344,0
200,1737286976407,2100,1871,1460,1500,400,1828,1468,1480,400,1500,400,1477,100,0,0,0,0,4.761904716491699,0,0,0,4.761904716491699,0,0,0,67355.2368774414,129555.71978759766,192.37841796875,100.41841125488281,0,335872,33210380288,8589930496,2135609344,0
200,1737286976607,2099,1912,1470,1496,2100,2100,1420,1404,1415,1405,1418,1465,100,0,0,0,0,0,0,0,5,0,4.761904716491699,0,0,67356.68688964844,129556.14825439453,192.37841796875,100,0,335872,33210380288,8589930496,2135609344,0
200,1737286976807,2100,1994,1160,1326,1929,1939,1499,1371,1476,1399,400,1185,100,0,0,0,0,0,0,4.761904716491699,0,0,0,0,0,67358.08703613281,129556.55883789063,192.37841796875,100.84033203125,0,335872,33210380288,8589930496,2135609344,0
200,1737286977008,2100,2041,1334,1328,2100,1616,1394,400,1343,1429,1223,1408,100,0,0,0,0,0,0,4.761904716491699,0,0,0,0,0,67359.44989013672,129556.94311523438,192.37841796875,100,0,335872,33210380288,8589930496,2135609344,0
200,1737286977208,2100,676,400,931,400,1946,1391,1347,1440,1293,730,400,100,0,0,0,0,4.761904716491699,0,0,0,0,0,0,0,67360.81463623047,129557.44909667969,192.37841796875,100.41841125488281,0,335872,33210380288,8589930496,2135609344,0
200,1737286977408,2100,1899,1163,1500,1647,1760,1500,1500,1499,1487,1434,1500,100,0,0,0,0,0,0,0,4.761904716491699,0,0,0,0,67362.20050048828,129558.05694580078,192.37841796875,105.4393310546875,0,335872,33210380288,8589930496,2167607296,0
200,1737286977608,2100,1573,1499,1386,1683,1834,1500,1500,1171,1318,400,1390,100,0,0,0,0,0,0,0,4.761904716491699,0,0,0,0,67363.59356689453,129558.67059326172,192.37841796875,100.41841125488281,0,335872,33210380288,8589930496,2217152512,0
200,1737286977808,2100,2100,400,1479,1938,2100,1496,1496,460,1472,842,1484,100,4.761904716491699,0,0,0,0,0,0,0,0,0,0,0,67365.03564453125,129559.30078125,192.37841796875,95,0,335872,33210380288,8589930496,2250182656,0
200,1737286978008,2100,1997,1484,1360,1973,2100,1425,1415,1422,1431,1422,1411,100,4.761904716491699,0,0,0,0,0,0,0,0,0,0,0,67366.60540771484,129559.96728515625,192.37841796875,50.31446838378906,0,335872,33210380288,8589930496,2250182656,0
200,1737286978209,2100,2043,1181,939,1872,1907,1274,1455,1433,1358,932,1094,100,4.761904716491699,0,0,0,0,0,0,0,0,0,0,0,67368.16796875,129560.61846923828,192.37841796875,100,0,335872,33210380288,8589930496,2250182656,0
200,1737286978409,2100,1966,1500,1437,1669,1862,1421,1407,1431,1466,400,1469,100,4.761904716491699,0,0,0,0,0,0,0,0,0,0,0,67369.71319580078,129561.25476074219,192.379150390625,100.41841125488281,0,335872,33210380288,8589930496,2124599296,0
200,1737286978609,2100,2100,1449,1414,1860,2100,1500,1499,1499,1499,1301,400,100,4.761904716491699,0,0,0,0,0,0,0,0,0,0,0,67371.10906982422,129561.8373413086,192.379150390625,104.99999237060547,0,335872,33210380288,8589930496,2124599296,0
200,1737286978809,2100,1844,1500,1411,1871,2100,1126,1500,1499,1475,1394,1443,100,4.761904716491699,0,0,0,0,0,0,0,0,0,0,0,67372.5048828125,129562.23944091797,192.379150390625,100.84033203125,0,335872,33210380288,8589930496,2124599296,0
200,1737286979009,2099,1938,1435,1242,1817,2000,1499,1464,1499,1500,400,1432,100,4.761904716491699,0,0,0,0,0,0,0,0,0,0,0,67374.04541015625,129562.72290039063,192.379150390625,100.41841125488281,0,335872,33210380288,8589930496,2124599296,0
200,1737286979209,2100,538,400,1021,1226,400,400,1087,1365,1452,1108,1044,100,4.761904716491699,0,0,0,0,0,0,0,0,0,0,0,67375.75848388672,129563.32531738281,192.379150390625,100.41841125488281,0,335872,33210380288,8589930496,2124599296,0
200,1737286979410,2100,1363,400,910,400,1148,1308,1464,1290,1387,957,400,100,4.761904716491699,0,0,0,0,0,0,0,0,0,0,0,67377.40026855469,129563.87316894531,192.379150390625,100.41841125488281,0,335872,33210380288,8589930496,2124517376,0
200,1737286979610,2100,1494,400,400,400,1945,1394,1410,1343,1325,400,1084,100,0.5714285373687744,0.5555555820465088,1.1049723625183105,0.5555555820465088,0.5586591958999634,0.5586591958999634,0.5555555820465088,0,0.5555555820465088,0,0.5555555820465088,0,67379.03344726563,129564.43969726563,192.379150390625,100,0,335872,33210380288,8589930496,2124517376,0
200,1737286979810,2100,2100,1449,1480,1979,1708,1414,1333,1409,1446,1408,1500,100,0.5714285373687744,0.5555555820465088,1.1049723625183105,0.5555555820465088,0.5586591958999634,0.5586591958999634,0.5555555820465088,0,0.5555555820465088,0,0.5555555820465088,0,67380.3970336914,129564.81774902344,192.379150390625,50,0,335872,33210380288,8589930496,2124517376,0
199,1737286980010,2099,1929,1462,1470,1964,1861,1477,1443,1444,1477,1403,1360,100,0.5714285373687744,0.5555555820465088,1.1049723625183105,0.5555555820465088,0.5586591958999634,0.5586591958999634,0.5555555820465088,0,0.5555555820465088,0,0.5555555820465088,0,67381.80895996094,129565.22467041016,192.379150390625,100.41841125488281,0,335872,33210380288,8589930496,2124517376,0
200,1737286980210,2100,1984,1280,1329,2100,2100,1500,1499,1500,1499,1310,1360,100,0.5714285373687744,0.5555555820465088,1.1049723625183105,0.5555555820465088,0.5586591958999634,0.5586591958999634,0.5555555820465088,0,0.5555555820465088,0,0.5555555820465088,0,67383.25518798828,129565.65258789063,192.379150390625,100.41841125488281,0,335872,33210380288,8589930496,2124517376,0
200,1737286980411,2100,2014,1341,1422,1990,1137,1465,1500,1499,1500,1270,1267,100,0,0,0,0,0,0,0,0,0,0,0,0,67384.59155273438,129566.02209472656,192.379150390625,100.41841125488281,0,335872,33210380288,8589930496,2122723328,0
200,1737286980611,2100,1290,1415,1307,400,1851,1426,1406,1392,1284,1171,1389,100,0,0,0,0,0,0,0,4.761904716491699,0,4.761904716491699,0,0,67385.98254394531,129566.55688476563,192.379150390625,95,0,335872,33210380288,8589930496,2122723328,0
200,1737286980811,2100,535,1392,1274,1771,400,1306,400,400,400,1283,1380,100,0,0,0,0,0,0,0,0,0,0,0,0,67387.38250732422,129567.17407226563,192.379150390625,105.4393310546875,0,335872,33210380288,8589930496,2122723328,0
199,1737286981011,2100,2100,1446,1477,2100,2100,1417,1403,1416,1421,1420,1500,100,0,5,0,0,0,0,0,0,0,0,0,0,67388.77838134766,129567.78546142578,192.379150390625,100.84033203125,0,335872,33210380288,8589930496,2122723328,0
200,1737286981211,2099,2100,1408,1397,1386,1540,1475,1434,1479,1481,1451,1384,100,0,0,0,0,0,0,0,0,0,0,0,0,67390.18365478516,129568.40325927734,192.379150390625,95,0,335872,33210380288,8589930496,2147184640,0
200,1737286981411,2100,2017,1470,1467,1710,1951,1446,1466,1441,1481,1360,1474,100,0,0,0,0,0,0,0,0,0,0,0,0,67391.5650024414,129568.80578613281,192.379150390625,100.84033203125,0,335872,33210380288,8589930496,2147184640,0
200,1737286981611,2100,1959,1404,1472,2100,2057,1206,1164,1145,1263,1407,1448,100,0,0,0,0,5,4.761904716491699,0,0,0,0,0,0,67393.00067138672,129569.23608398438,192.379150390625,104.99999237060547,0,335872,33210380288,8589930496,2147184640,0
200,1737286981812,2100,2063,1327,1429,2100,1678,1344,1367,1468,1472,1209,1170,100,0,0,0,0,5,4.761904716491699,0,0,0,0,0,0,67394.65521240234,129569.78210449219,192.379150390625,100.41841125488281,0,335872,33210380288,8589930496,2147184640,0
200,1737286982012,2099,2053,1195,1411,1791,1521,1458,1380,1429,1454,1073,400,100,4.761904716491699,0,0,4.761904716491699,4.761904716491699,0,0,0,0,0,0,0,67396.32708740234,129570.38305664063,192.379150390625,100.41841125488281,0,335872,33210380288,8589930496,2147184640,0
200,1737286982212,2100,2047,1474,1474,1885,2100,1500,1500,1500,1499,1338,1500,100,4.761904716491699,0,0,4.761904716491699,4.761904716491699,0,0,0,0,0,0,0,67398.03411865234,129570.96478271484,192.379150390625,50,0,335872,33210380288,8589930496,2147184640,0
200,1737286982412,2100,1971,1440,1474,1952,1837,1476,1397,1500,1483,1485,1476,100,4.761904716491699,0,0,4.761904716491699,4.761904716491699,0,0,0,0,0,0,0,67399.60577392578,129571.49096679688,192.379150390625,100.84033203125,0,335872,33210380288,8589930496,2147184640,0
200,1737286982612,2099,1981,1204,1231,1898,1883,1499,1354,1355,1465,1203,1205,100,4.761904716491699,0,0,4.761904716491699,4.761904716491699,0,0,0,0,0,0,0,67401.05596923828,129571.93444824219,192.379150390625,100,0,335872,33210380288,8589930496,2147184640,0
200,1737286982813,2100,2024,1499,1398,1818,1351,1317,1295,1495,1439,1469,1444,100,4.761904716491699,0,0,4.761904716491699,4.761904716491699,0,0,0,0,0,0,0,67402.43737792969,129572.32653808594,192.379150390625,100.41841125488281,0,335872,33210380288,8589930496,2147184640,0
200,1737286983013,2099,1838,1449,1431,2100,2100,1500,1500,1190,1499,1437,1450,100,4.761904716491699,0,0,4.761904716491699,4.761904716491699,0,0,0,0,0,0,0,67403.87390136719,129572.74877929688,192.379150390625,99.58505249023438,0,335872,33210380288,8589930496,2147184640,0
200,1737286983213,2100,2007,1465,1473,1911,2011,1500,1500,1500,1500,1500,1479,100,0.7352941036224365,0,0.7142857313156128,0,0,0.7142857313156128,0,0,0.7092198133468628,0.7142857313156128,0.7142857313156128,0,67405.33221435547,129573.18267822266,192.379150390625,99.58505249023438,0,335872,33210380288,8589930496,2147184640,0
200,1737286983413,2099,1640,1189,400,1838,1787,1499,1206,1153,1236,400,400,100,0.7352941036224365,0,0.7142857313156128,0,0,0.7142857313156128,0,0,0.7092198133468628,0.7142857313156128,0.7142857313156128,0,67406.67572021484,129573.54895019531,192.379150390625,100.84033203125,0,335872,33210380288,8589930496,2147184640,0
200,1737286983613,2099,1778,1315,1499,1839,1912,1123,1463,1480,1500,1500,1500,100,0.7352941036224365,0,0.7142857313156128,0,0,0.7142857313156128,0,0,0.7092198133468628,0.7142857313156128,0.7142857313156128,0,67408.03930664063,129573.9398803711,192.379150390625,50,0,335872,33210380288,8589930496,2147184640,0
200,1737286983813,2100,1692,1413,1439,1939,1965,1341,1370,1445,1358,1456,1499,100,0.7352941036224365,0,0.7142857313156128,0,0,0.7142857313156128,0,0,0.7092198133468628,0.7142857313156128,0.7142857313156128,0,67409.43463134766,129574.54315185547,192.379150390625,50,0,335872,33210380288,8589930496,2196729856,0
200,1737286984014,2099,2056,1414,1341,1952,1921,1499,1415,1353,1475,1365,1367,100,0,1.6393442153930664,1.6393442153930664,1.6666667461395264,1.6393442153930664,0,0,1.6666667461395264,0,0,0,0,67410.83306884766,129575.15856933594,192.379150390625,100.84033203125,0,335872,33210380288,8589930496,2246275072,0
200,1737286984214,2100,1923,400,400,2099,400,400,1500,1499,1499,1500,400,100,0,1.6393442153930664,1.6393442153930664,1.6666667461395264,1.6393442153930664,0,0,1.6666667461395264,0,0,0,0,67412.3872680664,129575.82250976563,192.379150390625,47.69874572753906,0,335872,33210380288,8589930496,2254532608,0
200,1737286984414,2100,1803,1416,1407,1882,1575,1334,1396,1418,1440,1301,1360,100,0,1.6393442153930664,1.6393442153930664,1.6666667461395264,1.6393442153930664,0,0,1.6666667461395264,0,0,0,0,67413.95788574219,129576.48052978516,192.379150390625,50.209205627441406,0,335872,33210380288,8589930496,2254532608,0
200,1737286984614,2100,2099,1500,1452,2100,2099,400,1500,1500,1308,1070,1499,100,0,1.6393442153930664,1.6393442153930664,1.6666667461395264,1.6393442153930664,0,0,1.6666667461395264,0,0,0,0,67415.5146484375,129577.111328125,192.379150390625,50,0,335872,33210380288,8589930496,2215362560,0
199,1737286984814,2100,2099,1484,1438,1732,1781,1436,1263,1225,1475,1479,1458,100,0,1.6393442153930664,1.6393442153930664,1.6666667461395264,1.6393442153930664,0,0,1.6666667461395264,0,0,0,0,67416.978515625,129577.73565673828,192.379150390625,105.4393310546875,0,335872,33210380288,8589930496,2114596864,0
200,1737286985014,2100,2100,1389,1266,1989,1938,1422,1444,1499,1499,559,1280,100,1.6949152946472168,0.8333333730697632,0,0,0,0,1.6528924703598022,0.8264462351799011,0.8264462351799011,0.8333333730697632,0.8333333730697632,0,67418.3705444336,129578.3466796875,192.379150390625,100.41841125488281,0,335872,33210380288,8589930496,2114596864,0
200,1737286985215,2100,2100,1275,1211,1835,400,1382,400,1297,1386,1229,1170,100,0,0,0,0,0,0,0,0,5,0,0,0,67419.74591064453,129578.89666748047,192.379150390625,100,0,335872,33210380288,8589930496,2114596864,0
200,1737286985415,2099,2007,1480,1225,400,400,1325,400,1042,748,400,1347,100,0,0,0,4.761904716491699,0,0,0,0,0,0,0,0,67421.16009521484,129579.302734375,192.379150390625,100.41841125488281,0,335872,33210380288,8589930496,2114478080,0
200,1737286985615,2100,2100,1461,1459,1869,1841,1461,1483,1427,1481,1485,1500,100,0,0,0,0,0,4.761904716491699,0,0,0,0,4.761904716491699,0,67422.69140625,129579.78491210938,192.379150390625,100.41841125488281,0,335872,33210380288,8589930496,2114478080,0
199,1737286985815,2100,1314,400,1325,1722,1703,400,982,400,400,1371,400,100,0,0,0,0,0,4.761904716491699,0,0,0,0,4.761904716491699,0,67424.39416503906,129580.38317871094,192.379150390625,99.58505249023438,0,335872,33210380288,8589930496,2114478080,0
200,1737286986015,2100,2017,1499,1500,1973,2100,1499,1500,1499,1499,1500,1442,100,0,0,0,0,0,4.761904716491699,0,0,0,0,4.761904716491699,0,67426.05352783203,129580.9468383789,192.379150390625,50.209205627441406,0,335872,33210380288,8589930496,2114478080,0
200,1737286986215,2100,2038,1423,1442,1265,1966,1391,1455,1434,1454,1500,1328,100,0,0,0,0,0,4.761904716491699,0,0,0,0,4.761904716491699,0,67427.71240234375,129581.52551269531,192.379150390625,100.41841125488281,0,335872,33210380288,8589930496,2114478080,0
200,1737286986416,2100,1803,1500,1395,1773,1955,1353,1342,1376,1337,1500,1296,100,0,0,0,0,0,4.761904716491699,0,0,0,0,4.761904716491699,0,67429.11450195313,129581.94128417969,192.379150390625,100.41841125488281,0,335872,33210380288,8589930496,2114478080,0
199,1737286986616,2100,1853,1425,1103,1772,1651,1225,1194,400,799,937,1309,100,0,1,0,1,1,0,0,0,0,1,0,0,67430.50018310547,129582.33575439453,192.379150390625,100.41841125488281,0,335872,33210380288,8589930496,2114478080,0
200,1737286986816,2100,2043,400,400,1760,1835,1270,964,1064,1178,1165,1220,100,0,0,0,0,0,4.761904716491699,0,4.761904716491699,0,0,0,0,67431.95483398438,129582.76055908203,192.379150390625,100,0,335872,33210380288,8589930496,2114478080,0
200,1737286987016,2100,1897,1464,400,1907,2100,1500,1481,1467,1499,1432,1483,100,0,0,4.761904716491699,0,4.761904716491699,0,0,0,0,0,0,0,67433.33178710938,129583.15557861328,192.379150390625,99.58505249023438,0,335872,33210380288,8589930496,2114478080,0
199,1737286987216,2099,1942,1457,1426,1929,2007,1499,1500,1409,1500,1385,1483,100,0,0,0,0,0,0,0,0,0,0,0,0,67434.708984375,129583.54815673828,192.379150390625,100,0,335872,33210380288,8589930496,2114478080,0
200,1737286987416,2099,2100,1499,1458,2100,1955,1500,1499,1500,1499,1458,1453,100,0,0,0,0,0,0,0,0,0,0,0,0,67436.08758544922,129584.11260986328,192.379150390625,100.41841125488281,0,335872,33210380288,8589930496,2114473984,0
200,1737286987616,2099,2025,1412,1474,1594,2100,1391,1383,1374,1368,1427,1488,100,0,0,0,0,0,0,0,0,0,0,0,0,67437.48065185547,129584.71984863281,192.379150390625,50.10437774658203,0,335872,33210380288,8589930496,2122473472,0
200,1737286987817,2100,1943,1388,1400,2100,1990,1377,1284,1359,1380,400,1399,100,0,0,0,0,0,0,0,0,0,0,0,0,67438.88110351563,129585.33880615234,192.379150390625,100.41841125488281,0,335872,33210380288,8589930496,2172018688,0
200,1737286988017,2100,1955,1424,1397,2100,2099,1499,1499,400,1470,400,1446,100,0,0,0,0,0,0,0,0,0,0,0,0,67440.28442382813,129585.9521484375,192.379150390625,100.41841125488281,0,335872,33210380288,8589930496,2221563904,0
199,1737286988217,2100,1932,1499,1442,2038,2099,1500,1452,1482,1479,1401,1413,100,0,0,0,0,0,0,0,0,0,0,0,0,67441.68115234375,129586.39068603516,192.379150390625,100,0,335872,33210380288,8589930496,2238078976,0
200,1737286988417,2099,2018,1417,1438,1971,2100,1423,1465,1430,1433,1377,1441,100,0,0,0,0,0,0,0,0,0,0,0,0,67443.103515625,129586.8139038086,192.379150390625,100,0,335872,33210380288,8589930496,2238078976,0
200,1737286988617,2099,1565,1499,1413,1442,2002,1437,1387,1422,1376,1482,1463,100,0,0,0,0,0,0,0,0,0,0,0,0,67444.67224121094,129587.31750488281,192.379150390625,100.41841125488281,0,335872,33210380288,8589930496,2238078976,0
200,1737286988817,2100,2025,1245,1133,1490,1440,1403,1277,1424,1219,1470,400,100,0,0,0,0,0,0,0,0,0,0,0,0,67446.38745117188,129587.92321777344,192.379150390625,100.84033203125,0,335872,33210380288,8589930496,2238078976,0
200,1737286989018,2100,1965,1449,1423,2099,1850,1455,1444,1313,1398,1243,1356,100,0,0,0,0,0,0,0,0,0,0,0,0,67448.0087890625,129588.47784423828,192.379150390625,100.84033203125,0,335872,33210380288,8589930496,2238078976,0
200,1737286989218,2100,1872,400,400,400,980,400,1448,1341,1418,400,400,100,0,0,0,0,0,0,0,0,0,0,0,0,67449.70776367188,129589.07550048828,192.379150390625,100,0,335872,33210380288,8589930496,2238078976,0
200,1737286989418,2100,1910,1499,1449,2100,1891,1370,1499,1464,1500,400,1462,100,0,4.761904716491699,0,0,4.761904716491699,4.761904716491699,0,0,0,0,0,0,67451.25,129589.57684326172,192.379150390625,100.41841125488281,0,335872,33210380288,8589930496,2238078976,0
200,1737286989618,2100,1946,1391,1499,1882,1923,1469,1500,1499,1446,783,1480,100,0,4.761904716491699,0,0,4.761904716491699,4.761904716491699,0,0,0,0,0,0,67452.69055175781,129590.01843261719,192.379150390625,99.58505249023438,0,335872,33210380288,8589930496,2238078976,0
200,1737286989818,2100,1778,1400,1102,1376,1739,1472,1500,1500,1471,1345,1423,100,0,0,0,0,0,0,0,0,0,0,0,0,67454.0542602539,129590.39904785156,192.379150390625,100,0,335872,33210380288,8589930496,2238078976,0
200,1737286990019,2100,2100,400,1213,2100,1903,400,400,1343,1425,768,400,100,5,0,0,0,0,0,0,5,0,0,0,0,67455.47253417969,129590.81323242188,192.379150390625,100.84033203125,0,335872,33210380288,8589930496,2238078976,0
200,1737286990219,2100,1307,1289,1224,1212,1940,1417,1443,1422,1451,1133,1045,100,5,0,0,0,0,0,0,5,0,0,0,0,67456.93579101563,129591.24841308594,192.379150390625,99.58505249023438,0,335872,33210380288,8589930496,2238078976,0
200,1737286990419,2100,1940,1479,1422,1955,1937,1335,1419,1400,1416,1499,1467,100,0,0,0,0,4.761904716491699,0,5,0,4.761904716491699,4.761904716491699,0,0,67458.30407714844,129591.63568115234,192.379150390625,100,0,335872,33210380288,8589930496,2238078976,0
200,1737286990619,2100,1962,1372,1378,1704,2100,1400,1429,1394,1400,400,838,100,0,0,0,4.761904716491699,0,0,0,0,0,0,0,0,67459.6664428711,129592.0209350586,192.379150390625,104.99999237060547,0,335872,33210380288,8589930496,2238078976,0
200,1737286990819,2099,1848,1475,1474,1905,2077,1364,1331,1309,1375,1445,1419,100,0,4.761904716491699,0,0,0,0,0,0,0,0,0,0,67461.06079101563,129592.51574707031,192.379150390625,95.39749145507813,0,335872,33210380288,8589930496,2254594048,0
200,1737286991020,2100,1821,1379,1409,1899,1890,1438,1474,1472,1478,1310,1360,100,0,4.761904716491699,0,0,0,0,0,0,0,0,0,0,67462.63842773438,129593.1953125,192.379150390625,100,0,335872,33210380288,8589930496,2254594048,0
200,1737286991220,2100,1713,1452,1500,1956,1839,1432,1365,1384,1401,1480,1500,100,0,0,0,0,0,0,0,0,0,0,0,0,67464.19342041016,129593.84631347656,192.379150390625,100.41841125488281,0,335872,33210380288,8589930496,2254594048,0
200,1737286991420,2099,1887,1435,1472,1824,1765,1333,1317,1312,1315,1360,1484,100,0,0,0,0,0,0,0,0,0,0,0,0,67465.73565673828,129594.47369384766,192.379150390625,50.31446838378906,0,335872,33210380288,8589930496,2090721280,0
200,1737286991620,2100,1879,1428,1499,2100,2100,1485,1500,400,1459,400,1443,100,0,0,0,0,0,0,0,0,0,0,0,0,67467.14587402344,129595.09552001953,192.379150390625,100,0,335872,33210380288,8589930496,2081452032,0
200,1737286991820,2099,1890,1350,1461,1840,1979,1500,1500,1491,1481,1280,1417,100,0,0,0,0,0,0,0,0,0,0,0,0,67468.53515625,129595.70477294922,192.379150390625,100.41841125488281,0,335872,33210380288,8589930496,2081452032,0
200,1737286992020,2099,2027,400,1417,2100,1864,1464,1444,1459,1445,1400,1354,100,0,0,0,0,0,0,0,0,0,0,0,0,67469.92767333984,129596.31805419922,192.379150390625,100.84033203125,0,335872,33210380288,8589930496,2081452032,0
200,1737286992220,2100,2100,1463,1471,1957,1988,1480,1432,1409,1450,1397,1400,100,0,0,0.8264462351799011,0.8333333730697632,0.8333333730697632,0.8333333730697632,0.8333333730697632,0.8333333730697632,0.8333333730697632,0,0,0,67471.32037353516,129596.93035888672,192.379150390625,100.84033203125,0,335872,33210380288,8589930496,2114060288,0
200,1737286992421,2099,2100,400,400,1882,1621,1414,1499,1428,1371,681,400,100,0,0,0,0,0,0,0,0,0,0,0,0,67472.70532226563,129597.48443603516,192.379150390625,100,0,335872,33210380288,8589930496,2147090432,0
200,1737286992621,2100,1464,1380,1499,1914,1664,1417,1358,1299,1220,1409,1349,100,0,0,0,0,0,0,0,0,0,0,0,0,67474.11975097656,129597.89514160156,192.379150390625,101.26582336425781,0,335872,33210380288,8589930496,2147090432,0
200,1737286992821,2100,2100,1470,1465,2099,2100,400,1499,1398,400,1420,1477,100,4.761904716491699,0,0,4.761904716491699,0,0,0,0,0,0,0,0,67475.59057617188,129598.35369873047,192.379150390625,99.58505249023438,0,335872,33210380288,8589930496,2147090432,0
200,1737286993021,2100,2100,1423,1472,2100,1839,1500,1500,1499,1499,1370,1316,100,0,0,0,0,0,0,0,0,0,0,0,0,67477.27728271484,129598.9340209961,192.379150390625,99.58505249023438,0,335872,33210380288,8589930496,2147090432,0
199,1737286993221,2099,1979,1344,1300,1956,1536,1461,1477,1470,1499,1309,1398,100,0,0,0,0,0,0,0,4.761904716491699,0,0,0,0,67478.92071533203,129599.51251220703,192.379150390625,100.41841125488281,0,335872,33210380288,8589930496,2147090432,0
200,1737286993422,2100,1826,1366,1022,400,400,1450,1418,1466,1469,400,1276,100,0,0,0,0,0,0,0,0,4.761904716491699,4.761904716491699,0,0,67480.60906982422,129600.10461425781,192.379150390625,100.41841125488281,0,335872,33210380288,8589930496,2147090432,0
200,1737286993622,2100,1861,1500,1164,1884,1960,1308,1240,1389,1396,1220,1303,100,0,0,0,0,0,0,0,0,4.761904716491699,4.761904716491699,0,0,67482.15594482422,129600.61755371094,192.379150390625,100,0,335872,33210380288,8589930496,2147090432,0
200,1737286993822,2100,2100,1472,400,1781,2099,1485,1500,1422,1499,400,1470,100,0,0,0,0,0,0,0,0,4.761904716491699,4.761904716491699,0,0,67483.52185058594,129601.00549316406,192.379150390625,50.209205627441406,0,335872,33210380288,8589930496,2147090432,0
200,1737286994022,2100,1837,1475,1429,2100,1923,1393,1358,1372,1379,1500,1445,100,0,0,0,0,0,0,0,0,4.761904716491699,4.761904716491699,0,0,67484.89569091797,129601.39953613281,192.379150390625,100.41841125488281,0,335872,33210380288,8589930496,2147090432,0
200,1737286994222,2100,1632,400,1158,400,400,400,866,400,400,400,1288,100,0,0,0,0,0,0,0,0,4.761904716491699,4.761904716491699,0,0,67486.3529663086,129601.83111572266,192.379150390625,100.41841125488281,0,335872,33210380288,8589930496,2147090432,0
200,1737286994422,2099,2001,1499,1478,2099,2100,1499,1479,1477,1471,1428,1499,100,0,0,0,0,0,0,0,0,0,0,0,0,67487.7592163086,129602.24346923828,192.379150390625,100.41841125488281,0,335872,33210380288,8589930496,2147090432,0
200,1737286994622,2100,1901,400,400,1822,1189,1331,1334,1393,1368,1163,1104,100,0,0,0,0,0,0,0,0,0,0,0,0,67489.11328125,129602.62243652344,192.379150390625,100.41841125488281,0,335872,33210380288,8589930496,2147090432,0
200,1737286994823,2100,1940,1393,1216,400,1060,1450,1338,1470,1443,1007,1243,100,0,0,0,0,0,0,0,0,0,0,0,0,67490.47204589844,129603.08666992188,192.379150390625,104.99999237060547,0,335872,33210380288,8589930496,2163605504,0
200,1737286995023,2100,1794,1359,1371,1872,1838,1366,1309,1366,1345,400,1353,100,0,0,0,0,0,0,0,4.761904716491699,0,0,4.761904716491699,0,67491.86010742188,129603.69799804688,192.379150390625,95,0,335872,33210380288,8589930496,2221408256,0
200,1737286995223,2099,2043,1366,1464,1847,1948,1401,1453,1325,1452,400,1441,100,0,0,0,4.761904716491699,0,0,0,0,0,0,0,0,67493.30554199219,129604.3316040039,192.379150390625,105.4393310546875,0,335872,33210380288,8589930496,2262695936,0
200,1737286995423,2100,1900,1416,1412,1883,1638,1389,1295,1402,1411,937,1385,100,0,0,0,0,0,4.761904716491699,4.761904716491699,0,0,0,0,0,67494.8876953125,129605.00701904297,192.379150390625,100,0,335872,33210380288,8589930496,2262695936,0
200,1737286995623,2100,1931,1483,1469,2100,1970,1477,1500,1457,1477,1499,1480,100,0,4.761904716491699,4.761904716491699,0,0,0,0,0,0,0,0,0,67496.45697021484,129605.66241455078,192.379150390625,95,0,335872,33210380288,8589930496,2262695936,0
200,1737286995823,2099,2100,1476,1477,1921,1950,1457,1369,1473,1477,1432,1414,100,5,0,0,0,0,0,0,0,0,0,0,0,67497.9859008789,129606.28924560547,192.379150390625,105.4393310546875,0,335872,33210380288,8589930496,2152660992,0
200,1737286996023,2099,2099,400,1475,1835,1987,1429,1481,1500,1467,400,1394,100,0,0,0,4.761904716491699,0,4.761904716491699,0,0,0,0,0,0,67499.37365722656,129606.89807128906,192.379150390625,95.39749145507813,0,335872,33210380288,8589930496,2152660992,0
200,1737286996224,2099,1987,1443,1453,1937,2100,1479,1443,1426,1500,1374,1428,100,0,0,0,0,4.761904716491699,0,0,0,0,0,0,0,67500.76806640625,129607.50469970703,192.379150390625,100.84033203125,0,335872,33210380288,8589930496,2152660992,0
200,1737286996424,2100,2100,1441,1460,2035,1696,1480,1456,1499,1500,400,1426,100,0,0,0,0,0,0,0,0,9.090909004211426,0,0,0,67502.13763427734,129607.9814453125,192.379150390625,104.99999237060547,0,335872,33210380288,8589930496,2152390656,0
200,1737286996624,2063,1978,1439,1440,1818,1935,1500,1484,1455,1475,1368,1362,100,0,0,0,0,0,0,0,0,9.090909004211426,0,0,0,67503.5443725586,129608.38983154297,192.379150390625,100.41841125488281,0,335872,33210380288,8589930496,2152390656,0
200,1737286996824,2100,1582,1412,1324,1925,1838,1500,1499,1499,1500,1279,1348,100,0,4.761904716491699,0,0,0,0,4.761904716491699,0,0,0,0,0,67505.17468261719,129608.92889404297,192.379150390625,100.41841125488281,0,335872,33210380288,8589930496,2152390656,0
200,1737286997024,2100,1995,1227,919,1827,1620,1365,1262,1376,1391,400,1134,100,0,0,0,0,0,0,0,0,0,0,4.761904716491699,0,67506.841796875,129609.51873779297,192.379150390625,100,0,335872,33210380288,8589930496,2152390656,0
200,1737286997225,2099,2100,1442,1500,1868,1452,1262,1215,1193,1109,1397,1433,100,0,0,0,0,0,0,0,0,0,0,0,0,67508.54510498047,129610.10150146484,192.379150390625,100.84033203125,0,335872,33210380288,8589930496,2152390656,0
200,1737286997425,2100,550,400,400,1741,1782,1386,1347,1338,1389,400,400,100,4.761904716491699,0,0,0,0,0,0,5,0,0,0,0,67510.10546875,129610.63067626953,192.379150390625,100,0,335872,33210380288,8589930496,2152390656,0
200,1737286997625,2100,1677,1473,1470,1537,2100,1463,1472,1482,1402,1387,1370,100,0,0,0,4.761904716491699,0,0,0,0,0,0,0,0,67511.4931640625,129611.0263671875,192.379150390625,100.41841125488281,0,335872,33210380288,8589930496,2152390656,0
199,1737286997825,2100,1878,1500,1500,1858,1979,1472,1361,1499,1441,1349,1333,100,0,0,0,0,0,0,0,4.761904716491699,0,0,0,0,67512.8822631836,129611.42626953125,192.379150390625,99.58505249023438,0,335872,33210380288,8589930496,2152390656,0
200,1737286998025,2100,1994,1344,1318,1765,1970,1474,1366,1466,1499,1412,1439,100,0,0,0,0,0,0,0,4.761904716491699,0,0,0,0,67514.36315917969,129611.87133789063,192.379150390625,100,0,335872,33210380288,8589930496,2152390656,0
200,1737286998225,2100,1992,1303,1241,1788,2050,1348,1306,1370,1350,1224,1221,100,0,0,0,0,0,0,0,0,0,0,0,0,67515.69464111328,129612.24206542969,192.379150390625,100.84033203125,0,335872,33210380288,8589930496,2152390656,0
200,1737286998426,2099,1995,1406,1452,1457,784,1430,1499,1457,1419,1324,1408,100,0,0,0,0,0,0,0,0,0,0,0,0,67517.06604003906,129612.67663574219,192.379150390625,50.209205627441406,0,335872,33210380288,8589930496,2152390656,0
200,1737286998626,2100,887,868,900,1613,1518,1320,1267,1351,1046,645,400,100,0,0,0,0,0,0,0,0,0,0,0,0,67518.4555053711,129613.2880859375,192.379150390625,100,0,335872,33210380288,8589930496,2152390656,0
199,1737286998826,2100,1953,1372,1324,1731,2100,1453,1385,1416,1479,1247,400,100,0,0,0,0,0,0,0,0,0,0,0,0,67519.84191894531,129613.89471435547,192.379150390625,100.41841125488281,0,335872,33210380288,8589930496,2152390656,0
200,1737286999026,2099,1779,1175,1130,400,1811,1235,1268,400,1098,400,1346,100,0,0,0,0,0,0,0,0,0,0,0,0,67521.22827148438,129614.50372314453,192.379150390625,100.41841125488281,0,335872,33210380288,8589930496,2201677824,0
200,1737286999226,2100,2041,1465,1449,1963,2100,1469,1445,1500,1451,400,1329,100,0,0,0,0,0,0,0,0,0,0,0,0,67522.62255859375,129615.08709716797,192.379150390625,50,0,335872,33210380288,8589930496,2242965504,0
200,1737286999426,2100,1629,400,400,1947,400,1059,1173,1071,1095,1392,400,100,0,0,0,0,0,0,0,0,0,0,0,0,67524.01867675781,129615.49133300781,192.379150390625,100.41841125488281,0,335872,33210380288,8589930496,2242965504,0
200,1737286999627,2100,1649,1482,1470,1730,1999,1499,1500,1500,1500,1476,1500,100,0,0,0,0,0,0,0,0,0,0,0,0,67525.44158935547,129615.92163085938,192.379150390625,99.58505249023438,0,335872,33210380288,8589930496,2242965504,0
200,1737286999827,2100,1958,1435,1409,1830,2100,400,1500,980,400,1439,1500,100,0,0,0,0,0,0,0,0,0,0,0,0,67527.08642578125,129616.46649169922,192.379150390625,99.58505249023438,0,335872,33210380288,8589930496,2242965504,0
200,1737287000027,2100,2100,1470,1461,1944,1842,1499,1475,1471,1483,1355,1471,100,0,0,5,0,0,0,0,0,0,0,0,0,67528.7767944336,129617.07940673828,192.379150390625,100.84033203125,0,335872,33210380288,8589930496,2242965504,0
200,1737287000227,2100,2100,1403,1398,1969,1795,1444,1485,1454,1444,1335,1354,100,0,0,0,0,4.761904716491699,0,0,0,0,0,0,0,67530.44891357422,129617.6508178711,192.379150390625,100,0,335872,33210380288,8589930496,2242965504,0
200,1737287000427,2100,1992,1273,1120,1899,1940,1413,1457,1356,1421,1386,1290,100,0,0,0,0,0,0,0,0,4.761904716491699,0,0,0,67532.01824951172,129618.17724609375,192.379150390625,100.41841125488281,0,335872,33210380288,8589930496,2242965504,0
200,1737287000628,2100,2100,910,1425,1986,1926,1436,1407,1419,1449,1408,1077,100,0,0,0,0,0,0,0,0,4.761904716491699,0,0,0,67533.64044189453,129618.73419189453,192.379150390625,100,0,335872,33210380288,8589930496,2242965504,0
200,1737287000828,2100,2031,1357,1418,1904,1101,1499,1500,1500,1499,400,1475,100,0,0,0,0,0,0,0,0,4.761904716491699,0,0,0,67535.00256347656,129619.1226196289,192.379150390625,50.31446838378906,0,335872,33210380288,8589930496,2242965504,0
200,1737287001028,2100,2005,1500,1468,1938,2100,1394,1356,1400,1353,1436,400,100,0,0,0,0,0,0,0,0,4.761904716491699,0,0,0,67536.3828125,129619.51690673828,192.38018798828125,100.84033203125,0,335872,33210380288,8589930496,2242965504,0
199,1737287001228,2100,2099,1499,1429,1954,2100,1445,1500,1481,1431,1499,1499,100,0,0,0,0,0,0,0,0,4.761904716491699,0,0,0,67537.83172607422,129619.94451904297,192.38018798828125,100,0,335872,33210380288,8589930496,2242965504,0
199,1737287001428,2100,1849,1297,1367,1734,1706,1500,1500,1500,1499,1267,1345,100,0,0,0,0,0,0,0,0,4.761904716491699,0,0,0,67539.29248046875,129620.3814086914,192.38018798828125,100,0,335872,33210380288,8589930496,2242965504,0
200,1737287001628,2100,2003,1434,1413,2009,2072,1391,1368,1375,1357,1343,1419,100,0,0,0,0,0,0,0,0,4.761904716491699,0,0,0,67540.64044189453,129620.76007080078,192.38018798828125,100,0,335872,33210380288,8589930496,2242965504,0
200,1737287001828,2100,2016,1346,1174,1844,1954,1370,1147,1192,1224,1251,1342,100,1.6949152946472168,0.8333333730697632,0,0.8333333730697632,0.8333333730697632,0,0,0,0,0.8264462351799011,0.8333333730697632,0,67541.98449707031,129621.13555908203,192.38018798828125,100.41841125488281,0,335872,33210380288,8589930496,2242965504,0
200,1737287002029,2100,2039,400,400,400,400,1398,1451,1386,1460,902,400,100,0,0,0,0,0,0,0,0,0,0,0,0,67543.49658203125,129621.74719238281,192.38018798828125,100.84033203125,0,335872,33210380288,8589930496,2259480576,0
200,1737287002229,2100,2040,1500,1460,1941,1885,1407,1408,1427,1433,400,1317,100,0,0,0,0,0,0,0,0,0,0,0,0,67545.06036376953,129622.404296875,192.38018798828125,100,0,335872,33210380288,8589930496,2259480576,0
200,1737287002429,2100,1394,1270,1489,1781,1822,1141,940,1172,1500,1500,1350,100,0,0,0,0,0,0,0,0,0,0,0,0,67546.63299560547,129623.05847167969,192.38018798828125,50.209205627441406,0,335872,33210380288,8589930496,2259480576,0
200,1737287002629,2100,2100,1500,1500,2100,2100,1500,1401,1404,1405,1032,1500,100,0,0,0,0,0,0,0,0,0,0,0,0,67548.13092041016,129623.681640625,192.38018798828125,100.84033203125,0,335872,33210380288,8589930496,2072301568,0
200,1737287002829,2100,2001,1499,1500,2100,2100,1500,1371,1418,1500,739,1499,100,0,0,0,0,0,0,0,0,0,0,0,0,67549.53192138672,129624.29473876953,192.38018798828125,100,0,335872,33210380288,8589930496,2072301568,0
200,1737287003029,2100,786,1454,1456,1977,1933,1415,1467,1441,1405,400,1450,100,0,0,0,0,0,0,0,0,0,0,0,0,67550.9248046875,129624.90362548828,192.38018798828125,100.41841125488281,0,335872,33210380288,8589930496,2072301568,0
200,1737287003230,2099,2032,1470,1461,1846,1876,1393,1398,1364,1404,1499,1456,100,0,0,0,0,0,0,0,0,0,0,0,0,67552.31646728516,129625.51135253906,192.38018798828125,100.41841125488281,0,335872,33210380288,8589930496,2088419328,0
200,1737287003430,2100,1777,1413,1254,400,1873,1067,1106,400,400,1184,400,100,0,0,0,0,0,0,0,0,0,0,0,0,67553.72009277344,129626.13079833984,192.38018798828125,100,0,335872,33210380288,8589930496,2137964544,0
200,1737287003630,2100,1611,1422,1350,1886,1782,1416,1337,1422,1406,1082,1338,100,0,0,0,0,0,0,0,0,0,0,0,0,67555.09252929688,129626.6137084961,192.38018798828125,100,0,335872,33210380288,8589930496,2154479616,0
200,1737287003830,2100,1722,1500,1500,2100,1809,1499,1474,1462,1483,1377,1499,100,0,0,0,0,0,0,0,0,4.761904716491699,0,0,0,67556.51629638672,129627.02697753906,192.38018798828125,100,0,335872,33210380288,8589930496,2154479616,0
200,1737287004030,2099,1317,1281,1420,1947,1748,1414,1361,1381,1438,1401,400,100,0,0,0,0,4.761904716491699,0,0,0,0,4.761904716491699,0,0,67558.0708618164,129627.52514648438,192.38018798828125,100,0,335872,33210380288,8589930496,2154479616,0
200,1737287004231,2100,1995,1421,1160,2100,1933,1443,1459,1457,1466,1446,1249,100,0,0,0,0,0,0,0,0,0,0,0,0,67559.7724609375,129628.13903808594,192.38018798828125,100.41841125488281,0,335872,33210380288,8589930496,2154479616,0
199,1737287004431,2100,1969,1478,1500,2100,1724,1499,1500,1499,1476,1453,1500,100,0,0,0,0,0,0,0,0,0,0,0,0,67561.43865966797,129628.7026977539,192.38018798828125,100.41841125488281,0,335872,33210380288,8589930496,2154479616,0
200,1737287004631,2100,2013,400,400,1958,793,1425,1344,1333,1431,400,400,100,0,0,0,0,0,0,0,0,0,0,0,0,67563.05493164063,129629.25427246094,192.38018798828125,100.41841125488281,0,335872,33210380288,8589930496,2154479616,0
200,1737287004831,2100,1928,1456,1420,2100,2100,1500,1499,1482,1500,1386,1425,100,0,0,0,0,0,0,0,0,0,0,0,0,67564.5863647461,129629.75457763672,192.38018798828125,100,0,335872,33210380288,8589930496,2154479616,0
200,1737287005031,2100,1011,400,400,1499,1833,400,400,400,400,804,400,100,0,0,0,0,0,0,0,0,0,0,0,0,67565.97735595703,129630.15100097656,192.38018798828125,100,0,335872,33210380288,8589930496,2154479616,0
200,1737287005231,2100,2003,1370,1450,1943,1928,1500,1461,1406,1473,1038,1375,100,0,0,0,0,0,0,0,0,0,0,0,0,67567.35650634766,129630.54504394531,192.38018798828125,50.10437774658203,0,335872,33210380288,8589930496,2154479616,0
200,1737287005431,2100,544,400,1142,1572,400,400,1500,1461,1393,1342,1060,100,0,0,0,0,0,0,0,0,0,0,0,0,67568.84381103516,129630.99243164063,192.38018798828125,100,0,335872,33210380288,8589930496,2154475520,0
199,1737287005632,2100,1832,1482,1472,1805,2032,1500,1499,1377,1499,1499,1426,100,0,0,0,0,0,0,0,0,0,0,0,0,67570.21044921875,129631.38067626953,192.38018798828125,100.84033203125,0,335872,33210380288,8589930496,2154475520,0
200,1737287005832,2099,537,1328,1076,2027,400,1428,1380,400,1423,400,1258,100,0,0,1,1.9801980257034302,1,1,0.9900990128517151,0,0,0,0.9900990128517151,0,67571.57666015625,129631.76489257813,192.38018798828125,100.84033203125,0,335872,33210380288,8589930496,2154475520,0
200,1737287006032,2100,2017,1452,1454,2099,2100,1500,1499,1499,1500,400,1320,100,0,0,4.761904716491699,0,0,5,0,0,4.761904716491699,0,0,0,67572.96295166016,129632.29193115234,192.38018798828125,100,0,335872,33210380288,8589930496,2187247616,0
200,1737287006232,2100,1978,1500,1470,1973,2100,1429,1398,1410,400,1500,1500,100,5,0,0,0,0,0,0,0,0,0,0,0,67574.3656616211,129632.90600585938,192.38018798828125,100.41841125488281,0,335872,33210380288,8589930496,2236792832,0
200,1737287006432,2100,2100,1479,1471,2100,2100,1466,1500,1482,1441,438,1423,100,5,0,0,0,0,0,0,0,0,0,0,0,67575.8745727539,129633.55822753906,192.38018798828125,100.84033203125,0,335872,33210380288,8589930496,2253307904,0
200,1737287006633,2100,1804,1403,1407,1838,1924,1432,1500,1433,1427,400,1272,100,5,0,0,0,0,0,0,0,0,0,0,0,67577.45092773438,129634.22357177734,192.38018798828125,100,0,335872,33210380288,8589930496,2253307904,0
200,1737287006833,2099,2100,1479,1423,1863,1942,1428,1418,1437,1385,1299,1475,100,5,0,0,0,0,0,0,0,0,0,0,0,67579.01397705078,129634.86669921875,192.38018798828125,50.10437774658203,0,335872,33210380288,8589930496,2253307904,0
200,1737287007033,2100,1957,1307,1442,1865,1955,1461,1464,1465,1378,400,400,100,5,0,0,0,0,0,0,0,0,0,0,0,67580.51428222656,129635.49523925781,192.38018798828125,105.8823471069336,0,335872,33210380288,8589930496,2144468992,0
200,1737287007233,2099,1472,1400,1211,1610,1453,1445,1094,1339,1322,1290,1322,100,5,0,0,0,0,0,0,0,0,0,0,0,67581.91723632813,129636.109375,192.38018798828125,100.41841125488281,0,335872,33210380288,8589930496,2144468992,0
200,1737287007433,2099,2100,1466,1407,2100,2099,1480,1483,1381,1500,1393,1389,100,5,0,0,0,0,0,0,0,0,0,0,0,67583.31188964844,129636.7222290039,192.38018798828125,94.21488189697266,0,335872,33210380288,8589930496,2144346112,0
200,1737287007633,2100,2030,1499,1476,1906,2100,1449,1442,1445,1424,1320,1389,100,5,0,0,0,0,0,0,0,0,0,0,0,67584.69213867188,129637.14129638672,192.38018798828125,99.1735610961914,0,335872,33210380288,8589930496,2144346112,0
200,1737287007834,2100,1997,1381,400,1932,1611,1406,1336,1389,1222,1240,1344,100,0,0,0,0,0,0,0,0,0,0,4.761904716491699,0,67586.15478515625,129637.58270263672,192.38018798828125,100.84033203125,0,335872,33210380288,8589930496,2144346112,0
199,1737287008034,2099,1942,1028,400,1978,400,1406,1404,1427,1350,400,400,100,0,0,0,4.761904716491699,0,0,0,0,0,0,0,0,67587.81872558594,129638.13635253906,192.38018798828125,100,0,335872,33210380288,8589930496,2144346112,0
200,1737287008234,2100,498,400,400,1779,1959,1460,1499,1436,1241,400,871,100,0,0,0,0,0,0,0,0,0,0,0,0,67589.48065185547,129638.72326660156,192.38018798828125,100.41841125488281,0,335872,33210380288,8589930496,2144346112,0
200,1737287008434,2100,1896,1361,1417,2100,1862,1276,1500,1467,1480,1339,1391,100,0,0,4.761904716491699,4.761904716491699,0,0,0,0,0,0,0,0,67591.21893310547,129639.33526611328,192.38018798828125,100.41841125488281,0,335872,33210380288,8589930496,2144346112,0
200,1737287008634,2100,1757,1499,1499,1976,2100,1377,1460,1442,1497,1434,1499,100,0,0,0,0,4.761904716491699,0,0,0,0,0,0,0,67592.68896484375,129639.7998046875,192.38018798828125,99.58505249023438,0,335872,33210380288,8589930496,2144346112,0
200,1737287008834,2100,2039,1454,1379,2100,1909,1462,1368,1495,1465,1431,1479,100,0,0,0,0,0,0,0,0,0,0,0,0,67594.07330322266,129640.19165039063,192.38018798828125,100,0,335872,33210380288,8589930496,2144346112,0
200,1737287009034,2100,2041,1315,1235,1985,1848,1409,1337,1353,1445,1285,1337,100,0,0,0,0,0,0,0,0,0,0,0,0,67595.48962402344,129640.60302734375,192.38018798828125,100.84033203125,0,335872,33210380288,8589930496,2144346112,0
200,1737287009235,2100,1926,1117,400,1960,1971,1334,1311,1372,1481,1160,400,100,0,0,0,0,4.761904716491699,5,4.761904716491699,0,0,0,0,0,67596.96032714844,129641.04357910156,192.38018798828125,100.41841125488281,0,335872,33210380288,8589930496,2144346112,0
199,1737287009435,2100,2100,1459,1458,2100,2100,1499,1484,1499,1500,1312,1469,100,5,0,0,0,0,0,0,0,0,0,0,0,67598.30072021484,129641.41418457031,192.38018798828125,100.41841125488281,0,335872,33210380288,8589930496,2144346112,0
200,1737287009635,2099,2007,400,400,1822,1527,1499,400,400,1381,400,400,100,5,0,0,0,0,0,0,0,0,0,0,0,67599.67083740234,129641.8900756836,192.38018798828125,100.41841125488281,0,335872,33210380288,8589930496,2144346112,0
200,1737287009835,2099,1861,1440,1071,1879,1598,1234,1123,1234,1248,400,400,100,0,0,0,0,0,0,0,0,4.761904716491699,0,0,0,67601.0746459961,129642.50323486328,192.38018798828125,100.41841125488281,0,335872,33210380288,8589930496,2144346112,0
200,1737287010035,2100,1887,1500,1446,1914,2099,1500,1483,1473,1482,1500,1499,100,0,0,0,0,0,0,0,0,4.761904716491699,0,0,0,67602.48260498047,129643.11358642578,192.38018798828125,52.60960388183594,0,335872,33210380288,8589930496,2168860672,0
200,1737287010235,2100,1864,1417,1385,2099,1942,1421,1373,1418,1453,1394,1408,100,0,0,0,0,0,0,0,0,4.761904716491699,0,0,0,67603.87615966797,129643.73065185547,192.38018798828125,95.39749145507813,0,335872,33210380288,8589930496,2218405888,0
200,1737287010436,2100,2040,1452,1446,1907,1819,1056,1435,1242,1192,1219,1391,100,0,0,0,0,0,0,0,0,4.761904716491699,0,0,0,67605.24768066406,129644.26037597656,192.38018798828125,105.4393310546875,0,335872,33210380288,8589930496,2251436032,0
200,1737287010636,2100,2014,1232,1360,1654,1492,1445,1372,1351,1382,400,1213,100,0,0,0,0,0,0,0,0,4.761904716491699,0,0,0,67606.67333984375,129644.67492675781,192.38018798828125,100.41841125488281,0,335872,33210380288,8589930496,2251436032,0
199,1737287010836,2100,2095,1489,1396,2077,2100,1486,1500,1500,1500,1373,1378,100,0,4.761904716491699,0,0,0,0,0,5,0,0,0,0,67608.10675048828,129645.10925292969,192.38018798828125,100,0,335872,33210380288,8589930496,2251436032,0
200,1737287011036,2100,2099,1458,1387,1926,2099,1396,1481,1483,1500,1444,1499,100,0,4.761904716491699,0,0,0,0,0,5,0,0,0,0,67609.78002929688,129645.67401123047,192.38018798828125,100,0,335872,33210380288,8589930496,2251436032,0
200,1737287011236,2100,2003,1402,1315,1988,1960,1499,1478,1445,1500,1370,1428,100,0,0,0,4.761904716491699,5,0,0,0,0,0,0,0,67611.45361328125,129646.27685546875,192.38018798828125,100,0,335872,33210380288,8589930496,2251436032,0
200,1737287011436,2100,2100,1422,1464,1972,2030,1500,1500,1500,1499,1338,1422,100,0,0,0,0,0,4.761904716491699,0,0,0,0,0,0,67613.15087890625,129646.85162353516,192.38018798828125,100.41841125488281,0,335872,33210380288,8589930496,2251436032,0
200,1737287011636,2100,1984,1408,1403,1938,1895,1367,1355,1395,1461,1183,1283,100,0,0,4.761904716491699,0,0,0,0,0,5,0,0,0,67614.68078613281,129647.3510131836,192.38018798828125,100,0,335872,33210380288,8589930496,2251436032,0
200,1737287011837,2099,506,1227,400,1321,1895,1134,1163,1212,1215,1323,967,100,0,0,0,0,0,0,0,0,0,4.761904716491699,0,0,67616.29113769531,129647.896484375,192.38018798828125,100.41841125488281,0,335872,33210380288,8589930496,2251436032,0
200,1737287012037,2100,1947,400,400,902,400,1406,1401,1425,1469,400,400,100,0,0,0,0,0,0,0,0,0,4.761904716491699,0,0,67617.66381835938,129648.28399658203,192.38018798828125,100.41841125488281,0,335872,33210380288,8589930496,2251436032,0
200,1737287012237,2100,1882,1482,1465,1888,2100,1413,1451,1465,1499,1011,1291,100,4.761904716491699,0,4.761904716491699,0,0,0,4.761904716491699,0,0,0,4.761904716491699,0,67619.04400634766,129648.6703491211,192.38018798828125,100.41841125488281,0,335872,33210380288,8589930496,2251436032,0
200,1737287012437,2100,2025,1461,1472,2008,1890,1475,1431,1499,1500,1271,1469,100,4.761904716491699,0,4.761904716491699,0,0,0,4.761904716491699,0,0,0,4.761904716491699,0,67620.49108886719,129649.10046386719,192.38018798828125,99.58505249023438,0,335872,33210380288,8589930496,2251431936,0
200,1737287012637,2100,1935,1448,1336,2006,1652,1318,1241,1318,1292,1477,1474,100,0,0,0,4.761904716491699,0,0,0,0,0,0,0,0,67621.96313476563,129649.54034423828,192.38018798828125,100.41841125488281,0,335872,33210380288,8589930496,2251431936,0
200,1737287012838,2100,1785,400,1064,1188,400,1464,1428,1440,400,400,400,100,0,0,0,0,0,0,0,0,0,0,0,0,67623.2919921875,129649.90692138672,192.38018798828125,100,0,335872,33210380288,8589930496,2251431936,0
199,1737287013038,2100,698,400,400,1648,400,1297,1367,1267,1417,1453,1297,100,0,0,0,0,0,0,0,0,5,4.761904716491699,0,0,67624.63946533203,129650.28125,192.38018798828125,100.84033203125,0,335872,33210380288,8589930496,2251431936,0
200,1737287013238,2100,2033,1499,1056,901,1573,1500,1433,1404,1377,1379,1074,100,0,0,0,0,0,0,0,0,5,4.761904716491699,0,0,67626.17095947266,129650.91967773438,192.38018798828125,100,0,335872,33210380288,8589930496,2259689472,0
200,1737287013438,2100,1886,1444,1414,1828,1886,1360,1253,1295,1365,1317,1443,100,0,0,0,0,4.761904716491699,0,0,0,0,0,0,0,67627.73046875,129651.57147216797,192.380859375,100,0,335872,33210380288,8589930496,2259689472,0
200,1737287013638,2100,2023,1357,1454,1882,1634,1310,1316,1358,1354,1400,400,100,0,0,0,0,4.761904716491699,0,0,0,0,0,0,0,67629.29571533203,129652.21771240234,192.380859375,50.10437774658203,0,335872,33210380288,8589930496,2216632320,0
200,1737287013838,2100,442,1318,400,1560,1793,400,400,400,1408,400,1288,100,0,0,0,0,4.761904716491699,0,0,0,0,0,0,0,67630.76196289063,129652.83715820313,192.380859375,100.41841125488281,0,335872,33210380288,8589930496,2074902528,0
200,1737287014038,2100,1896,1431,1476,1939,1607,1462,1465,1499,1455,1398,1415,100,0,0,0,0,4.761904716491699,0,0,0,0,0,0,0,67632.15447998047,129653.44842529297,192.380859375,95,0,335872,33210380288,8589930496,2074902528,0
200,1737287014239,2099,1966,1316,1351,1749,2100,1456,1466,1336,1463,1049,400,100,0,0,0,0,4.761904716491699,0,0,0,0,0,0,0,67633.54895019531,129654.0610961914,192.380859375,105.4393310546875,0,335872,33210380288,8589930496,2074902528,0
200,1737287014439,2099,2045,1449,1325,1916,1863,1441,1432,1457,1421,400,1422,100,0,0,0,0,4.761904716491699,0,0,0,0,0,0,0,67634.93872070313,129654.67095947266,192.380859375,100.41841125488281,0,335872,33210380288,8589930496,2091077632,0
200,1737287014639,2100,1924,1403,1444,1724,1820,1341,1307,1316,1281,1315,1331,100,0,0,0,0,4.761904716491699,0,0,0,0,0,0,0,67636.34399414063,129655.291015625,192.380859375,100.41841125488281,0,335872,33210380288,8589930496,2140364800,0
200,1737287014839,2100,1955,1443,1449,1834,2100,1365,1442,1497,1499,1487,1427,100,0,0,0,0,4.761904716491699,0,0,0,0,0,0,0,67637.71118164063,129655.75012207031,192.380859375,100.41841125488281,0,335872,33210380288,8589930496,2156879872,0
200,1737287015039,2100,2100,1476,1466,1956,2100,1500,1499,1500,1499,1487,1479,100,0,0,0,0,4.761904716491699,0,0,0,0,0,0,0,67639.13079833984,129656.16772460938,192.380859375,100.41841125488281,0,335872,33210380288,8589930496,2156879872,0
200,1737287015239,2100,2100,1213,1095,1371,2100,1223,1436,1432,1473,1139,924,100,0,4.761904716491699,0,5,0,5,0,0,0,0,0,0,67640.70672607422,129656.68273925781,192.380859375,100,0,335872,33210380288,8589930496,2156879872,0
200,1737287015440,2099,2002,1449,1430,2100,1904,1369,1494,1408,1468,1351,1499,100,0,0,4.761904716491699,0,0,0,4.761904716491699,0,0,0,0,0,67642.39910888672,129657.29815673828,192.380859375,100.41841125488281,0,335872,33210380288,8589930496,2156867584,0
200,1737287015640,2100,1080,1403,1251,400,400,1476,1454,1301,1454,1062,1361,100,0,0,0,0,0,0,0,0,0,0,0,0,67644.05169677734,129657.85290527344,192.380859375,100.41841125488281,0,335872,33210380288,8589930496,2156863488,0
199,1737287015840,2100,1811,1471,1433,2022,1838,1500,1499,1499,1476,1424,1480,100,0,0,0,0,0,4.761904716491699,4.761904716491699,0,0,0,4.761904716491699,0,67645.64324951172,129658.3896484375,192.380859375,100,0,335872,33210380288,8589930496,2156863488,0
200,1737287016040,2100,2100,1423,1357,2100,2100,1466,1499,1499,1479,1415,1379,100,0,0,0,0,0,4.761904716491699,4.761904716491699,0,0,0,4.761904716491699,0,67647.17059326172,129658.89263916016,192.380859375,99.58505249023438,0,335872,33210380288,8589930496,2156863488,0
200,1737287016240,2100,1786,1374,1338,2100,1929,1500,1404,1479,1475,400,1313,100,0,0,0,0,0,4.761904716491699,4.761904716491699,0,0,0,4.761904716491699,0,67648.55859375,129659.28912353516,192.380859375,50.209205627441406,0,335872,33210380288,8589930496,2156863488,0
200,1737287016440,2100,2100,1409,1419,1691,1806,1402,1455,1405,1406,400,1285,100,0,0,0,0,0,4.761904716491699,4.761904716491699,0,0,0,4.761904716491699,0,67649.93798828125,129659.6890258789,192.380859375,50.209205627441406,0,335872,33210380288,8589930496,2156863488,0
200,1737287016640,2100,1802,1231,1176,400,2001,1299,400,400,1391,1178,1285,100,0,0,0,0,0,0,0,0,0,0,0,0,67651.41296386719,129660.13366699219,192.380859375,100,0,335872,33210380288,8589930496,2156863488,0
200,1737287016841,2100,2008,1410,1473,2100,2024,1499,1500,1424,1500,1149,1479,100,0,0,0,0,0,0,0,0,4.761904716491699,0,0,0,67652.77655029297,129660.5239868164,192.380859375,100.84033203125,0,335872,33210380288,8589930496,2156863488,0
200,1737287017041,2100,2100,1500,1499,1940,1894,1473,1365,1500,1500,1478,400,100,0,0,0,0,0,0,0,0,4.761904716491699,0,0,0,67654.1284790039,129660.8989868164,192.380859375,100.41841125488281,0,335872,33210380288,8589930496,2156863488,0
200,1737287017241,2100,2100,1500,1473,2100,2100,1499,1500,1499,1499,1500,1499,100,0,0,0,0,0,0,0,0,0,0,0,0,67655.51141357422,129661.42950439453,192.380859375,100,0,335872,33210380288,8589930496,2189893632,0
200,1737287017441,2100,400,816,1083,1641,400,400,400,400,400,649,1013,100,0,0,0,0,0,0,0,0,0,0,0,0,67656.8959350586,129662.03564453125,192.380859375,100,0,335872,33210380288,8589930496,2239438848,0
200,1737287017641,2100,1812,1295,1400,1745,1989,1472,1477,1500,1475,1391,1323,100,0,0,0,0,0,0,0,0,0,0,0,0,67658.41577148438,129662.6879272461,192.380859375,50,0,335872,33210380288,8589930496,2255953920,0
200,1737287017842,2100,1826,1437,1499,1705,1933,400,1371,1402,1470,1469,1450,100,0,0,0,0,0,0,0,0,0,0,0,0,67659.98236083984,129663.34875488281,192.380859375,100.41841125488281,0,335872,33210380288,8589930496,2255953920,0
200,1737287018042,2100,1924,1459,1396,1955,1956,1464,1375,1380,1354,400,1413,100,0,0,0,0,0,0,0,0,0,0,0,0,67661.54028320313,129663.99005126953,192.380859375,100.41841125488281,0,335872,33210380288,8589930496,2255953920,0
200,1737287018242,2100,2100,1499,1475,1895,1915,1477,1425,1423,400,1500,1452,100,0,0,0,0,0,0,0,0,0,0,0,0,67663.01068115234,129664.61810302734,192.380859375,101.26582336425781,0,335872,33210380288,8589930496,2154590208,0
200,1737287018442,2100,2011,1499,1500,2100,1902,1470,1472,1476,1419,400,1458,100,0.8403362035751343,1.6528924703598022,0.8333333730697632,0,0.8333333730697632,0,0,1.6528924703598022,0,0,0.8333333730697632,0,67664.39434814453,129665.22357177734,192.380859375,101.26582336425781,0,335872,33210380288,8589930496,2154356736,0
200,1737287018642,2099,2037,1479,1475,2100,2100,1426,400,1427,597,1374,1472,100,0,0,0,0,0,0,0,0,0,0,0,0,67665.78942871094,129665.83709716797,192.380859375,99.58505249023438,0,335872,33210380288,8589930496,2154356736,0
200,1737287018843,2099,2045,1164,985,1751,2100,1467,1392,1425,1469,1237,1195,100,0,0,4.761904716491699,4.761904716491699,0,0,0,0,0,0,0,0,67667.1654663086,129666.27227783203,192.380859375,100.84033203125,0,335872,33210380288,8589930496,2154356736,0
200,1737287019043,2100,1924,1500,1180,400,400,1401,1290,1334,1350,821,1247,100,0,0,0,0,0,0,0,0,0,0,0,0,67668.61309814453,129666.70770263672,192.380859375,100.84033203125,0,335872,33210380288,8589930496,2154356736,0
200,1737287019243,2099,1760,1433,1475,1894,1810,1500,1500,1500,1499,1500,400,100,0,0,0,5,4.761904716491699,4.761904716491699,0,0,0,4.761904716491699,0,0,67670.27056884766,129667.26208496094,192.380859375,100,0,335872,33210380288,8589930496,2154356736,0
200,1737287019443,2100,2100,1375,1423,2100,2100,1449,1424,1452,1363,1389,400,100,0,0,0,5,4.761904716491699,4.761904716491699,0,0,0,4.761904716491699,0,0,67671.92413330078,129667.84716796875,192.380859375,100.41841125488281,0,335872,33210380288,8589930496,2154356736,0
200,1737287019643,2099,1761,1500,1436,1906,1906,1499,1500,1477,1439,1393,1464,100,0,0,0,0,0,0,0,0,0,0,0,0,67673.6519165039,129668.44958496094,192.380859375,100.41841125488281,0,335872,33210380288,8589930496,2154356736,0
200,1737287019843,2100,2100,1250,1155,1911,1994,1460,1295,1374,1497,1301,1396,100,0,0,0,0,0,4.761904716491699,0,0,0,0,4.761904716491699,0,67675.1607055664,129668.94171142578,192.380859375,100,0,335872,33210380288,8589930496,2154356736,0
200,1737287020044,2100,2029,1464,1368,1917,1966,1384,1268,1272,1427,1464,1499,100,5,0,0,0,0,0,4.761904716491699,0,0,0,0,0,67676.53717041016,129669.33380126953,192.380859375,100,0,335872,33210380288,8589930496,2154356736,0
200,1737287020244,2099,2100,1375,1391,2100,2026,1499,1484,1499,1499,1378,1463,100,0,0,0,0,0,0,0,0,0,0,0,0,67677.93737792969,129669.74005126953,192.380859375,100.84033203125,0,335872,33210380288,8589930496,2154356736,0
200,1737287020444,2099,2100,1449,1474,2100,2100,1489,1478,1463,1499,1390,1461,100,0,0,0,0,0,0,0,0,0,0,0,0,67679.41998291016,129670.1860961914,192.380859375,100,0,335872,33210380288,8589930496,2154356736,0
200,1737287020644,2100,1878,1311,1448,400,1282,1465,1293,1499,1377,1113,1201,100,0,0,0,0,0,0,0,0,4.761904716491699,0,0,0,67680.75469970703,129670.55712890625,192.380859375,100,0,335872,33210380288,8589930496,2154356736,0
200,1737287020844,2099,1993,1478,1482,2100,2099,1499,1499,1500,1499,1339,1481,100,0,0,0,0,0,0,0,0,4.761904716491699,0,0,0,67682.1284790039,129670.9955444336,192.380859375,100.41841125488281,0,335872,33210380288,8589930496,2154356736,0
200,1737287021044,2100,1868,1287,1454,1829,1907,1460,1394,471,1467,1127,1256,100,0,0,0,0,0,0,0,0,4.761904716491699,0,0,0,67683.52020263672,129671.60595703125,192.380859375,50.209205627441406,0,335872,33210380288,8589930496,2154356736,0
200,1737287021245,2100,1578,916,887,400,1688,1445,400,1442,400,1078,1148,100,0,0,0,0,0,0,0,0,4.761904716491699,0,0,0,67684.91094970703,129672.21588134766,192.380859375,100.41841125488281,0,335872,33210380288,8589930496,2162356224,0
200,1737287021445,2100,2100,1464,1470,1994,2100,1500,1500,1478,1500,1438,1407,100,0,0,0,0,0,0,0,0,4.761904716491699,0,0,0,67686.29803466797,129672.82446289063,192.380859375,100,0,335872,33210380288,8589930496,2211901440,0
200,1737287021645,2099,1652,400,400,1668,1369,1318,1436,1357,1334,400,400,100,0,0,0,0,0,0,0,0,4.761904716491699,0,0,0,67687.71795654297,129673.44793701172,192.380859375,100,0,335872,33210380288,8589930496,2253189120,0
200,1737287021845,2100,2100,1440,603,1944,1999,1500,1396,1499,1474,1420,1377,100,0,0,0,0,0,0,0,0,0,4.761904716491699,0,0,67689.30096435547,129674.12805175781,192.380859375,100.41841125488281,0,335872,33210380288,8589930496,2253189120,0
200,1737287022045,2100,1966,1466,1499,1966,2100,1500,1480,1461,1484,1365,1410,100,5,0,0,0,5,5,0,0,0,0,0,0,67690.85961914063,129674.77899169922,192.380859375,100,0,335872,33210380288,8589930496,2253189120,0
200,1737287022245,2100,554,1024,400,1795,1437,1440,1432,1370,1472,1341,1365,100,0,0,0,4.761904716491699,0,0,0,0,0,0,0,0,67692.4253540039,129675.4193725586,192.380859375,105.8823471069336,0,335872,33210380288,8589930496,2149732352,0
200,1737287022446,2100,2037,650,400,1464,1370,1406,1499,1376,1499,1499,1446,100,0,0,0,0,0,0,0,4.761904716491699,0,0,0,0,67693.80395507813,129675.82635498047,192.380859375,100.41841125488281,0,335872,33210380288,8589930496,2141409280,0
200,1737287022646,2100,2100,1295,1410,1696,1758,1500,1433,1500,1500,1418,1409,100,4.761904716491699,4.761904716491699,0,0,0,4.761904716491699,0,0,0,0,0,0,67695.32434082031,129676.30126953125,192.380859375,100.41841125488281,0,335872,33210380288,8589930496,2141409280,0
200,1737287022846,2100,1870,400,400,1764,1364,1028,400,400,990,400,400,100,4.761904716491699,4.761904716491699,0,0,0,4.761904716491699,0,0,0,0,0,0,67697.01403808594,129676.88330078125,192.380859375,100,0,335872,33210380288,8589930496,2141409280,0
200,1737287023046,2100,2022,1362,1450,1898,1793,1434,1461,1415,1480,1405,1464,100,4.761904716491699,4.761904716491699,0,0,0,4.761904716491699,0,0,0,0,0,0,67698.66833496094,129677.44451904297,192.380859375,50.209205627441406,0,335872,33210380288,8589930496,2141409280,0
200,1737287023246,2099,1873,1448,1312,1647,1706,1499,1499,1446,1475,1216,1226,100,4.761904716491699,4.761904716491699,0,0,0,4.761904716491699,0,0,0,0,0,0,67700.27233886719,129677.99127197266,192.380859375,100.41841125488281,0,335872,33210380288,8589930496,2141409280,0
200,1737287023447,2100,537,1335,1232,1766,400,1356,1379,1389,1393,1472,1499,100,4.761904716491699,4.761904716491699,0,0,0,4.761904716491699,0,0,0,0,0,0,67701.66015625,129678.38745117188,192.3814697265625,100,0,335872,33210380288,8589930496,2133151744,0
200,1737287023647,2099,1939,1365,1448,1920,1939,1358,1433,1400,1437,1424,1381,100,4.761904716491699,4.761904716491699,0,0,0,4.761904716491699,0,0,0,0,0,0,67703.10485839844,129678.81427001953,192.3814697265625,100,0,335872,33210380288,8589930496,2133151744,0
200,1737287023847,2100,1906,1432,1500,2099,2026,1320,1200,1366,1499,1414,1477,100,4.761904716491699,4.761904716491699,0,0,0,4.761904716491699,0,0,0,0,0,0,67704.49005126953,129679.21014404297,192.3814697265625,50.10437774658203,0,335872,33210380288,8589930496,2133151744,0
200,1737287024047,2100,2100,1378,1449,2100,2100,1499,1478,1500,1478,1383,1347,100,4.761904716491699,4.761904716491699,0,0,0,4.761904716491699,0,0,0,0,0,0,67705.87158203125,129679.62182617188,192.3814697265625,95.7983169555664,0,335872,33210380288,8589930496,2133151744,0
200,1737287024247,2100,2100,1500,1469,1979,1906,1499,1475,1499,1499,1421,1499,100,4.761904716491699,4.761904716491699,0,0,0,4.761904716491699,0,0,0,0,0,0,67707.28869628906,129680.23608398438,192.3814697265625,100.41841125488281,0,335872,33210380288,8589930496,2133151744,0
200,1737287024447,2100,1998,1450,1346,1719,1801,1500,1499,1500,1499,1276,1307,100,4.761904716491699,4.761904716491699,0,0,0,4.761904716491699,0,0,0,0,0,0,67708.6884765625,129680.85412597656,192.3814697265625,100.41841125488281,0,335872,33210380288,8589930496,2133225472,0
200,1737287024648,2100,498,1004,1168,1629,1830,1069,1466,1463,1450,847,1108,100,4.761904716491699,4.761904716491699,0,0,0,4.761904716491699,0,0,0,0,0,0,67710.08612060547,129681.46997070313,192.3814697265625,100,0,335872,33210380288,8589930496,2133741568,0
200,1737287024848,2100,1816,1402,1447,1824,2100,1499,1382,1435,1499,1322,400,100,4.761904716491699,4.761904716491699,0,0,0,4.761904716491699,0,0,0,0,0,0,67711.46557617188,129681.94006347656,192.3814697265625,105.4393310546875,0,335872,33210380288,8589930496,2133741568,0
200,1737287025048,2100,1993,1291,1482,1889,2099,1500,1499,1453,1477,1499,1410,100,4.761904716491699,4.761904716491699,0,0,0,4.761904716491699,0,0,0,0,0,0,67712.88104248047,129682.35034179688,192.3814697265625,100.41841125488281,0,335872,33210380288,8589930496,2133741568,0
200,1737287025248,2100,1811,1499,1500,1999,2100,1407,1458,1475,1499,1415,1499,100,4.761904716491699,4.761904716491699,0,0,0,4.761904716491699,0,0,0,0,0,0,67714.49475097656,129682.88348388672,192.3814697265625,99.58505249023438,0,335872,33210380288,8589930496,2133741568,0
200,1737287025448,2100,1864,1204,1192,1948,400,1383,400,1457,1447,1406,400,100,4.761904716491699,4.761904716491699,0,0,0,4.761904716491699,0,0,0,0,0,0,67716.16857910156,129683.47930908203,192.3814697265625,100.84033203125,0,335872,33210380288,8589930496,2133741568,0
162,1737287025686,2100,1949,1476,1500,2100,1872,1447,1500,1372,1472,400,1454,100,4.761904716491699,4.761904716491699,0,0,0,4.761904716491699,0,0,0,0,0,0,67718.18157958984,129684.16418457031,192.3814697265625,96.84210205078125,0,335872,33210380288,8589930496,2133741568,0
200,1737287025849,2100,2040,1464,1357,1763,1980,1443,1251,1378,1447,1453,1313,100,4.761904716491699,4.761904716491699,0,0,0,4.761904716491699,0,0,0,0,0,0,67719.48419189453,129684.61364746094,192.3814697265625,71.57894897460938,0,335872,33210380288,8589930496,2133741568,0
200,1737287026049,2100,1838,1398,1317,1500,1812,400,1396,1258,1299,1206,1339,100,4.761904716491699,4.761904716491699,0,0,0,4.761904716491699,0,0,0,0,0,0,67720.86865234375,129685.01647949219,192.3814697265625,55.42725372314453,0,335872,33210380288,8589930496,2133712896,0
200,1737287026249,2100,2100,1381,400,2100,2100,1500,1454,1500,1499,1352,1355,100,4.761904716491699,4.761904716491699,0,0,0,4.761904716491699,0,0,0,0,0,0,67722.25061035156,129685.41180419922,192.3814697265625,100,0,335872,33210380288,8589930496,2133712896,0
200,1737287026449,2099,1989,1470,1367,1965,1912,1360,1345,1313,1359,1452,1472,100,4.761904716491699,4.761904716491699,0,0,0,4.761904716491699,0,0,0,0,0,0,67723.7015991211,129685.83911132813,192.3814697265625,100.84033203125,0,335872,33210380288,8589930496,2133712896,0
200,1737287026649,2100,494,1263,1299,1951,1827,1319,1274,1399,1239,400,400,100,4.761904716491699,4.761904716491699,0,0,0,4.761904716491699,0,0,0,0,0,0,67725.10662841797,129686.2470703125,192.3814697265625,99.58505249023438,0,335872,33210380288,8589930496,2133712896,0
200,1737287026850,2099,2100,1500,1499,1325,400,1376,824,400,400,1437,1499,100,4.761904716491699,4.761904716491699,0,0,0,4.761904716491699,0,0,0,0,0,0,67726.47888183594,129686.6343383789,192.3814697265625,100.84033203125,0,335872,33210380288,8589930496,2133712896,0
200,1737287027050,2099,1745,1387,1379,1780,1930,1358,1419,1399,1341,1408,1234,100,4.761904716491699,4.761904716491699,0,0,0,4.761904716491699,0,0,0,0,0,0,67727.84985351563,129687.13665771484,192.3814697265625,100.84033203125,0,335872,33210380288,8589930496,2133712896,0
200,1737287027250,2100,499,400,400,1657,1794,1357,1402,1355,1268,400,400,100,4.761904716491699,4.761904716491699,0,0,0,4.761904716491699,0,0,0,0,0,0,67729.24249267578,129687.74768066406,192.3814697265625,50.10437774658203,0,335872,33210380288,8589930496,2165710848,0
200,1737287027450,2100,1914,1429,1481,1832,2100,1405,1473,1465,1461,400,1437,100,4.761904716491699,4.761904716491699,0,0,0,4.761904716491699,0,0,0,0,0,0,67730.6376953125,129688.35607910156,192.3814697265625,100,0,335872,33210380288,8589930496,2215256064,0
200,1737287027650,2099,2100,400,1480,2027,788,1499,1500,1208,1500,1427,400,100,4.761904716491699,4.761904716491699,0,0,0,4.761904716491699,0,0,0,0,0,0,67732.07678222656,129688.98498535156,192.3814697265625,100,0,335872,33210380288,8589930496,2248286208,0
200,1737287027850,2099,1896,1499,1500,1872,1965,1399,1163,1431,1500,1209,1194,100,0,4.761904716491699,0,0,0,0,0,0,0,0,0,0,67733.66583251953,129689.66491699219,192.3814697265625,100,0,335872,33210380288,8589930496,2248286208,0
200,1737287028051,2100,2044,1499,400,1508,1322,1380,1412,1343,1433,1289,400,100,0,0,0,0,0,0,4.761904716491699,0,0,0,0,0,67735.23754882813,129690.32257080078,192.3814697265625,95.39749145507813,0,335872,33210380288,8589930496,2248286208,0
200,1737287028251,2099,2020,1035,1110,1030,400,400,1381,1384,1455,1166,1411,100,0,0,0,4.761904716491699,0,0,0,0,0,0,0,0,67736.77905273438,129690.94897460938,192.3814697265625,105.4393310546875,0,335872,33210380288,8589930496,2149912576,0
200,1737287028451,2100,559,400,400,1353,1684,1499,1500,1376,400,400,400,100,0,0,0,0,0,0,0,0,0,0,0,0,67738.1674194336,129691.5394897461,192.3814697265625,100.84033203125,0,335872,33210380288,8589930496,2141757440,0
200,1737287028651,2100,1814,1317,1500,1909,1977,1499,1500,1466,1499,1288,1370,100,0,0,0,0,4.761904716491699,0,0,0,0,0,0,0,67739.56811523438,129691.94409179688,192.3814697265625,100,0,335872,33210380288,8589930496,2141757440,0
199,1737287028851,2100,1483,1499,1331,1703,1558,1356,1391,1399,1396,1346,1304,100,0,0,4.761904716491699,0,0,0,0,0,0,0,4.761904716491699,0,67741.08306884766,129692.4126586914,192.3814697265625,99.58505249023438,0,335872,33210380288,8589930496,2141757440,0
200,1737287029051,2100,1901,1281,1283,1919,1969,1458,1457,1393,1500,1244,1238,100,0,0,4.761904716491699,0,0,0,0,0,0,0,4.761904716491699,0,67742.8110961914,129693.02368164063,192.3814697265625,100.41841125488281,0,335872,33210380288,8589930496,2141757440,0
200,1737287029252,2100,1988,400,400,1468,2100,1426,1453,1447,1454,400,770,100,0,0,0,0,0,0,0,0,4.761904716491699,0,0,0,67744.44885253906,129693.57153320313,192.3814697265625,100.41841125488281,0,335872,33210380288,8589930496,2141757440,0
200,1737287029452,2100,2019,1500,1500,1873,1876,1500,848,1500,1500,1500,1500,100,0,0,0,0,0,0,0,0,4.761904716491699,0,0,0,67746.11193847656,129694.15264892578,192.3814697265625,50.10437774658203,0,335872,33210380288,8589930496,2141810688,0
200,1737287029652,2099,1880,1499,1451,2099,1916,1500,1482,1485,1500,1444,400,100,0,0,0,0,0,0,0,0,4.761904716491699,0,0,0,67747.47833251953,129694.53607177734,192.3814697265625,100.84033203125,0,335872,33210380288,8589930496,2141810688,0
200,1737287029852,2100,1953,1411,1361,1773,2008,1461,1383,1479,1500,1107,1449,100,0,0,0,0,0,1.2345678806304932,0,0,0,0,0,0,67748.88977050781,129694.94561767578,192.3814697265625,100.84033203125,0,335872,33210380288,8589930496,2141810688,0
199,1737287030052,2100,1556,1342,400,2055,1500,1499,1499,784,1500,1298,400,100,4.761904716491699,0,0,4.761904716491699,0,0,0,0,0,0,0,0,67750.33764648438,129695.3706665039,192.3814697265625,100,0,335872,33210380288,8589930496,2141810688,0
200,1737287030252,2100,2035,1300,1461,1902,1724,1500,1479,1499,1477,1424,1450,100,4.761904716491699,0,0,4.761904716491699,0,0,0,0,0,0,0,0,67751.68591308594,129695.74426269531,192.3814697265625,100.84033203125,0,335872,33210380288,8589930496,2141810688,0
200,1737287030453,2100,1751,400,400,1909,758,1286,1453,1500,1406,400,400,100,4.761904716491699,0,0,4.761904716491699,0,0,0,0,0,0,0,0,67753.07971191406,129696.27801513672,192.3814697265625,50.10437774658203,0,335872,33210380288,8589930496,2134069248,0
200,1737287030653,2100,623,400,400,1805,400,1301,1318,1372,1406,986,400,100,0,0,0,0,0,0,3.278688430786133,3.278688430786133,1.6393442153930664,0,0,0,67754.46875,129696.8837890625,192.3814697265625,47.59916305541992,0,335872,33210380288,8589930496,2134069248,0
200,1737287030853,2100,1462,1342,1315,1851,1117,1368,1190,1232,1474,1500,1345,100,0,0,0,0,0,0,3.278688430786133,3.278688430786133,1.6393442153930664,0,0,0,67755.86114501953,129697.4916381836,192.3814697265625,105.4393310546875,0,335872,33210380288,8589930496,2134069248,0
200,1737287031053,2100,2000,1500,1434,2011,2100,1500,1480,1463,1475,1500,1499,100,0,0,0,0,4.761904716491699,4.761904716491699,0,0,0,4.761904716491699,0,0,67757.27227783203,129698.11456298828,192.3814697265625,94.60580444335938,0,335872,33210380288,8589930496,2141294592,0
200,1737287031253,2100,1992,1349,400,2099,2077,1453,1463,1482,1459,1369,1160,100,0,0,0,0,4.761904716491699,0,0,0,0,0,0,0,67758.65661621094,129698.51861572266,192.3814697265625,104.99999237060547,0,335872,33210380288,8589930496,2141294592,0
200,1737287031453,2099,2040,1364,1399,2003,1773,1362,1476,1390,1473,1388,1376,100,0,0,0,0,4.761904716491699,0,0,0,0,0,0,0,67760.08862304688,129698.9457397461,192.3814697265625,95,0,335872,33210380288,8589930496,2141294592,0
200,1737287031654,2099,2029,400,400,2100,400,1444,1430,1449,1425,400,873,100,0,0,0,0,0,0,0,0,0,0,4.761904716491699,0,67761.7554321289,129699.5004272461,192.3814697265625,100.41841125488281,0,335872,33210380288,8589930496,2141294592,0
200,1737287031854,2100,2100,1354,1431,2100,1958,1449,1419,1500,1500,400,1450,100,0,0,0,0,0,0,0,0,0,0,0,0,67763.4154663086,129700.08776855469,192.3814697265625,100.41841125488281,0,335872,33210380288,8589930496,2141294592,0
200,1737287032054,2100,1776,400,400,1852,1450,784,400,400,400,400,400,100,0,0,0,0,0,0,0,0,0,0,0,0,67765.09521484375,129700.66510009766,192.3814697265625,100.41841125488281,0,335872,33210380288,8589930496,2141294592,0
200,1737287032254,2100,2099,1481,1500,2002,2099,1409,1500,1416,1414,1500,1500,100,0,0,0,0,0,0,0,0,0,0,0,0,67766.67694091797,129701.20275878906,192.3814697265625,50.10437774658203,0,335872,33210380288,8589930496,2141294592,0
200,1737287032454,2100,2100,1358,1380,1956,1950,1442,1425,1443,1417,1217,1378,100,0,0,0,0,0,0,0,0,0,0,0,0,67768.12341308594,129701.65008544922,192.3814697265625,105.4393310546875,0,335872,33210380288,8589930496,2141294592,0
200,1737287032655,2100,2024,1447,1497,1776,1925,1373,1326,1314,1326,1405,1442,100,0,0,0,0,0,0,0,0,0,0,0,0,67769.50207519531,129702.04113769531,192.3814697265625,100.41841125488281,0,335872,33210380288,8589930496,2141294592,0
200,1737287032855,2100,1974,1500,400,400,1956,1423,1430,1285,1424,1218,1002,100,0,0,0,0,0,0,0,0,0,0,0,0,67770.9262084961,129702.45709228516,192.3814697265625,100.41841125488281,0,335872,33210380288,8589930496,2141294592,0
199,1737287033055,2100,2099,1455,1457,2100,2016,1500,1500,1500,1309,1466,400,100,0,0,0,0,0,0,0,0,0,0,0,0,67772.39862060547,129702.89764404297,192.3814697265625,100.41841125488281,0,335872,33210380288,8589930496,2141294592,0
200,1737287033255,2100,2009,1390,1396,1880,2100,1442,1480,1481,1483,1373,1380,100,0,0,0,0,0,0,0,0,0,0,0,0,67773.73706054688,129703.27307128906,192.3814697265625,100,0,335872,33210380288,8589930496,2141294592,0
200,1737287033455,2099,1920,1309,1456,1916,1669,1500,1466,1475,1471,1197,1452,100,0,0,0,0,0,0,0,0,0,0,0,0,67775.10034179688,129703.65533447266,192.3814697265625,100,0,335872,33210380288,8589930496,2141294592,0
200,1737287033655,2100,1816,1347,1358,1985,1900,1432,1500,1449,1475,1324,1442,100,0,0,0,0,0,0,0,0,0,0,0,0,67776.50506591797,129704.27313232422,192.3814697265625,100.84033203125,0,335872,33210380288,8589930496,2190839808,0
200,1737287033856,2100,1979,400,400,1747,2100,1220,400,1149,1087,400,400,100,0,0,0,0,0,0,0,0,0,0,0,0,67777.8978881836,129704.88079833984,192.3814697265625,100.41841125488281,0,335872,33210380288,8589930496,2248642560,0
200,1737287034056,2100,2038,1445,1459,1668,1975,1415,1421,1390,1369,1469,1391,100,0,0,0,0,0,0,0,0,0,0,0,0,67779.45343017578,129705.5512084961,192.3814697265625,100.41841125488281,0,335872,33210380288,8589930496,2256900096,0
200,1737287034256,2100,1997,400,1458,953,400,1500,1402,1500,1500,1418,1401,100,0,0,0,0,0,0,0,0,0,0,0,0,67781.03283691406,129706.21795654297,192.3814697265625,50.10437774658203,0,335872,33210380288,8589930496,2256900096,0
200,1737287034456,2100,1772,1500,1499,2100,1965,1438,1500,1499,1458,400,1480,100,0,0,0,0,0,0,0,0,0,0,0,0,67782.60906982422,129706.8607788086,192.3814697265625,100.41841125488281,0,335872,33210380288,8589930496,2215931904,0
199,1737287034656,2100,2034,1350,1375,1791,2026,1395,1239,1246,1246,1433,1355,100,0,0,0,0,0,0,0,0,0,0,0,0,67784.05126953125,129707.4868774414,192.3814697265625,99.58505249023438,0,335872,33210380288,8589930496,2119053312,0
200,1737287034856,2100,2100,1421,1431,2100,1966,1456,1479,1446,1427,1213,1161,100,0,0,0,0,0,0,0,0,0,0,0,0,67785.42919921875,129708.08972167969,192.3814697265625,99.58505249023438,0,335872,33210380288,8589930496,2119053312,0
200,1737287035056,2100,2100,1475,1466,1974,1935,1413,1430,1442,1418,1362,1500,100,0,0,0,0,0,0,0,0,0,0,0,0,67786.82135009766,129708.6435546875,192.3814697265625,50.31446838378906,0,335872,33210380288,8589930496,2119053312,0
200,1737287035257,2100,2054,400,400,696,1188,1325,1473,1436,1409,400,400,100,0,0,0,0,0,0,0,0,0,0,0,0,67788.23767089844,129709.05438232422,192.3814697265625,100.41841125488281,0,335872,33210380288,8589930496,2119053312,0
200,1737287035457,2100,1739,400,400,1891,1192,1058,1330,1091,1408,1412,400,100,0,0,0,0,0,0,0,0,0,0,0,0,67789.7544555664,129709.5307006836,192.3814697265625,100,0,335872,33210380288,8589930496,2119012352,0
200,1737287035657,2100,2100,1499,1483,2100,2100,1400,1499,1387,1235,400,1475,100,0,0,0,0,0,0,0,0,0,0,0,0,67791.47967529297,129710.14587402344,192.3814697265625,99.58505249023438,0,335872,33210380288,8589930496,2119012352,0
162,1737287035895,2100,2100,1396,1358,2100,2100,1500,1500,1499,1499,1404,732,100,0,0,0,0,0,0,0,0,0,0,0,0,67793.45080566406,129710.8051147461,192.3814697265625,102.1276626586914,0,335872,33210380288,8589930496,2119012352,0
200,1737287036057,2100,2100,400,686,1875,1612,400,1360,1454,1460,400,400,100,0,0,0,0,0,0,0,0,0,0,0,0,67794.7963256836,129711.28344726563,192.38214111328125,72.34042358398438,0,335872,33210380288,8589930496,2119012352,0
200,1737287036258,2100,1954,1407,1453,2100,1885,1308,1287,1325,1385,1472,1391,100,0,0,0,0,0,0,0,0,0,0,0,0,67796.17999267578,129711.68713378906,192.38214111328125,55.17241287231445,0,335872,33210380288,8589930496,2119012352,0
200,1737287036458,2100,639,1342,1167,1646,1897,400,400,400,771,1368,1393,100,0,0,0,0,0,0,0,0,0,0,0,0,67797.55853271484,129712.08227539063,192.38214111328125,100.84033203125,0,335872,33210380288,8589930496,2119012352,0
199,1737287036658,2100,1895,1472,1362,1908,2100,1499,1499,1500,1482,1432,1427,100,0,0,0,0,0,0,0,0,0,0,0,0,67799.03216552734,129712.52160644531,192.38214111328125,100,0,335872,33210380288,8589930496,2119012352,0
200,1737287036858,2099,2100,400,1361,1989,1905,1499,1500,1484,1480,1345,1383,100,0.8179959058761597,0.6000000238418579,0.4008015990257263,0.6012023687362671,0.6012023687362671,0.6012023687362671,0.4008015990257263,0.6012023687362671,0.6012023687362671,0.20080320537090302,0.4000000059604645,0,67800.37951660156,129712.90466308594,192.38214111328125,100,0,335872,33210380288,8589930496,2119012352,0
200,1737287037058,2100,1697,1428,1158,2099,1838,1481,1500,1450,1499,1321,1284,100,0,0,0,4.761904716491699,0,0,4.761904716491699,0,0,4.761904716491699,0,0,67801.7484741211,129713.29486083984,192.38214111328125,100,0,335872,33210380288,8589930496,2119012352,0
200,1737287037258,2100,1712,1453,1460,2076,1925,1382,1414,1360,1424,1465,1499,100,0,0,0,0,0,0,4.761904716491699,0,0,0,0,0,67803.14038085938,129713.88604736328,192.38214111328125,95.39749145507813,0,335872,33210380288,8589930496,2119012352,0
200,1737287037459,2099,1958,1499,1499,2100,1995,1500,1475,1462,1500,1459,400,100,0,0,0,0,0,0,0,0,0,0,0,0,67804.53021240234,129714.4976196289,192.38214111328125,105.4393310546875,0,335872,33210380288,8589930496,2135269376,0
200,1737287037659,2100,1749,1448,1457,1699,1926,1390,1391,1409,1447,1392,1453,100,0,0,0,0,0,0,0,0,0,0,0,0,67805.91290283203,129715.10485839844,192.38214111328125,95.39749145507813,0,335872,33210380288,8589930496,2184814592,0
200,1737287037859,2099,2100,1464,1358,400,1942,1431,1500,1483,1464,1364,1459,100,0,0,0,0,0,0,0,0,0,0,0,0,67807.3140258789,129715.72180175781,192.38214111328125,50.209205627441406,0,335872,33210380288,8589930496,2234359808,0
200,1737287038059,2100,540,1044,400,1775,400,400,400,400,1303,400,400,100,0,0,0,0,0,0,0,0,0,0,0,0,67808.69146728516,129716.1449584961,192.38214111328125,52.71966552734375,0,335872,33210380288,8589930496,2242617344,0
200,1737287038259,2100,2002,1399,1351,1958,1659,1444,1480,1431,1472,1192,1379,100,4.761904716491699,0,0,0,0,0,0,4.761904716491699,0,0,0,0,67810.12097167969,129716.57159423828,192.38214111328125,100,0,335872,33210380288,8589930496,2242617344,0
200,1737287038460,2100,1944,1255,400,400,1547,1359,1404,1373,1445,993,400,100,0,0,0,0,4.761904716491699,0,0,0,0,0,0,0,67811.69854736328,129717.08459472656,192.38214111328125,100,0,335872,33210380288,8589930496,2242617344,0
200,1737287038660,2100,608,400,1158,400,1750,1365,1277,1359,1286,400,400,100,0,0,0,0,0,0,0,0,0,0,0,0,67813.39782714844,129717.69598388672,192.38214111328125,100.84033203125,0,335872,33210380288,8589930496,2242617344,0
200,1737287038860,2100,2100,1443,400,2099,2100,1500,1439,1477,1483,1373,1465,100,0,0,0,0,0,0,0,0,0,0,0,0,67815.0341796875,129718.25311279297,192.38214111328125,100.41841125488281,0,335872,33210380288,8589930496,2242617344,0
200,1737287039060,2100,1907,1455,1456,1918,2100,1471,1499,1475,1477,400,1437,100,0,0,0,4.761904716491699,0,0,0,0,0,0,0,0,67816.69299316406,129718.82647705078,192.38214111328125,100.41841125488281,0,335872,33210380288,8589930496,2242617344,0
200,1737287039260,2100,1965,1465,1466,2100,1898,1446,1420,1473,1499,1420,1467,100,0,0,0,0,0,0,0,0,0,0,0,0,67818.25439453125,129719.33935546875,192.38214111328125,100.41841125488281,0,335872,33210380288,8589930496,2242613248,0
200,1737287039461,2100,1883,1256,1355,400,1656,1500,1483,1409,1469,1149,1499,100,0,0,4.761904716491699,0,0,5,0,0,4.761904716491699,0,0,0,67819.67413330078,129719.76843261719,192.38214111328125,100,0,335872,33210380288,8589930496,2242613248,0
200,1737287039661,2100,2100,1378,1422,2100,2056,1500,1499,1448,1499,1352,1401,100,0,0,0,0,0,4.761904716491699,0,0,4.761904716491699,0,0,0,67821.04699707031,129720.15985107422,192.38214111328125,100.84033203125,0,335872,33210380288,8589930496,2242613248,0
200,1737287039861,2099,1915,1425,400,1730,1900,1499,1500,1479,1499,1361,1315,100,0,0,0,0,0,0,0,0,0,0,0,0,67822.45764160156,129720.56939697266,192.38214111328125,100.41841125488281,0,335872,33210380288,8589930496,2242613248,0
199,1737287040061,2099,1850,1499,1417,1980,1802,1436,1499,1479,1484,1499,1398,100,0,0,0,0,0,0,0,4.761904716491699,0,0,0,0,67823.92059326172,129721.00750732422,192.38214111328125,100,0,335872,33210380288,8589930496,2242613248,0
200,1737287040261,2099,1891,1499,1499,2100,1976,1431,1500,1499,1500,1448,1500,100,0,0,0,0,0,0,0,4.761904716491699,0,0,0,0,67825.2758178711,129721.3900756836,192.38214111328125,100.41841125488281,0,335872,33210380288,8589930496,2242613248,0
200,1737287040461,2100,400,1104,1104,1657,1575,1345,1445,1499,1441,1113,1221,100,0,0,0,0,0,0,4.761904716491699,4.761904716491699,0,0,4.761904716491699,0,67826.6351928711,129721.77508544922,192.38214111328125,100,0,335872,33210380288,8589930496,2242613248,0
200,1737287040661,2100,1625,400,400,1616,1547,1448,1479,1445,1468,400,856,100,0,0,0,0,4.761904716491699,0,0,0,0,0,0,0,67828.04913330078,129722.30340576172,192.38214111328125,95,0,335872,33210380288,8589930496,2259128320,0
200,1737287040862,2100,2100,1400,1270,1869,890,1435,1300,1463,1465,1265,1316,100,0,0,0,0,4.761904716491699,0,0,0,0,0,0,0,67829.6176147461,129722.97576904297,192.38214111328125,100.41841125488281,0,335872,33210380288,8589930496,2259128320,0
200,1737287041062,2100,1902,400,400,655,1887,1470,1500,1499,1499,400,400,100,5,4.761904716491699,0,0,4.761904716491699,0,0,0,0,0,0,0,67831.1865234375,129723.63641357422,192.38214111328125,100,0,335872,33210380288,8589930496,2259128320,0
200,1737287041262,2100,1644,1449,1436,1926,1881,1419,1403,1383,1323,1277,1444,100,0,0,0,5,0,0,0,0,0,0,0,0,67832.72174072266,129724.25762939453,192.38214111328125,105.8823471069336,0,335872,33210380288,8589930496,2103046144,0
200,1737287041462,2100,2100,1480,1499,2099,2100,1436,1500,1448,1476,1348,1500,100,0,0,0,5,0,0,0,0,0,0,0,0,67834.31750488281,129724.94409179688,192.38214111328125,50.209205627441406,0,335872,33210380288,8589930496,2094874624,0
200,1737287041662,2100,2100,1474,1476,1882,1926,1466,1472,400,1477,1499,1446,100,0,0,0,5,0,0,0,0,0,0,0,0,67835.89630126953,129725.62243652344,192.38214111328125,100.84033203125,0,335872,33210380288,8589930496,2094874624,0
200,1737287041863,2100,2024,1427,1447,1592,1411,1419,1417,1459,1466,1416,1500,100,0,0,0,5,0,0,0,0,0,0,0,0,67837.45135498047,129726.27239990234,192.38214111328125,99.58505249023438,0,335872,33210380288,8589930496,2094874624,0
199,1737287042063,2100,2099,1385,1434,1956,1915,1431,1449,1440,1379,1454,1401,100,0,0,0,5,0,0,0,0,0,0,0,0,67839.01196289063,129726.92687988281,192.38214111328125,100.41841125488281,0,335872,33210380288,8589930496,2094874624,0
200,1737287042263,2099,977,631,400,968,400,1436,1459,1456,1447,400,400,100,0,0,0,5,0,0,0,0,0,0,0,0,67840.56451416016,129727.56127929688,192.38214111328125,100.41841125488281,0,335872,33210380288,8589930496,1828159488,0
200,1737287042463,2100,1696,1458,1417,1909,1920,1319,1327,1330,1297,1310,1428,100,0,0,0,5,0,0,0,0,0,0,0,0,67842.1127319336,129728.1928100586,192.38214111328125,100.41841125488281,0,335872,33210380288,8589930496,1504264192,0
3,1737287042663,851,787,833,852,851,818,852,830,852,852,859,811,100,0,0,0,5,0,0,0,0,0,0,0,0,67843.17639160156,129728.44812011719,192.38214111328125,15.000000953674316,0,335872,33210380288,8589930496,1405054976,0
